----Iteration 1----
x_MOEAD_NFTS=[3109, 3006, 3073, 3057, 3111, 3260, 2841, 2990, 2917, 3219, 3288]
y_MOEAD_NFTS=[3185, 3274, 3271, 3261, 3118, 3216, 3205, 3153, 3196, 3272, 3184]
z_MOEAD_NFTS=[3387, 3426, 3419, 3436, 3562, 3358, 3561, 3588, 3490, 3364, 3546]
----Iteration 0----
x_MOEAD_NFTS=[3279, 3133, 3117, 3134, 3263, 3064, 3127, 3265, 3279, 3143, 3278, 3324, 3285]
y_MOEAD_NFTS=[3036, 3005, 3134, 3099, 3049, 3031, 3133, 3124, 2953, 2924, 2949, 2996, 2941]
z_MOEAD_NFTS=[3288, 3389, 3400, 3359, 3353, 3412, 3352, 3336, 3444, 3506, 3463, 3316, 3345]
----Iteration 2----
x_MOEAD_NFTS=[3040, 2948, 2986, 2972, 2916, 2987, 2988, 3033, 3121, 3112, 3235, 3219]
y_MOEAD_NFTS=[3050, 3282, 3074, 3311, 3294, 3264, 3210, 3281, 3017, 3224, 2924, 2957]
z_MOEAD_NFTS=[3267, 3289, 3378, 3212, 3259, 3301, 3330, 3241, 3398, 3253, 3489, 3485]
----Iteration 3----
x_MOEAD_NFTS=[2966, 3261, 2925, 3100, 3301, 3305, 3023, 2929, 3062, 3146, 3345, 3290, 3334]
y_MOEAD_NFTS=[2868, 2912, 2824, 3075, 2905, 3038, 3087, 3066, 3047, 2835, 3040, 3115, 3009]
z_MOEAD_NFTS=[3427, 3378, 3444, 3333, 3425, 3367, 3340, 3383, 3372, 3436, 3290, 3279, 3334]
----Iteration 4----
x_MOEAD_NFTS=[3210, 3182, 2946, 3012, 3144, 3181, 2779, 2963, 2725, 3177, 3234, 2914, 2817, 2737, 2773, 2773, 3000, 3092, 3121, 3033, 3154, 3240]
y_MOEAD_NFTS=[3196, 3184, 3309, 3063, 3253, 3137, 3389, 3088, 3369, 3204, 3153, 3086, 3232, 3259, 3336, 3367, 3134, 3163, 3293, 3175, 3244, 3129]
z_MOEAD_NFTS=[3325, 3341, 3429, 3457, 3376, 3360, 3265, 3491, 3320, 3349, 3302, 3492, 3520, 3528, 3393, 3357, 3468, 3456, 3385, 3422, 3358, 3423]
----Iteration 5----
x_MOEAD_NFTS=[3319, 3190, 3182, 3248, 3343, 3282, 3337, 3221, 3157, 3202, 3292, 3325, 3335, 3366, 3115, 3115, 3198, 3365]
y_MOEAD_NFTS=[3152, 3329, 3345, 3260, 3192, 3181, 3075, 3285, 3287, 3227, 3156, 3150, 3115, 3015, 3304, 3282, 3247, 3069]
z_MOEAD_NFTS=[3370, 3480, 3534, 3460, 3363, 3391, 3367, 3499, 3566, 3501, 3456, 3499, 3528, 3381, 3578, 3614, 3503, 3472]
----Iteration 7----
x_MOEAD_NFTS=[3411, 3357, 3373, 3378, 3200, 3375, 3361, 3326, 3333, 3268, 3329, 3377, 3434, 3435]
y_MOEAD_NFTS=[3037, 3104, 3087, 3068, 3139, 3080, 3007, 3124, 3110, 3138, 3119, 3028, 3017, 2995]
z_MOEAD_NFTS=[3499, 3519, 3482, 3416, 3422, 3548, 3566, 3542, 3610, 3292, 3436, 3535, 3392, 3373]
----Iteration 6----
x_MOEAD_NFTS=[3297, 3281, 3258, 3167, 3052, 3117, 3258, 3270, 3292, 3381, 3348, 3314, 3306]
y_MOEAD_NFTS=[3150, 3087, 3269, 3287, 2992, 3264, 3238, 3160, 3101, 3109, 3118, 3098, 3231]
z_MOEAD_NFTS=[3304, 3438, 3292, 3407, 3516, 3450, 3504, 3406, 3403, 3269, 3281, 3319, 3185]
----Iteration 8----
x_MOEAD_NFTS=[3123, 3174, 3036, 3056, 3266, 3289, 2988, 3008, 3000, 3196, 3240, 3328, 3261, 2941, 3203, 3246, 3290, 3306, 2981, 2967, 3032, 3160, 3133, 3168, 3194, 3233, 3337, 3359]
y_MOEAD_NFTS=[2797, 2845, 2857, 2845, 3004, 2989, 3128, 3085, 2916, 2772, 2951, 3014, 3029, 3010, 3007, 3117, 3042, 3045, 3082, 2965, 2923, 3119, 2770, 2904, 3115, 2980, 2991, 2938]
z_MOEAD_NFTS=[3478, 3477, 3514, 3489, 3390, 3423, 3520, 3488, 3541, 3483, 3443, 3383, 3420, 3581, 3436, 3431, 3336, 3219, 3527, 3568, 3525, 3470, 3513, 3474, 3458, 3461, 3414, 3227]
----Iteration 9----
x_MOEAD_NFTS=[3052, 3073, 3170, 3041, 3079, 3121, 3162, 3114, 3083, 3144, 3204, 3257]
y_MOEAD_NFTS=[3157, 3170, 3046, 3190, 3224, 3264, 3176, 3038, 3252, 3222, 3201, 3157]
z_MOEAD_NFTS=[3536, 3523, 3507, 3538, 3502, 3475, 3471, 3562, 3488, 3517, 3452, 3392]
----End of Run----
