----Iteration 1----
x_MOEAD_NFTS=[15531, 15629, 15975, 15465, 15870, 15811, 15864, 16078, 16325, 16249, 16309, 16282, 16310]
y_MOEAD_NFTS=[14812, 14769, 15181, 14830, 15070, 15123, 15122, 15079, 15131, 15153, 15040, 15128, 15115]
z_MOEAD_NFTS=[14973, 14973, 14883, 15014, 14967, 14895, 14928, 14893, 14723, 14779, 14734, 14766, 14733]
----Iteration 0----
x_MOEAD_NFTS=[15726, 15700, 15816, 15773, 15876, 15775, 15825, 15779, 15726, 15806, 15805, 15841, 15840, 15872, 15850, 16050, 16168, 16080, 16095, 16251, 16201]
y_MOEAD_NFTS=[15104, 15169, 15040, 15092, 14963, 15106, 15035, 15055, 15117, 14985, 15027, 14980, 15012, 15025, 14939, 15188, 15152, 15159, 15101, 15011, 15105]
z_MOEAD_NFTS=[14848, 14814, 14818, 14832, 14781, 14822, 14815, 14891, 14737, 14825, 14841, 14810, 14804, 14728, 14815, 14619, 14639, 14714, 14674, 14673, 14595]
----Iteration 2----
x_MOEAD_NFTS=[15411, 15458, 15634, 15663]
y_MOEAD_NFTS=[14896, 14879, 14756, 14639]
z_MOEAD_NFTS=[15075, 15120, 15147, 15005]
----Iteration 3----
x_MOEAD_NFTS=[15534, 15033, 15032, 15090, 15527, 15466, 15471, 15300, 14947, 15289, 15289, 15341, 15439, 15383, 15469, 15587, 15488, 15534, 15478, 15613, 15618, 15600, 15638]
y_MOEAD_NFTS=[14574, 14867, 14877, 14867, 14800, 14501, 14871, 14669, 14934, 14857, 14919, 14731, 14337, 14747, 14430, 14384, 14690, 14586, 14714, 14473, 14691, 14353, 14636]
z_MOEAD_NFTS=[14651, 14863, 14892, 14844, 14602, 14744, 14675, 14950, 14854, 14984, 14678, 14850, 14910, 14686, 14772, 14751, 14626, 14633, 14613, 14705, 14543, 14719, 14564]
----Iteration 4----
x_MOEAD_NFTS=[15404, 15573, 15695, 15428, 15485, 15488, 15558, 15856, 15859, 15722, 15839, 15977, 15952]
y_MOEAD_NFTS=[14796, 15083, 15049, 14798, 14748, 14730, 15111, 15080, 15077, 14779, 14745, 14788, 14805]
z_MOEAD_NFTS=[14887, 14737, 14787, 14835, 14824, 14837, 14785, 14598, 14668, 14728, 14779, 14394, 14714]
----Iteration 6----
x_MOEAD_NFTS=[16136, 15991, 16186, 16357, 16599, 16620]
y_MOEAD_NFTS=[15120, 15140, 14910, 14955, 15085, 15039]
z_MOEAD_NFTS=[14613, 14773, 14805, 14775, 14774, 14716]
----Iteration 5----
x_MOEAD_NFTS=[14596, 14632, 14676, 14725, 15176, 14784, 14831, 14841, 15286, 14816, 14971, 14969, 15620, 15248, 15669, 15655, 15660, 15680, 15956, 15954, 15732, 16312, 16105]
y_MOEAD_NFTS=[14748, 14976, 15011, 14701, 14507, 14686, 15282, 14679, 14715, 15185, 15340, 15171, 15441, 15249, 14888, 15465, 15005, 15066, 14993, 15099, 15324, 15209, 15163]
z_MOEAD_NFTS=[14969, 14948, 14914, 14938, 14965, 14973, 14677, 14945, 14933, 14804, 14601, 14906, 14566, 14775, 14835, 14542, 14917, 14788, 14688, 14730, 14663, 14564, 14631]
----Iteration 7----
x_MOEAD_NFTS=[14976, 14871, 15170, 15083, 15136, 15104, 16137, 15149, 15062, 15541, 15536, 15645, 15842, 16091, 15977, 16130, 16151, 16209]
y_MOEAD_NFTS=[13519, 13654, 13517, 13825, 13742, 13811, 14671, 13736, 14497, 14758, 14748, 14822, 14294, 14252, 14722, 14445, 14686, 14678]
z_MOEAD_NFTS=[14995, 15007, 14963, 14958, 14985, 14949, 14872, 14990, 14889, 14509, 14512, 14507, 14923, 14936, 14591, 14920, 14674, 14763]
----Iteration 8----
x_MOEAD_NFTS=[16406, 16393, 16469, 16465, 16275, 16588, 16534, 16600]
y_MOEAD_NFTS=[15095, 15121, 15112, 15142, 14863, 14979, 14983, 14919]
z_MOEAD_NFTS=[14351, 14308, 14328, 14292, 14357, 14251, 14166, 14224]
----Iteration 9----
x_MOEAD_NFTS=[14840, 14888, 14864, 15005, 15822, 14982, 14782, 14873, 14937, 15760, 15783, 15872, 15890, 15814, 15915, 15930, 15993, 16006]
y_MOEAD_NFTS=[14648, 15009, 14603, 15100, 14827, 14541, 14685, 15080, 15116, 14898, 14896, 14929, 14967, 14844, 14816, 14910, 14895, 14834]
z_MOEAD_NFTS=[15084, 14871, 15062, 14817, 15000, 15087, 15126, 14929, 14754, 14993, 15054, 14941, 14939, 15056, 14993, 14984, 14961, 14901]
----End of Run----
