----Iteration 2----
x_MOEAD_NFTS=[9119, 9221, 8914, 9034, 9097, 9331, 9232, 9171, 9236, 8935, 9268, 8998, 8956, 9239, 9574, 9218, 9575, 9553, 9534, 9628, 9639, 9213, 9238, 9003, 8930, 8763, 9603, 9267, 9545, 9245, 9551, 9563, 9676, 9641, 9567]
y_MOEAD_NFTS=[9307, 9134, 9365, 9310, 9293, 9005, 9084, 9144, 9111, 9344, 9052, 9294, 9405, 9124, 8906, 9175, 8986, 9045, 9000, 8928, 8957, 9185, 9211, 9266, 9443, 9440, 8954, 9262, 9162, 9119, 8996, 9037, 8871, 8974, 9013]
z_MOEAD_NFTS=[8786, 9393, 8864, 8814, 8790, 9283, 9434, 9397, 9411, 8925, 9361, 8843, 8750, 9362, 9392, 9357, 9362, 9255, 9286, 9198, 9188, 9326, 9325, 9164, 8728, 8837, 9354, 9279, 9261, 9376, 9401, 9145, 9208, 9130, 9090]
----Iteration 1----
x_MOEAD_NFTS=[9356, 9371, 9614, 9316, 9402, 9651, 9947, 9974, 9985, 9559, 9559, 9450, 9713, 9794, 9983, 9940, 9944, 10035, 9475, 9797, 9554, 9860, 9680, 9813, 9730, 9988, 10010, 9943, 9979, 10023, 10073]
y_MOEAD_NFTS=[9271, 9226, 9422, 9301, 9265, 9429, 9218, 9092, 9156, 9455, 9508, 9212, 9412, 9146, 9083, 9118, 9266, 9137, 9379, 9145, 9377, 9344, 9419, 9442, 9377, 9065, 9053, 9286, 9195, 9143, 9083]
z_MOEAD_NFTS=[9662, 9662, 9487, 9677, 9655, 9456, 9555, 9591, 9456, 9556, 9344, 9704, 9501, 9708, 9562, 9587, 9547, 9478, 9630, 9719, 9578, 9647, 9467, 9420, 9506, 9593, 9644, 9543, 9554, 9464, 9465]
----Iteration 0----
x_MOEAD_NFTS=[9029, 9279, 8972, 9372, 10134, 9595, 9504, 9003, 8863, 9031, 9772, 10173, 10144, 10139, 9573, 9557, 9569, 9427, 9032, 9601, 9330, 9437, 9622, 9767, 9966, 10054, 9885, 9985, 9990, 10257, 10131, 10186]
y_MOEAD_NFTS=[9545, 9360, 9473, 9504, 8889, 8912, 9290, 9453, 9413, 9576, 9278, 8925, 9040, 8871, 8962, 9071, 9279, 9313, 9591, 8899, 9352, 9454, 9252, 9436, 8942, 8949, 9270, 9251, 9114, 8782, 9093, 8868]
z_MOEAD_NFTS=[8834, 8941, 8839, 8678, 8940, 9280, 9078, 8853, 8864, 8816, 9004, 8902, 8912, 8957, 9301, 9335, 9108, 9106, 8776, 9259, 8980, 8536, 9124, 8844, 9251, 9139, 8960, 9084, 8899, 8983, 8836, 8920]
----Iteration 3----
x_MOEAD_NFTS=[9876, 9894, 9885, 9874, 9852, 9852, 9824, 9892, 9932, 9913, 9890, 9917, 9970, 10025, 10016, 10139, 10123, 10058, 10138, 10074, 9863, 9867, 9803, 9823, 9883, 9873, 9813, 9852, 9955, 9968, 10124, 10201, 10309]
y_MOEAD_NFTS=[9610, 9625, 9370, 9569, 9519, 9622, 9662, 9629, 9461, 9757, 9474, 9603, 9689, 9685, 9526, 9564, 9551, 9574, 9606, 9548, 9386, 9495, 9551, 9603, 9624, 9724, 9738, 9710, 9593, 9386, 9415, 9240, 9357]
z_MOEAD_NFTS=[9116, 9051, 9266, 9141, 9155, 9138, 9074, 9038, 9216, 8864, 9186, 9090, 8898, 8951, 9090, 8781, 8869, 8941, 8784, 8970, 9280, 9229, 9197, 9163, 9060, 8907, 8888, 8916, 9041, 9156, 9151, 9007, 8840]
----Iteration 4----
x_MOEAD_NFTS=[9556, 9559, 9222, 9344, 9692, 9576, 9662, 9647, 10002, 9363, 9350, 9331, 9216, 9200, 9381, 9239, 9550, 9567, 9521, 9564, 9726, 9590, 9686, 9705, 9717, 9605, 9987, 9849, 9983, 10058, 10020]
y_MOEAD_NFTS=[9459, 9578, 9472, 9352, 8842, 8761, 8850, 9416, 9295, 9035, 9190, 9244, 9496, 9522, 9188, 9262, 9262, 9454, 8872, 9421, 9393, 8737, 9274, 9361, 9447, 8760, 9296, 8840, 9319, 9241, 9252]
z_MOEAD_NFTS=[8796, 8768, 9327, 9251, 9356, 9400, 9323, 8895, 9025, 9650, 9621, 9707, 9210, 9143, 9647, 9541, 9396, 8867, 9604, 9036, 8917, 9413, 9155, 8969, 8872, 9401, 8973, 9316, 9125, 9295, 9278]
----Iteration 5----
x_MOEAD_NFTS=[9939, 9989, 10025, 10017, 10091, 10054, 10234, 10063, 9982, 10001, 10014, 10074, 10206, 10182, 10175, 10288, 10317, 10288]
y_MOEAD_NFTS=[8979, 8972, 9002, 8949, 8962, 9156, 9275, 8967, 9205, 9450, 9405, 9128, 9321, 9329, 9308, 9263, 9224, 9193]
z_MOEAD_NFTS=[9242, 9173, 9167, 9179, 9123, 9144, 9048, 9129, 9140, 9036, 9047, 9101, 9001, 8970, 9096, 8951, 8906, 8998]
----Iteration 6----
x_MOEAD_NFTS=[9783, 9901, 9797, 9095, 9298, 9682, 9724, 9552, 9595, 9273, 9710, 9689, 9744, 9758, 9897, 9849, 9871, 9967, 9978]
y_MOEAD_NFTS=[9125, 8978, 9158, 9118, 9408, 9296, 9256, 9298, 9324, 9103, 9322, 9273, 9125, 9174, 8916, 9119, 9098, 8962, 8852]
z_MOEAD_NFTS=[8880, 8958, 8875, 9232, 9082, 9119, 9134, 9133, 9116, 9258, 8923, 9054, 8962, 8869, 8961, 8917, 9047, 8954, 8678]
----Iteration 7----
x_MOEAD_NFTS=[9717, 9744, 9184, 9373, 9737, 9724, 9884, 9858, 9876, 9451, 9333, 9218, 9484, 9852, 9857, 9855, 9883, 9294, 9630, 9444, 9335, 9608, 9609, 9616, 9657, 9858, 9820, 9777, 9793, 9839, 9804, 9934, 9952]
y_MOEAD_NFTS=[9455, 9348, 9638, 9662, 9427, 9433, 9317, 9385, 9365, 9246, 9582, 9628, 9502, 9333, 9417, 9337, 9354, 9710, 9242, 9559, 9624, 9496, 9610, 9576, 9632, 9291, 9546, 9324, 9566, 9394, 9608, 9310, 9448]
z_MOEAD_NFTS=[9091, 9076, 8917, 8808, 8977, 9092, 8928, 8921, 8874, 9109, 8979, 8885, 9019, 8981, 8924, 8976, 8864, 8803, 9126, 8969, 8935, 9023, 8893, 8943, 8848, 9024, 8923, 9011, 8967, 8979, 8854, 8886, 8841]
----Iteration 9----
x_MOEAD_NFTS=[9693, 9118, 9120, 9119, 9187, 9238, 9292, 9265, 9607, 9378, 9631, 9700, 9486, 9615, 9672, 9663]
y_MOEAD_NFTS=[9067, 9857, 9917, 10022, 9049, 9804, 9049, 9838, 9247, 9689, 9105, 9034, 9487, 9244, 9156, 9201]
z_MOEAD_NFTS=[8675, 9076, 8982, 9026, 9139, 8935, 9027, 8908, 8888, 8823, 9017, 9060, 8749, 8859, 8893, 8579]
----Iteration 8----
x_MOEAD_NFTS=[9753, 8983, 9856, 9995, 10040, 9769, 9890, 9998, 9179, 9175, 9323, 9590, 9512, 9645, 9712, 9671, 9757, 9933, 9790, 9912, 9189, 9157, 9172, 9237, 9238, 9422, 9669, 9527, 9499, 9491, 9485, 9527, 9669, 9686, 9750, 9779, 9905, 9818, 9880, 9799, 9932, 9981, 9959, 9992]
y_MOEAD_NFTS=[8284, 9441, 8791, 8579, 8568, 9076, 8789, 8557, 9284, 9320, 9192, 8923, 8964, 9298, 8964, 9274, 8985, 8710, 9058, 8649, 9093, 9176, 9319, 9404, 9301, 8683, 8849, 8978, 9147, 9220, 9392, 9344, 9317, 9412, 8883, 9094, 8659, 8801, 8684, 8935, 8734, 8702, 8727, 8564]
z_MOEAD_NFTS=[9078, 8971, 8898, 8635, 8667, 8778, 8849, 8704, 9252, 9195, 9282, 9230, 9205, 8813, 8898, 8809, 8798, 8865, 8704, 8878, 9376, 9292, 9270, 9046, 9181, 9386, 9279, 9166, 9306, 9263, 9131, 9145, 8785, 8681, 9058, 8621, 9029, 8865, 9017, 8846, 8793, 8853, 8801, 8784]
----End of Run----
