----Iteration 1----
duplicated=0.0,6.0,6.0,5.0,5.0,5.0,14.0,6.0,4.0,8.0
memory=152.8359375,152.8359375,152.8359375,152.8359375,154.125,154.640625,155.671875,156.9609375,157.9921875,159.0234375
time=2.4620766639709473,2.4928202629089355,2.1805357933044434,2.084149122238159,1.8775367736816406,1.9270601272583008,2.017026901245117,3.1766579151153564,3.0593032836914062,2.9234368801116943
----Iteration 0----
duplicated=0.0,5.0,4.0,6.0,11.0,5.0,14.0,4.0,3.0,9.0
memory=152.8359375,152.8359375,152.8359375,152.8359375,154.125,154.640625,155.671875,156.9609375,157.9921875,159.0234375
time=2.4083316326141357,2.5208189487457275,2.196763038635254,1.9198861122131348,2.1276493072509766,1.9729688167572021,2.0448782444000244,3.285412311553955,3.1515748500823975,3.1513900756835938
----Iteration 2----
duplicated=0.0,10.0,4.0,3.0,13.0,8.0,6.0,6.0,7.0,6.0
memory=161.0859375,161.6015625,161.6015625,161.6015625,161.859375,162.1171875,162.6328125,163.40625,164.1796875,164.6953125
time=2.6845591068267822,2.6100966930389404,2.626549243927002,2.572496175765991,2.890857696533203,2.89544677734375,3.8760786056518555,2.454190254211426,2.856024742126465,3.114788293838501
----Iteration 3----
duplicated=0.0,7.0,3.0,9.0,3.0,6.0,12.0,4.0,18.0,5.0
memory=161.6015625,161.6015625,161.6015625,161.6015625,161.859375,162.1171875,162.890625,163.40625,164.1796875,164.953125
time=2.2973341941833496,2.7366161346435547,2.467111587524414,2.729496955871582,2.5743956565856934,3.221557378768921,3.6307289600372314,2.762660264968872,3.003537178039551,3.013136386871338
----Iteration 4----
duplicated=1.0,3.0,4.0,6.0,4.0,4.0,10.0,3.0,9.0,6.0
memory=161.6015625,161.6015625,161.6015625,161.6015625,162.1171875,162.6328125,163.1484375,163.921875,164.4375,165.2109375
time=2.802018880844116,2.4793999195098877,2.7797279357910156,2.803147792816162,2.296459674835205,4.129395008087158,2.7522618770599365,2.8436052799224854,2.8927254676818848,3.230419635772705
----Iteration 6----
duplicated=0.0,5.0,4.0,2.0,5.0,4.0,8.0,7.0,17.0,3.0
memory=166.7578125,166.7578125,166.7578125,166.7578125,167.015625,167.2734375,167.7890625,168.046875,168.046875,168.5625
time=3.215144634246826,3.2206006050109863,3.3231735229492188,2.889443874359131,2.9834585189819336,3.1350815296173096,2.88704776763916,2.7363016605377197,2.7801811695098877,3.177215337753296
----Iteration 5----
duplicated=0.0,0.0,5.0,5.0,18.0,5.0,11.0,10.0,6.0,4.0
memory=166.7578125,166.7578125,166.7578125,166.7578125,167.015625,167.2734375,167.7890625,168.046875,168.3046875,168.8203125
time=2.8888885974884033,3.238755702972412,3.674023151397705,2.983738422393799,3.2382943630218506,3.123230457305908,3.221055746078491,3.2490997314453125,3.91310977935791,3.4141643047332764
----Iteration 7----
duplicated=0.0,6.0,2.0,7.0,5.0,3.0,11.0,7.0,12.0,8.0
memory=166.7578125,166.7578125,166.7578125,166.7578125,167.015625,167.53125,167.7890625,168.046875,168.5625,169.078125
time=3.1744394302368164,3.626262664794922,3.1860897541046143,3.009657382965088,3.062934160232544,3.153053045272827,3.314479351043701,3.1974966526031494,3.2493972778320312,2.903480291366577
----Iteration 8----
duplicated=0.0,10.0,0.0,3.0,3.0,4.0,6.0,12.0,6.0,9.0
memory=169.3359375,169.3359375,169.3359375,169.3359375,169.59375,169.8515625,169.8515625,170.109375,170.109375,170.625
time=1.9301388263702393,2.3690273761749268,2.315767765045166,2.6094846725463867,2.8604626655578613,2.519763469696045,2.6720352172851562,2.433534622192383,2.5590522289276123,1.877457618713379
----Iteration 9----
duplicated=0.0,2.0,5.0,9.0,10.0,9.0,7.0,8.0,13.0,7.0
memory=169.3359375,169.3359375,169.3359375,169.3359375,169.59375,169.8515625,169.8515625,170.109375,170.109375,170.8828125
time=2.073455810546875,2.5284976959228516,2.195948362350464,2.545959949493408,2.555026054382324,2.5065550804138184,2.6993250846862793,2.7025668621063232,2.465009927749634,1.382436752319336
