----Iteration 1----
2994,26392898;2896,29633226;2956,25762942;2913,29433271;2925,25923017;2932,26183008;2971,25742987;
2994,26392898;2896,29633226;2913,29433271;2878,29513252;2921,28513187;2970,26713113;2980,26543079;
2896,29633226;2913,29433271;2878,29513252;2818,29753311;2828,29443292;2821,28823305;2943,29433255;3071,28823227;3100,28203168;
3014,31243411;3094,28863328;3033,30173307;3087,29943277;3083,30283209;3102,29483266;3095,29423303;3114,29393142;3105,29323198;
3014,31243411;2849,30493413;3014,31263349;3049,30893367;3018,30423389;3122,29813451;3137,30773348;
3014,31243411;3014,31263349;3049,30893367;3122,29813451;3137,30773348;2920,31073429;2940,32173367;2906,31103427;2953,31823339;3110,30833451;3107,31893300;3200,30833235;
3014,31243411;3122,29813451;2920,31073429;2940,32173367;2906,31103427;3110,30833451;3107,31893300;2884,31233434;2961,32393305;2950,32103340;2954,31883363;3162,29593417;3109,31853387;3221,30923310;3170,31043374;3255,29483221;
3014,31243411;2906,31103427;3107,31893300;2884,31233434;3109,31853387;3221,30923310;2858,31473458;3006,32743426;3138,31293409;2865,31383461;3019,32353334;3057,32173326;3159,31083477;3190,30043440;3207,31393404;3232,30763352;3230,31003240;3273,29533230;
3109,31853387;2858,31473458;3006,32743426;3138,31293409;2865,31383461;3159,31083477;3207,31393404;3073,32713419;3057,32613436;3111,31183562;3095,32653328;3260,32163358;3225,30813441;3254,30893392;3274,31663321;
3109,31853387;3006,32743426;3073,32713419;3057,32613436;3111,31183562;3260,32163358;2841,32053561;2990,31533588;2917,31963490;3219,32723364;3288,31843546;
----Iteration 0----
2634,28112912;2664,27592869;2624,27872933;3034,27003072;
2661,28452868;2795,28912772;3087,27193117;3080,27643115;3103,27333056;3053,28153046;
2844,29353158;2905,29623110;2767,25313168;3177,28463159;
2844,29353158;2905,29623110;2835,29943143;2895,29783147;2851,29893131;2827,30093079;2957,29603075;2939,29093089;3129,28333263;3142,27683258;3202,28763230;3163,27573255;3227,28433152;
2905,29623110;2895,29783147;2957,29603075;2866,29983171;2844,30323133;2979,29923027;3092,28403327;3217,28763272;3257,29143231;3220,29113245;
2905,29623110;2895,29783147;2957,29603075;2866,29983171;2844,30323133;2979,29923027;3217,28763272;3257,29143231;3140,28513330;2882,29793173;2955,29813081;2876,30153114;2957,29903061;3223,29303247;
3140,28513330;3054,28473373;3198,28833327;3018,29013307;3126,28573328;3279,30363288;
3198,28833327;3279,30363288;3133,30053389;2869,30653067;3155,30373341;3189,29533440;3184,30403299;3307,29903285;
3279,30363288;3133,30053389;3189,29533440;3307,29903285;3117,31343400;3220,28883407;3183,30893294;3134,30993359;3224,30703258;3263,30493353;
3279,30363288;3133,30053389;3117,31343400;3134,30993359;3263,30493353;3064,30313412;3127,31333352;3265,31243336;3279,29533444;3143,29243506;3278,29493463;3324,29963316;3285,29413345;
----Iteration 2----
2841,27532812;2843,27332805;2633,28312969;2671,28072972;2902,27223019;2787,27302847;2891,26903078;2899,26913024;2907,26512960;
2656,29442999;2702,29602957;2702,29343081;2761,29343059;2868,26823119;2751,29193076;2799,28613006;2925,27913105;2875,28502996;2939,28042932;
2761,29343059;2712,28153188;2805,29623055;2698,29243184;2852,30303005;2711,29433089;2853,30153014;2976,29163168;3001,29253096;2998,29093156;
2712,28153188;2698,29243184;2976,29163168;3001,29253096;2998,29093156;2659,28043189;2854,30823153;2871,28173172;2988,27983242;2980,29523164;2969,29543083;2989,29443130;
2976,29163168;3001,29253096;2988,27983242;2980,29523164;2969,29543083;2989,29443130;2780,28113263;2880,30833232;2899,28363228;2922,30533170;3011,28023234;2930,28943214;3078,29223162;
2880,30833232;3078,29223162;2931,30533242;2888,30683296;2903,30323314;2924,30373293;2977,27993271;2927,30063319;3070,29743190;3040,30503267;
2888,30683296;2903,30323314;2924,30373293;2927,30063319;3040,30503267;2849,30903254;2845,31203214;2909,31033133;2952,27903343;2952,30853260;2987,28103292;3083,29693227;3070,30343232;
2888,30683296;2903,30323314;2924,30373293;2927,30063319;3040,30503267;2849,30903254;2845,31203214;2909,31033133;2952,30853260;2987,28103292;3083,29693227;3070,30343232;2814,28653329;2736,29573330;2924,31453116;3015,27933344;2946,30403286;3115,29743167;3090,29753190;3137,29123168;
3040,30503267;3083,29693227;3070,30343232;3115,29743167;3090,29753190;3137,29123168;3015,29103435;2948,32823289;2986,30743378;2993,30933247;2952,31873298;
3040,30503267;2948,32823289;2986,30743378;2972,33113212;2916,32943259;2987,32643301;2988,32103330;3033,32813241;3121,30173398;3112,32243253;3235,29243489;3219,29573485;
----Iteration 3----
2806,29063054;2848,28733036;2973,28083141;2941,28553118;
2806,29063054;2973,28083141;2761,29283075;2676,27083153;2879,29023055;2973,28563134;3040,26703113;3018,27793105;2990,26173153;2990,27833131;3067,27013071;
2973,28083141;2973,28563134;3040,26703113;3067,27013071;2943,29513125;2918,30303124;2730,27863245;2746,27503274;2771,27453249;3006,27673209;2919,29533139;3000,28063173;2926,29083163;3046,27803112;3019,27023128;3070,26993094;
2918,30303124;3006,27673209;2919,29533139;3000,28063173;2773,28633273;2781,28973272;2792,28773196;2890,30053136;2854,30213141;2879,30153175;2984,28243271;3000,27533219;2994,28013275;3084,30063125;3137,29323169;3166,28943113;
2918,30303124;2773,28633273;2781,28973272;2792,28773196;2854,30213141;2879,30153175;2984,28243271;2994,28013275;3084,30063125;3137,29323169;2902,30373137;2925,30153149;2750,28823334;2912,27123307;2978,28103281;2818,28483277;3106,29353158;3177,28253199;3231,28203245;3166,29273167;
2918,30303124;2854,30213141;2879,30153175;3084,30063125;3137,29323169;2902,30373137;2925,30153149;2750,28823334;3106,29353158;3166,29273167;2858,30413033;2972,28583337;3060,29563264;3035,29783185;3241,29653150;3311,29263328;
2879,30153175;2902,30373137;2858,30413033;3060,29563264;3035,29783185;3241,29653150;3311,29263328;2966,28683427;2941,30033212;2765,30623009;3067,29683214;3139,30353160;3261,29123378;3291,29533335;
3241,29653150;3311,29263328;2966,28683427;3139,30353160;3261,29123378;3291,29533335;2925,28243444;3100,30753333;3164,30133094;3301,29053425;
3311,29263328;2966,28683427;3261,29123378;2925,28243444;3100,30753333;3301,29053425;3305,30383367;
2966,28683427;3261,29123378;2925,28243444;3100,30753333;3301,29053425;3305,30383367;3023,30873340;2929,30663383;3062,30473372;3146,28353436;3345,30403290;3290,31153279;3334,30093334;
----Iteration 4----
2603,29212972;2540,29172985;2555,29732943;2581,29252968;2671,29063093;2597,29192981;2805,28732929;2744,27992973;
2694,29753179;2706,30233110;2757,29843122;2872,29413133;
2909,29913214;2949,29823249;2907,30643180;
2909,29913214;2949,29823249;2907,30643180;2747,31673124;2735,30203190;2841,30063202;2959,29653185;
2836,29543292;3025,31703267;
3094,32473348;3127,31983321;3210,31963325;3174,30703356;
3094,32473348;3127,31983321;3210,31963325;3174,30703356;3121,32323238;3182,31843341;3214,30813294;
3210,31963325;3182,31843341;3214,30813294;2733,33323263;2802,32223492;2757,33603250;2946,33093429;3012,30633457;3144,32533376;3174,31953349;3181,31373360;
3210,31963325;3182,31843341;2802,32223492;2946,33093429;3012,30633457;3144,32533376;3181,31373360;2777,32233515;2748,33153277;2779,33893265;2963,30883491;2725,33693320;3095,32683352;3062,31623449;3145,32333336;3233,31093342;3108,32793343;3177,32043349;3234,31533302;
3210,31963325;3182,31843341;2946,33093429;3012,30633457;3144,32533376;3181,31373360;2779,33893265;2963,30883491;2725,33693320;3177,32043349;3234,31533302;2914,30863492;2817,32323520;2737,32593528;2773,33363393;2773,33673357;3000,31343468;3092,31633456;3121,32933385;3033,31753422;3154,32443358;3240,31293423;
----Iteration 5----
2655,27573110;2717,26763050;2823,28253016;2849,27962920;2807,26813038;2873,27742864;2920,27502838;
2974,29633246;3022,29433230;
3037,30403283;3025,29983309;3039,30283290;3084,30193297;3200,29833285;3221,29663350;
3030,31013416;3061,31163411;3100,30563353;3222,30473394;3270,29643298;
3222,30473394;3108,31433509;3282,30273383;3205,30613421;3187,30833481;3263,30763325;3266,30333300;
3222,30473394;3108,31433509;3282,30273383;3205,30613421;3187,30833481;3069,31453455;3136,30913425;3130,31073425;3220,30893376;3294,30763328;3231,30823361;3271,31843341;3320,30683261;
3108,31433509;3187,30833481;3271,31843341;3072,32063538;3237,31873455;3319,31523370;3333,29843393;3322,31483434;3342,31273352;
3187,30833481;3072,32063538;3319,31523370;3322,31483434;3022,32173535;3190,33293480;3182,33453534;3248,32603460;3343,31923363;3282,31813391;3342,30033393;3337,30753367;3339,30103377;
3319,31523370;3190,33293480;3182,33453534;3248,32603460;3343,31923363;3282,31813391;3342,30033393;3337,30753367;3221,32853499;3157,32873566;3202,32273501;3292,31563456;3325,31503499;3335,31153528;3366,30153381;
3319,31523370;3190,33293480;3182,33453534;3248,32603460;3343,31923363;3282,31813391;3337,30753367;3221,32853499;3157,32873566;3202,32273501;3292,31563456;3325,31503499;3335,31153528;3366,30153381;3115,33043578;3115,32823614;3198,32473503;3365,30693472;
----Iteration 7----
2973,29063250;2826,30843215;2955,30283143;2960,29713255;2976,29863223;2977,29573194;
2826,30843215;2955,30283143;2960,29713255;2976,29863223;2977,29573194;3009,29993187;2846,30763209;2942,29413286;3090,29343339;
2826,30843215;2955,30283143;2960,29713255;2976,29863223;2977,29573194;3009,29993187;2846,30763209;3090,29343339;2890,30693277;2884,29283354;2943,30333344;2946,30043215;3024,29753151;3107,29333352;
2826,30843215;2948,30823359;2958,29983260;3147,29493377;3108,30393236;3124,29883414;3141,30263235;3165,29003255;3181,28883252;
2826,30843215;2948,30823359;3124,29883414;2856,30863157;3066,30553336;3161,30413401;3198,29803434;3317,29863411;3299,30393344;
2948,30823359;3124,29883414;3066,30553336;3161,30413401;3198,29803434;3299,30393344;3054,30043440;3033,31193258;3021,31223262;3050,30183404;3220,30093406;3275,29993358;3335,29563367;3269,30613292;3320,29923412;
3299,30393344;3033,31193258;3021,31223262;3269,30613292;3059,31143315;3256,31003499;3260,31103437;3273,30503459;3411,30373499;
3021,31223262;3256,31003499;3260,31103437;3411,30373499;3187,31213508;3293,31003452;3294,30983475;3317,30713473;3361,30713469;
3260,31103437;3411,30373499;3187,31213508;3357,31043519;3307,30543582;3373,30873482;3378,30683416;3200,31393422;3375,30803548;
3411,30373499;3357,31043519;3373,30873482;3378,30683416;3200,31393422;3375,30803548;3361,30073566;3326,31243542;3333,31103610;3268,31383292;3329,31193436;3377,30283535;3434,30173392;3435,29953373;
----Iteration 6----
2852,30223052;2836,29643091;2860,29603126;2914,29443046;2830,29553144;
2873,31303039;2937,30623055;2933,30973062;2996,30393155;2921,29493267;3011,29313221;3036,29243171;3065,29193244;
2921,29493267;3011,29313221;3036,29243171;3065,29193244;2964,31443147;3032,30943199;2959,28803252;3006,28193257;
2921,29493267;3011,29313221;3036,29243171;3065,29193244;2964,31443147;3032,30943199;2959,28803252;3006,28193257;3069,29033235;3108,31273153;
2924,28193318;3133,31453286;3067,30133301;3137,30543228;3150,29703196;3205,31093136;3168,30573158;
3011,31533387;3070,32183336;3196,31323351;3253,31973316;
3011,31533387;3070,32183336;3196,31323351;3253,31973316;3034,30993424;3024,31643357;3084,32323290;3003,32183391;3050,31643349;3173,30963373;3124,31683321;3201,31283363;3297,31503304;
3011,31533387;3253,31973316;3003,32183391;3201,31283363;3297,31503304;3016,32343316;3034,31203415;3130,32333352;3240,31913358;3242,31183479;3281,30873438;3258,32693292;
3253,31973316;3201,31283363;3297,31503304;3034,31203415;3240,31913358;3242,31183479;3281,30873438;3258,32693292;3103,32423412;3167,32873407;3233,30973493;3228,31273364;
3297,31503304;3281,30873438;3258,32693292;3167,32873407;3052,29923516;3117,32643450;3258,32383504;3270,31603406;3292,31013403;3381,31093269;3348,31183281;3314,30983319;3306,32313185;
----Iteration 8----
2758,25963280;2817,26843166;2773,26563262;2929,28083084;2943,27813093;
2955,27853124;2919,27863115;2923,27343468;3002,27723146;2983,27323410;2976,28693090;3107,27553170;3073,27663186;
2923,27343468;2976,28693090;3107,27553170;2919,28463460;3043,28283458;3106,27983420;3146,27173323;
2976,28693090;2919,28463460;3043,28283458;3146,27173323;2983,28303516;2957,28123522;2945,28363472;3048,28183197;3109,28143444;3135,27483350;3174,26683258;3154,27193265;
2919,28463460;2983,28303516;2957,28123522;2905,29573506;3033,27223491;2990,28213505;2950,28923416;2926,29033452;3145,27503481;3038,29453362;3123,27973478;3174,28453477;
2983,28303516;2957,28123522;2905,29573506;3145,27503481;3123,27973478;3174,28453477;3036,28573514;2859,29413541;2869,30273507;2903,30043532;2929,29463470;2984,29233474;2958,29743454;3084,29993341;3086,29773444;3056,28453489;3190,27673480;3056,30393310;3101,29903286;3233,29103426;3229,29213408;3284,29703380;
2983,28303516;2957,28123522;3145,27503481;3123,27973478;3174,28453477;3036,28573514;2869,30273507;2903,30043532;2984,29233474;2958,29743454;3086,29773444;3056,28453489;3190,27673480;3056,30393310;3233,29103426;2936,29843492;2917,29833572;2873,30073503;3024,30843361;2994,29683449;3068,28513467;3090,30233308;3191,28103435;3266,30043390;3233,30123414;3247,30183370;3289,29893423;
3123,27973478;3174,28453477;3036,28573514;2903,30043532;3056,28453489;2917,29833572;3068,28513467;3266,30043390;3289,29893423;2900,29423574;2988,31283520;3008,30853488;3000,29163541;3099,30843447;3228,30443362;3196,27723483;3240,29513443;3195,30503319;3328,30143383;3261,30293420;
3123,27973478;3174,28453477;3036,28573514;3056,28453489;3068,28513467;3266,30043390;3289,29893423;2988,31283520;3008,30853488;3000,29163541;3099,30843447;3196,27723483;3240,29513443;3328,30143383;3261,30293420;2941,30103581;3116,27533486;3203,30073436;3246,31173431;3290,30423336;3306,30453219;
3123,27973478;3174,28453477;3036,28573514;3056,28453489;3266,30043390;3289,29893423;2988,31283520;3008,30853488;3000,29163541;3196,27723483;3240,29513443;3328,30143383;3261,30293420;2941,30103581;3203,30073436;3246,31173431;3290,30423336;3306,30453219;2981,30823527;2967,29653568;3032,29233525;3160,31193470;3133,27703513;3168,29043474;3194,31153458;3233,29803461;3337,29913414;3359,29383227;
----Iteration 9----
2909,27723104;2891,27873118;2883,27823153;2905,27413308;2927,27613116;3013,27083259;3028,26233118;
2883,27823153;2905,27413308;3013,27083259;2788,27733254;2728,28853073;2904,28383138;2903,28323152;2831,28743134;3037,26733189;3058,27273183;3012,27813246;
2905,27413308;3013,27083259;2835,27893266;2824,28483281;2941,27723274;3043,29073246;2933,28843259;3097,27963226;3117,27373182;
3043,29073246;3117,27373182;2874,28973350;3105,29133226;3010,29283286;2934,28493339;3048,29183230;3053,28903264;3078,29223212;3083,29263205;3126,28343130;3110,27873202;
2874,28973350;2934,28493339;2896,29143339;2906,29003342;3134,29773223;2973,29463308;3123,30483293;
3134,29773223;3123,30483293;2864,29823378;2852,30053351;3077,30243311;3098,29723399;3012,29733356;3046,31693345;3127,30453267;
3134,29773223;3123,30483293;3098,29723399;3127,30453267;3112,29813385;2914,30103403;3102,31473377;3078,31693349;3066,30073406;3111,31053371;3122,31053230;
3122,30783478;3052,31573536;3073,31703523;3105,32073509;3151,31483456;
3052,31573536;3073,31703523;3105,32073509;3170,30463507;3041,31903538;2976,31983512;3079,32243502;3133,31943502;3121,32643475;3162,31763471;
3052,31573536;3073,31703523;3170,30463507;3041,31903538;3079,32243502;3121,32643475;3162,31763471;3114,30383562;3083,32523488;3144,32223517;3204,32013452;3257,31573392;
