----Iteration 2----
duplicated=0.0,8.0,4.0,3.0,6.0,5.0,8.0,6.0,16.0,9.0
memory=152.8359375,152.8359375,152.8359375,152.8359375,153.609375,154.3828125,155.4140625,156.9609375,157.9921875,159.0234375
time=2.62747859954834,2.4103593826293945,1.866879940032959,1.7156181335449219,1.9741644859313965,1.9725251197814941,2.0583231449127197,3.045287609100342,3.286163806915283,3.404963493347168
----Iteration 1----
duplicated=0.0,4.0,1.0,6.0,5.0,3.0,10.0,10.0,14.0,13.0
memory=152.8359375,152.8359375,152.8359375,152.8359375,153.3515625,154.3828125,155.4140625,156.9609375,157.9921875,159.0234375
time=2.315157175064087,2.4252679347991943,2.062520742416382,1.8938298225402832,1.9130470752716064,2.0034573078155518,2.070298433303833,3.0643529891967773,3.6610891819000244,3.4855706691741943
----Iteration 0----
duplicated=0.0,6.0,15.0,9.0,3.0,8.0,5.0,16.0,7.0,11.0
memory=152.8359375,152.8359375,152.8359375,152.8359375,153.8671875,154.640625,155.671875,156.9609375,157.9921875,159.0234375
time=2.2853634357452393,2.7237319946289062,2.0807645320892334,1.9230668544769287,2.0370211601257324,2.0435540676116943,2.1017749309539795,3.0210120677948,3.346467971801758,3.776369094848633
----Iteration 3----
duplicated=1.0,13.0,1.0,3.0,7.0,0.0,4.0,7.0,7.0,17.0
memory=161.6015625,161.6015625,161.6015625,161.6015625,161.859375,162.375,162.890625,163.6640625,164.1796875,164.953125
time=2.9615862369537354,2.843526840209961,2.6681222915649414,2.6654958724975586,2.2599010467529297,3.269317865371704,3.550924777984619,3.005101203918457,3.115375518798828,3.1659433841705322
----Iteration 4----
duplicated=0.0,2.0,5.0,6.0,4.0,7.0,9.0,14.0,8.0,4.0
memory=161.6015625,161.6015625,161.6015625,161.6015625,162.1171875,162.6328125,163.1484375,164.1796875,164.4375,165.2109375
time=2.4756741523742676,2.92592716217041,2.650815010070801,2.557062864303589,2.4048893451690674,4.27695631980896,2.7360198497772217,2.9394495487213135,2.8170695304870605,2.8831989765167236
----Iteration 5----
duplicated=1.0,4.0,8.0,5.0,8.0,2.0,7.0,2.0,11.0,9.0
memory=166.7578125,166.7578125,166.7578125,166.7578125,166.7578125,167.015625,167.2734375,167.7890625,168.046875,168.5625
time=2.6984410285949707,3.003709077835083,3.2479100227355957,3.0613598823547363,3.027071952819824,2.8982324600219727,2.8601317405700684,2.9853217601776123,3.098794937133789,3.5423190593719482
----Iteration 6----
duplicated=0.0,5.0,3.0,3.0,6.0,5.0,10.0,15.0,1.0,14.0
memory=166.7578125,166.7578125,166.7578125,166.7578125,166.7578125,167.2734375,167.53125,168.046875,168.3046875,168.5625
time=2.8922693729400635,2.9559521675109863,3.366502523422241,3.0402026176452637,2.9070963859558105,3.3508193492889404,3.243370294570923,3.0970582962036133,3.2434914112091064,3.389965772628784
----Iteration 7----
duplicated=0.0,6.0,2.0,9.0,6.0,6.0,11.0,10.0,8.0,13.0
memory=166.7578125,166.7578125,166.7578125,166.7578125,167.015625,167.2734375,167.7890625,168.046875,168.3046875,168.8203125
time=3.126692771911621,3.317777395248413,2.9270412921905518,2.9441730976104736,2.8979718685150146,3.0247507095336914,2.873966932296753,3.2791454792022705,3.4226059913635254,3.1871252059936523
----Iteration 9----
duplicated=0.0,6.0,4.0,0.0,2.0,4.0,5.0,10.0,11.0,5.0
memory=169.3359375,169.3359375,169.3359375,169.3359375,169.3359375,169.59375,169.8515625,169.8515625,170.109375,170.3671875
time=1.7781846523284912,2.386706829071045,2.4241483211517334,2.3578760623931885,2.774893283843994,2.528919219970703,2.5934739112854004,2.4627511501312256,2.2507851123809814,2.185443162918091
----Iteration 8----
duplicated=0.0,1.0,6.0,9.0,8.0,9.0,7.0,9.0,10.0,14.0
memory=169.3359375,169.3359375,169.3359375,169.3359375,169.3359375,169.59375,169.8515625,169.8515625,170.109375,170.625
time=1.7899665832519531,2.2016472816467285,2.622058391571045,2.29221773147583,2.637084722518921,2.5439891815185547,2.6108741760253906,2.6808483600616455,2.7310853004455566,2.189940929412842
