----Iteration 1----
duplicated=0.0,8.0,8.0,7.0,8.0,7.0,11.0,9.0,9.0,13.0
memory=152.3203125,152.8359375,152.8359375,152.8359375,153.09375,154.125,154.640625,156.4453125,156.9609375,157.9921875
time=2.0299110412597656,2.5403354167938232,2.1082661151885986,2.068481922149658,1.8503682613372803,1.944526195526123,1.9273972511291504,2.5126893520355225,3.0500597953796387,3.0250072479248047
----Iteration 0----
duplicated=1.0,11.0,7.0,4.0,17.0,18.0,11.0,24.0,22.0,10.0
memory=152.3203125,152.8359375,152.8359375,152.8359375,153.3515625,154.125,154.8984375,156.4453125,157.21875,158.25
time=1.871690034866333,2.8277692794799805,2.222442150115967,1.911841630935669,2.006730556488037,1.8895196914672852,1.8850069046020508,2.6489346027374268,3.220104217529297,3.1344921588897705
----Iteration 2----
duplicated=0.0,4.0,10.0,18.0,12.0,19.0,14.0,17.0,9.0,12.0
memory=152.8359375,152.8359375,152.8359375,152.8359375,153.609375,154.3828125,155.4140625,156.9609375,157.9921875,158.765625
time=2.0647802352905273,2.6466314792633057,2.212575674057007,2.1118340492248535,1.8911874294281006,1.9651262760162354,2.071688413619995,3.074068546295166,3.0795323848724365,2.978126049041748
----Iteration 3----
duplicated=0.0,6.0,5.0,12.0,13.0,10.0,11.0,19.0,16.0,11.0
memory=161.0859375,161.6015625,161.6015625,161.6015625,161.6015625,162.1171875,162.6328125,163.40625,164.1796875,164.6953125
time=2.1712727546691895,2.7118659019470215,2.6998913288116455,2.7627217769622803,2.4652442932128906,2.550180673599243,4.076107025146484,3.1558079719543457,3.0592610836029053,2.77514386177063
----Iteration 4----
duplicated=0.0,3.0,5.0,16.0,13.0,12.0,19.0,14.0,14.0,15.0
memory=161.0859375,161.6015625,161.6015625,161.6015625,161.859375,162.1171875,162.890625,163.40625,164.1796875,164.953125
time=2.4172897338867188,2.4494149684906006,2.6549506187438965,2.697500228881836,2.4948036670684814,3.102365732192993,3.8080127239227295,2.7984912395477295,3.035015106201172,3.002408981323242
----Iteration 5----
duplicated=1.0,3.0,5.0,11.0,10.0,15.0,8.0,12.0,18.0,25.0
memory=161.6015625,161.6015625,161.6015625,161.6015625,161.859375,162.1171875,162.890625,163.40625,164.1796875,164.953125
time=2.378190517425537,2.3989391326904297,2.6304056644439697,2.404662609100342,2.415294647216797,2.887289047241211,3.7109367847442627,2.7768876552581787,3.0406129360198975,3.0751771926879883
----Iteration 7----
duplicated=0.0,18.0,16.0,10.0,8.0,9.0,7.0,16.0,9.0,32.0
memory=166.7578125,166.7578125,166.7578125,166.7578125,167.015625,167.2734375,167.53125,168.046875,168.046875,168.5625
time=2.8025379180908203,3.3127365112304688,3.356036901473999,2.8595094680786133,2.898104667663574,2.967331886291504,3.024318218231201,3.1601152420043945,2.6674320697784424,3.424354076385498
----Iteration 6----
duplicated=0.0,5.0,5.0,7.0,14.0,8.0,23.0,20.0,14.0,17.0
memory=166.7578125,166.7578125,166.7578125,166.7578125,167.015625,167.2734375,167.53125,168.046875,168.3046875,168.5625
time=2.9165775775909424,3.3671958446502686,3.3170320987701416,3.181711196899414,3.1041717529296875,2.7057313919067383,2.9978206157684326,3.2074201107025146,3.5598032474517822,3.16679048538208
----Iteration 8----
duplicated=0.0,2.0,5.0,17.0,6.0,13.0,9.0,12.0,16.0,23.0
memory=169.078125,169.3359375,169.3359375,169.3359375,169.3359375,169.3359375,169.59375,169.8515625,169.8515625,170.109375
time=1.7590038776397705,2.0322883129119873,2.3980977535247803,2.132770538330078,2.3063805103302,2.4413371086120605,2.1603102684020996,2.463172674179077,2.4041948318481445,2.361316204071045
----Iteration 9----
duplicated=0.0,9.0,8.0,11.0,12.0,10.0,14.0,11.0,13.0,8.0
memory=169.3359375,169.3359375,169.3359375,169.3359375,169.3359375,169.59375,169.8515625,169.8515625,170.109375,170.109375
time=1.7862679958343506,2.1194448471069336,2.4236342906951904,2.057123899459839,2.541557788848877,2.322432279586792,2.747432231903076,2.530426025390625,2.343173027038574,2.1445066928863525
