----Iteration 1----
14794,1452114122;14857,1449014110;14842,1453514098;14923,1438014103;14942,1443514057;14943,1438114077;
14794,1452114122;14857,1449014110;14842,1453514098;14923,1438014103;14942,1443514057;14943,1438114077;14543,1458614035;14559,1456014032;14484,1455414145;14450,1458014054;14760,1444914158;14813,1453914087;14771,1455714110;14898,1441514101;14964,1435214126;15058,1444113980;15003,1442214015;
14914,1459114296;15174,1456714244;15269,1451714288;15308,1447014317;
15348,1465314422;15337,1467114503;15467,1463514547;
15176,1488314586;15435,1469914634;15653,1465214409;15439,1465814635;15615,1456414622;15575,1481514578;15678,1472614352;15602,1468614371;
15203,1497014622;15210,1493014652;15554,1487714665;15695,1487214710;
15413,1454114857;15657,1494414776;15700,1497114720;15756,1484314607;15746,1490914560;
15605,1470914882;15788,1496914820;15755,1498814821;15656,1492414825;15627,1500914776;15819,1499614781;15876,1495814686;15910,1492214781;
15531,1481214973;15553,1480214924;15629,1476914973;15670,1497314904;15986,1501514807;16049,1500814777;15975,1518114883;16288,1504414678;16088,1493114774;16262,1508214721;
15531,1481214973;15629,1476914973;15975,1518114883;15465,1483015014;15870,1507014967;15811,1512314895;15864,1512214928;16078,1507914893;16325,1513114723;16249,1515314779;16309,1504014734;16282,1512814766;16310,1511514733;
----Iteration 0----
13936,1448014360;14007,1435914168;14103,1429314309;14110,1429314236;14114,1427214272;14198,1428313357;14361,1420713487;14390,1410213503;14458,1376713488;14511,1376413524;
13936,1448014360;14026,1423014347;14078,1430514316;14013,1428814398;14284,1441414309;14563,1456814298;14692,1448614297;14827,1413313744;14724,1419513876;14769,1419313936;
13936,1448014360;14013,1428814398;13886,1461414468;13908,1464514440;13917,1458914376;14325,1460214357;14160,1419014430;14800,1453514281;14363,1467314339;14787,1448114349;14769,1457014329;15134,1466214262;
14363,1467314339;14187,1459114612;15160,1471014302;15163,1463014299;15085,1464914505;15119,1464614314;
14187,1459114612;15085,1464914505;14567,1484014356;14591,1489214292;15020,1463814511;14774,1471214534;14684,1471614466;14982,1463614533;15180,1476314311;15133,1467114394;15104,1460614438;15157,1477214272;15144,1464914407;15180,1469814336;
14187,1459114612;15067,1463114582;15135,1471314556;14832,1493514596;14802,1498614537;14850,1492314608;15081,1492514562;15610,1504114532;
14802,1498614537;15610,1504114532;15232,1473714706;14638,1504714295;14798,1497714647;15205,1479514689;15583,1498114606;15545,1497814618;15650,1498314591;
15650,1498314591;15303,1477614793;15590,1514214752;15587,1504314786;15865,1518114531;15790,1514814537;
15865,1518114531;15790,1514814537;15488,1479714862;15726,1510414848;15700,1516914814;15816,1504014818;15773,1509214832;15876,1496314781;16126,1501114555;15775,1510614822;16043,1502814536;16089,1492614597;16063,1492214635;16071,1491914611;
15726,1510414848;15700,1516914814;15816,1504014818;15773,1509214832;15876,1496314781;15775,1510614822;15825,1503514815;15779,1505514891;15726,1511714737;15806,1498514825;15805,1502714841;15841,1498014810;15840,1501214804;15872,1502514728;15850,1493914815;16050,1518814619;16168,1515214639;16080,1515914714;16095,1510114674;16251,1501114673;16201,1510514595;
----Iteration 2----
13995,1427513759;13953,1428913726;13985,1428513828;14212,1425014076;14440,1422814602;14501,1417914726;14634,1420014610;
14440,1422814602;14501,1417914726;14347,1436614281;14331,1435614293;14438,1424114567;14367,1428714587;14564,1416014714;14533,1423914600;14535,1414614744;14771,1418014663;14759,1421614701;14791,1409314625;
14541,1456414401;14864,1441714800;14848,1432314810;
14864,1441714800;14848,1432314810;14610,1453714639;14571,1459714651;14590,1457114598;14733,1439414860;14956,1430314790;14914,1440114554;14710,1443114641;14903,1427114805;15066,1425314634;15006,1431814672;15076,1426314600;15073,1433214587;15115,1402314550;15119,1397514472;
14864,1441714800;14848,1432314810;14571,1459714651;14733,1439414860;14956,1430314790;14710,1443114641;15066,1425314634;15006,1431814672;15076,1426314600;15073,1433214587;14768,1428314922;14857,1426314935;14564,1458014659;14561,1459714655;14716,1441714883;14644,1457614646;14677,1453814721;14992,1429514815;14986,1429914863;15115,1422814861;14999,1444414571;15126,1442714476;15008,1437714579;15117,1439214503;15085,1416214942;15169,1394714188;
14864,1441714800;14848,1432314810;14571,1459714651;14956,1430314790;14710,1443114641;15066,1425314634;15006,1431814672;15076,1426314600;15073,1433214587;14768,1428314922;14857,1426314935;14564,1458014659;14561,1459714655;14716,1441714883;14644,1457614646;14677,1453814721;14992,1429514815;14986,1429914863;14999,1444414571;15126,1442714476;15008,1437714579;15117,1439214503;14718,1432714930;14700,1442614846;14465,1457314707;14857,1411514985;14761,1440214872;14913,1450614587;15019,1425814928;14805,1442514600;15136,1425114952;15012,1441714536;15078,1443514475;15118,1445314350;15214,1421414394;
15126,1442714476;15118,1445314350;15214,1421414394;14968,1479614942;14990,1477014910;15102,1467814869;15105,1433614951;15054,1436514911;15007,1471814910;15095,1435014956;15054,1460414884;15024,1467414940;15147,1429814985;15166,1439914572;15035,1455714944;15354,1416814377;
15102,1467814869;15105,1433614951;15095,1435014956;15147,1429814985;15354,1416814377;15114,1415915058;15067,1420715031;15086,1437814978;14893,1433914985;15079,1480614966;14996,1482214951;15049,1479414983;15123,1417415057;15128,1469414804;15111,1471514776;15125,1430414915;15170,1466614700;15148,1450814824;15255,1454414750;15247,1459514608;15345,1417414441;
15102,1467814869;15079,1480614966;14996,1482214951;15128,1469414804;15170,1466614700;14979,1484814917;15070,1481014992;15079,1482214893;15100,1479814906;15117,1475314822;15379,1456615095;15366,1455715140;15298,1463814708;
15411,1489615075;15458,1487915120;15634,1475615147;15663,1463915005;
----Iteration 3----
14698,1425214391;14744,1414614262;14724,1416514318;14728,1418514317;
14698,1425214391;14744,1414614262;14724,1416514318;14728,1418514317;14421,1435814184;14670,1428314385;14715,1417114382;14835,1409414284;
14698,1425214391;14728,1418514317;14670,1428314385;14715,1417114382;14513,1438814479;14345,1449114514;14571,1441914304;14667,1448514302;14779,1428614274;14847,1435614229;14847,1437914125;14591,1429214389;14843,1427714234;14962,1424014252;14873,1416514384;14949,1427414300;
14698,1425214391;14670,1428314385;14715,1417114382;14513,1438814479;14345,1449114514;14667,1448514302;14873,1416514384;14326,1446014524;14320,1449614488;14473,1443314510;14561,1446114417;14478,1447914355;14596,1446614362;14644,1450614349;14746,1432114350;14709,1445214213;14643,1461214265;14868,1444814149;14646,1433214408;14968,1442114217;14872,1422814358;15058,1439014314;15089,1441614269;
14447,1445514696;14685,1479114481;14984,1460414565;14861,1461114603;14921,1460714571;15259,1452614491;15289,1444814509;15363,1443614500;15424,1425414347;
14685,1479114481;14984,1460414565;14921,1460714571;14787,1460314704;14550,1479214431;14671,1475214516;14911,1468614669;14717,1471014426;14901,1456614724;15230,1458214655;15373,1453714527;15546,1456814461;15506,1457914440;
15230,1458214655;15373,1453714527;15079,1480414871;15177,1467914756;15283,1440414573;15398,1432414551;15198,1460014787;15487,1459514503;15480,1461314482;15358,1447114571;15556,1463414481;15566,1459514433;
15230,1458214655;15079,1480414871;15177,1467914756;15198,1460014787;15487,1459514503;15136,1472114791;15144,1480814756;15028,1484414800;15184,1475614718;15433,1438814755;15187,1469914660;15149,1471814727;15409,1435414756;15549,1445514531;15421,1461214504;15452,1466414423;15534,1457414651;15579,1464714492;15473,1460714500;
15079,1480414871;15433,1438814755;15534,1457414651;15579,1464714492;15033,1486714863;15032,1487714892;15090,1486714844;15036,1484614854;15150,1479314791;15214,1481514789;15263,1470514937;15527,1480014602;15345,1433314775;15426,1442614769;15466,1450114744;15471,1487114675;15537,1462714563;15580,1467614488;15567,1460814555;
15534,1457414651;15033,1486714863;15032,1487714892;15090,1486714844;15527,1480014602;15466,1450114744;15471,1487114675;15300,1466914950;14947,1493414854;15289,1485714984;15289,1491914678;15341,1473114850;15439,1433714910;15383,1474714686;15469,1443014772;15587,1438414751;15488,1469014626;15534,1458614633;15478,1471414613;15613,1447314705;15618,1469114543;15600,1435314719;15638,1463614564;
----Iteration 4----
14309,1485214175;14347,1482614145;14329,1485714174;14429,1479414188;15017,1461614386;
14431,1488114261;14253,1489514101;14453,1485614310;14534,1479314267;15080,1461714286;15059,1476214461;
15059,1476214461;14486,1493014288;14669,1489214336;15062,1484514436;15238,1465514432;15085,1486414350;15181,1474014468;
15054,1494514404;15222,1486514506;15146,1493014436;15469,1480614589;15476,1471514649;
15054,1494514404;15469,1480614589;15476,1471514649;15055,1467314665;15290,1487914506;15174,1495214403;15226,1493514548;15522,1489214485;15399,1486014503;15663,1480014409;15743,1481814356;
15469,1480614589;15476,1471514649;15055,1467314665;15290,1487914506;15226,1493514548;15522,1489214485;15399,1486014503;15743,1481814356;14850,1441014723;15231,1483514530;14934,1438514690;15628,1483814489;15518,1477714557;15652,1470614553;15752,1477214397;15715,1498814484;
15469,1480614589;15476,1471514649;15290,1487914506;15226,1493514548;15522,1489214485;15399,1486014503;15231,1483514530;15628,1483814489;15518,1477714557;15652,1470614553;15715,1498814484;15233,1481114564;15188,1499214442;15372,1468414726;15391,1476214645;15699,1474114550;15676,1469714597;15813,1488914443;15773,1489114430;
15715,1498814484;15372,1468414726;15676,1469714597;15813,1488914443;15773,1489114430;15275,1471314764;15193,1504214459;15532,1500414657;15452,1495914669;15558,1485914611;15642,1486214592;15633,1488814517;15613,1462114622;15713,1496514515;15857,1477614584;15896,1479114559;
15813,1488914443;15275,1471314764;15193,1504214459;15532,1500414657;15857,1477614584;15896,1479114559;15524,1502314676;15481,1468614830;15567,1487514685;15530,1454914728;15690,1500814622;15793,1496514565;15802,1501414510;15811,1482514593;15790,1475314700;15831,1487814513;15809,1491414657;15876,1472114563;
15404,1479614887;15573,1508314737;15695,1504914787;15428,1479814835;15485,1474814824;15488,1473014837;15558,1511114785;15856,1508014598;15859,1507714668;15722,1477914728;15839,1474514779;15977,1478814394;15952,1480514714;
----Iteration 6----
14871,1381113659;14189,1399013735;14330,1406713727;14402,1372914085;14254,1395013735;14840,1391913813;14687,1368714101;14834,1437713621;14807,1441113587;14815,1432813687;14709,1361814102;14726,1357314094;14901,1417713630;14876,1416413633;14945,1420013522;14869,1417613648;14913,1424913591;
14859,1427214328;15107,1441413992;14829,1390614377;15060,1445614000;15294,1404613895;15111,1432613925;15269,1401613919;15295,1411313877;
14859,1427214328;15107,1441413992;15060,1445614000;15294,1404613895;15269,1401613919;15295,1411313877;14834,1446713567;14972,1417514461;15114,1436614061;15179,1437613922;15140,1434314073;15169,1430513987;15293,1399313924;15263,1440313864;
15060,1445614000;14834,1446713567;15341,1444614028;15641,1440414501;15661,1444014465;15727,1441214469;15678,1444514463;
16044,1473614562;16017,1475914566;
16044,1473614562;16017,1475914566;15894,1480814528;16042,1477714430;15936,1481614336;15941,1482214289;16037,1481414305;16128,1468414560;16135,1464014511;
15916,1495914587;15976,1506114532;15894,1465014604;16301,1489314543;15986,1501514460;16323,1487014580;
15643,1467514666;16040,1501914635;16057,1508114622;16203,1505514612;16213,1499314621;16285,1494714508;16399,1491614621;16421,1489314658;16421,1491314638;
16057,1508114622;16203,1505514612;16213,1499314621;16399,1491614621;16421,1489314658;16421,1491314638;15823,1498614672;16058,1505614663;15889,1494714697;16127,1491414739;16136,1512014613;16205,1501414562;16212,1500914522;16285,1505814510;16289,1493714615;16347,1494714571;16375,1492414674;
16136,1512014613;15991,1514014773;16186,1491014805;16357,1495514775;16599,1508514774;16620,1503914716;
----Iteration 5----
14319,1446214189;14207,1446714038;14355,1443314161;14371,1442814142;14617,1441014113;
14342,1471214454;14330,1478814427;14336,1471914451;14418,1469014416;14871,1447114534;14912,1448114502;14747,1448214391;14954,1478314155;15055,1456414254;15076,1457814252;
14330,1478814427;14871,1447114534;14954,1478314155;14291,1480114472;14256,1491414320;14263,1489714341;14486,1475514327;14272,1493014315;14940,1485814318;14985,1445514831;15207,1472114473;15118,1475314349;15102,1473614357;15183,1469814528;15125,1472914364;
14985,1445514831;15183,1469814528;14398,1500314508;14383,1503614527;14387,1502014508;14554,1459314624;14641,1472814554;15093,1510814445;15020,1439814817;14952,1453714664;14914,1453714741;15084,1507514468;15201,1453314551;15212,1497714408;15146,1455414546;15300,1477314503;15193,1493814435;
14985,1445514831;15093,1510814445;14952,1453714664;14914,1453714741;15084,1507514468;15300,1477314503;14267,1491014642;14630,1474714853;14824,1483914829;15060,1440514859;15063,1515814486;15056,1508514530;15061,1431914877;14981,1500114568;15270,1482014579;15221,1501214484;15103,1444014583;15276,1486314524;15289,1469114573;15294,1483714481;
15093,1510814445;14630,1474714853;14824,1483914829;15063,1515814486;15056,1508514530;14981,1500114568;15221,1501214484;14557,1468414905;14788,1486714767;14991,1528214467;14762,1470814876;14956,1529314497;15018,1510814505;15177,1458714806;14778,1484114846;15143,1437614954;14880,1476114790;15084,1511214494;15097,1515614379;15462,1489714660;15089,1514514447;15689,1492114591;15192,1448114924;15437,1491114692;15673,1496414616;15661,1496514619;15718,1496414555;15778,1491414427;
14824,1483914829;15063,1515814486;15056,1508514530;15018,1510814505;15177,1458714806;14778,1484114846;15084,1511214494;15192,1448114924;15437,1491114692;15718,1496414555;15778,1491414427;14596,1474814969;14632,1497614948;14676,1501114914;14928,1513414822;15073,1531814479;14983,1535314545;14725,1470114938;14831,1483514881;15096,1531114484;15176,1450714965;15050,1508514540;15310,1526714414;15216,1463414752;15370,1516014304;15669,1494114646;15703,1502814640;15648,1490214668;15734,1494514575;
15063,1515814486;15056,1508514530;15084,1511214494;15778,1491414427;14596,1474814969;14632,1497614948;14676,1501114914;14928,1513414822;15073,1531814479;14983,1535314545;14725,1470114938;15096,1531114484;15176,1450714965;15310,1526714414;15648,1490214668;14784,1468614973;14900,1514514889;14865,1517014826;14831,1528214677;14915,1540514542;14950,1537614542;14841,1467914945;15286,1471514933;14909,1515514843;15308,1479614878;14933,1509514863;15053,1531814540;15139,1528914475;15460,1533114334;15312,1478914913;15462,1526814328;15552,1498414725;15563,1496614779;15703,1504014667;15751,1504514585;15734,1504814601;
15778,1491414427;14596,1474814969;14632,1497614948;14676,1501114914;14928,1513414822;15073,1531814479;14983,1535314545;14725,1470114938;15096,1531114484;15176,1450714965;14784,1468614973;14900,1514514889;14865,1517014826;14831,1528214677;14915,1540514542;14950,1537614542;14841,1467914945;15286,1471514933;14909,1515514843;15308,1479614878;14933,1509514863;15053,1531814540;15312,1478914913;15552,1498414725;15563,1496614779;15703,1504014667;14816,1518514804;14971,1534014601;14905,1511714888;15508,1536014438;15430,1528814548;15417,1530614610;15358,1475414824;15469,1499014717;15542,1533214430;15669,1503514674;15569,1490014746;15636,1486614676;15758,1511614567;15756,1509714621;
14596,1474814969;14632,1497614948;14676,1501114914;14725,1470114938;15176,1450714965;14784,1468614973;14831,1528214677;14841,1467914945;15286,1471514933;14816,1518514804;14971,1534014601;14969,1517114906;15620,1544114566;15248,1524914775;15669,1488814835;15655,1546514542;15660,1500514917;15680,1506614788;15956,1499314688;15954,1509914730;15732,1532414663;16312,1520914564;16105,1516314631;
----Iteration 7----
14341,1419213841;14296,1408914017;14288,1421213851;14312,1385314027;14282,1428014086;14373,1408113871;14510,1413713764;14717,1375313986;15153,1378413427;14699,1401313939;15163,1371313450;15120,1382513400;15130,1377713480;
14288,1421213851;14282,1428014086;15153,1378413427;15163,1371313450;15130,1377713480;14519,1413914076;14526,1416014067;14484,1414014099;14544,1413114159;14705,1401013997;14816,1404813973;14826,1399014008;14984,1419613926;14945,1401713983;15121,1384213531;15123,1381913529;15157,1376113482;
14625,1430814172;14702,1434214146;14619,1440214196;15103,1431214144;15303,1357114557;15295,1424714155;15316,1426914109;15326,1428314104;
14619,1440214196;14535,1438314216;14737,1437114144;14756,1437714107;14808,1436614294;15017,1401414319;15116,1427414230;15369,1365714666;15331,1436014184;15246,1425214193;15308,1371714699;
15369,1365714666;15308,1371714699;14976,1351914995;14682,1375014671;14930,1437214589;14758,1452214332;14753,1459914319;14931,1366814917;14714,1450714362;14971,1442014540;15575,1353614647;14950,1383714543;15386,1358914685;15340,1443814145;15332,1444914256;15486,1442114499;15504,1449414131;
14976,1351914995;14930,1437214589;14758,1452214332;14753,1459914319;14931,1366814917;14714,1450714362;14971,1442014540;15340,1443814145;15332,1444914256;15486,1442114499;15504,1449414131;14868,1359614969;14949,1431414691;14761,1445414301;14765,1445814282;15069,1373614833;14963,1435214683;14937,1437314569;15390,1416914660;15004,1424614621;15508,1434414419;15408,1419014597;15525,1430714518;15632,1388914806;15834,1421314559;
14976,1351914995;14758,1452214332;14753,1459914319;14931,1366814917;15486,1442114499;15390,1416914660;15004,1424614621;15408,1419014597;15632,1388914806;15834,1421314559;14871,1365415007;15135,1362614950;14895,1365014980;15109,1381514912;14974,1445814786;15170,1351714963;15608,1384214895;15355,1419514596;15615,1393814830;15512,1399814711;15573,1446914498;15760,1419914582;15808,1439414520;15917,1450314451;15851,1451814462;15802,1441814559;
14976,1351914995;14871,1365415007;15170,1351714963;15083,1382514958;15136,1374214985;15104,1381114949;15670,1396714929;16137,1467114872;
14976,1351914995;14871,1365415007;15170,1351714963;15083,1382514958;15136,1374214985;15104,1381114949;15670,1396714929;16137,1467114872;14937,1419014913;15149,1373614990;14890,1469114482;
14976,1351914995;14871,1365415007;15170,1351714963;15083,1382514958;15136,1374214985;15104,1381114949;16137,1467114872;15149,1373614990;15062,1449714889;15541,1475814509;15536,1474814512;15645,1482214507;15842,1429414923;16091,1425214936;15977,1472214591;16130,1444514920;16151,1468614674;16209,1467814763;
----Iteration 8----
14783,1380313775;14850,1355013753;14809,1373313692;14824,1370113656;14975,1419313552;15060,1416113584;14983,1432813485;15138,1413313613;15063,1441713397;15106,1437713345;
14983,1432813485;15063,1441713397;15106,1437713345;14787,1387613795;15020,1428913449;15399,1424013761;
15399,1424013761;15242,1425013825;15357,1434913640;15516,1422413692;15338,1443113613;15409,1417013720;
15177,1427313821;15076,1414313912;15140,1430213825;15266,1446013796;15436,1444813739;15257,1425313826;15487,1441513748;15416,1448413775;15518,1447713714;15596,1447613620;15751,1446013670;
15172,1410113868;15080,1416813969;15167,1405613943;15148,1416313915;15275,1419413860;15627,1460813781;15876,1460513846;15930,1457013799;
16025,1473014013;16066,1471014044;
16008,1478313859;16158,1477314101;16191,1472014090;16174,1474814030;
15943,1483314000;16073,1480914132;16301,1479514107;16387,1474214268;16393,1473014206;
16406,1509514351;
16406,1509514351;16393,1512114308;16469,1511214328;16465,1514214292;16275,1486314357;16588,1497914251;16534,1498314166;16600,1491914224;
----Iteration 9----
13913,1419914157;14437,1418114156;14508,1410914241;14611,1417214148;
14086,1430014247;15032,1404314202;14807,1417614328;14789,1424114409;15017,1414014193;14900,1407514336;15029,1403014235;15089,1408414180;15071,1413814015;
14789,1424114409;14900,1407514336;15029,1403014235;14386,1441414316;14438,1443514315;14206,1420314452;14862,1441414250;14989,1397614371;14810,1422214374;14895,1437014320;14833,1419714420;14990,1418914249;14940,1427514299;15159,1424214233;15190,1424714217;
14569,1446114490;14786,1445914484;14812,1442414516;14747,1437614518;15042,1461514398;15392,1451614466;
14812,1442414516;14747,1437614518;15392,1451614466;14545,1444614537;14898,1434414519;15271,1430014588;15184,1463214504;15341,1455114489;15485,1467514400;
15392,1451614466;15271,1430014588;15184,1463214504;15485,1467514400;14723,1460214673;14561,1454314702;15021,1481514625;15078,1469514400;15243,1435214615;15359,1455214494;15392,1461414432;15391,1469414419;15419,1466214411;15448,1470714312;
15391,1469414419;15448,1470714312;14618,1462214922;14579,1462614945;14677,1496414879;14962,1500914787;14741,1456914968;14631,1459614967;14930,1503014723;15088,1495914807;14849,1449314845;14791,1452914853;15104,1484514579;15090,1488714662;15319,1446614717;15227,1468414636;15458,1456014662;15392,1449014678;15491,1470414415;15499,1465214465;
14677,1496414879;14962,1500914787;14930,1503014723;15088,1495914807;14752,1469815043;14677,1470614948;14870,1476714923;14840,1464815084;14821,1486614907;14995,1500214749;14888,1500914871;14954,1448715041;14864,1460315062;14937,1471314898;15115,1487114809;15122,1489814730;15089,1492714786;15376,1476314270;15131,1492614440;15754,1475714857;
14677,1496414879;15088,1495914807;14752,1469815043;14840,1464815084;14888,1500914871;14954,1448715041;14864,1460315062;15122,1489814730;15131,1492614440;15005,1510014817;14993,1449515021;15116,1494314831;15773,1487015010;15822,1482715000;15883,1488114972;
14840,1464815084;14888,1500914871;14864,1460315062;15005,1510014817;15822,1482715000;14982,1454115087;14782,1468515126;14873,1508014929;14937,1511614754;15760,1489814993;15783,1489615054;15872,1492914941;15890,1496714939;15814,1484415056;15915,1481614993;15930,1491014984;15993,1489514961;16006,1483414901;
