----Iteration 2----
8271,87478480;8260,86938565;8220,88318341;8779,86648533;9139,85288617;9134,85538700;
9139,85288617;9134,85538700;8921,88938786;8851,90148845;8852,88738813;8929,87448793;8937,86758817;8862,88658884;8975,87528736;9265,83098720;9182,85498492;9313,82338827;9239,82808739;9282,82428657;
9139,85288617;9134,85538700;8851,90148845;9265,83098720;9182,85498492;9313,82338827;9239,82808739;9282,82428657;9065,89068818;8869,89029008;9020,88648875;8907,89228905;8997,89708856;9017,89908696;9199,84098751;9099,87918683;9272,81738892;9120,84588796;9111,87458597;9217,85168595;9221,85238560;9295,82208870;
9265,83098720;9313,82338827;9239,82808739;9282,82428657;9065,89068818;9099,87918683;9272,81738892;9295,82208870;9019,90178984;8807,90908837;9044,89839063;9043,89899012;9054,90068797;9224,87888974;9094,89408739;9156,86329046;9260,81958970;9139,87528990;9266,81508990;9231,85628670;9359,82278783;
9065,89068818;9019,90178984;9044,89839063;9224,87888974;9007,89839182;9063,90009046;8947,90999223;9044,90019051;9053,88349103;9044,89089089;9008,89789091;9095,88849030;9195,87369238;9164,90448804;9196,88199076;9173,90148733;9274,86179043;9334,84739016;9449,87868836;9532,87788884;9584,87728835;
9224,87888974;9007,89839182;8947,90999223;9095,88849030;9164,90448804;9196,88199076;9173,90148733;9274,86179043;8902,90719250;8979,90749192;8949,91189182;8998,90739161;8989,91008920;9023,90848951;9223,87849259;9075,90339130;9201,89748786;9161,90638753;9159,90828820;9177,89948768;9254,85229082;9246,86359068;9210,89448715;9338,85079050;9348,85379033;9519,87588960;9610,87948919;9497,88468858;9517,88068863;
9007,89839182;8947,90999223;9196,88199076;8902,90719250;8979,90749192;8949,91189182;8998,90739161;9023,90848951;9223,87849259;9075,90339130;9519,87588960;9610,87948919;9497,88468858;9003,91398947;9174,87979328;9054,89539201;9119,93078786;9019,90959130;9162,89369122;9326,86899182;9131,92178704;9352,86209172;9205,88578959;9221,90828846;9327,86659217;9270,89048786;9527,86759112;9470,86769155;9420,88279001;9394,88598799;9435,88618739;9500,87698995;9608,88418888;9576,85858955;9622,87148842;
9610,87948919;9003,91398947;9119,93078786;9608,88418888;9576,85858955;9622,87148842;9221,91349393;8874,91559230;8941,91809124;8957,92268936;8914,93658864;9034,93108814;9097,92938790;9148,92308803;9302,88649352;9331,90059283;9178,91388855;9530,88969247;9488,90529234;9563,88689277;9492,88969345;
9119,93078786;9221,91349393;8941,91809124;8957,92268936;8914,93658864;9034,93108814;9097,92938790;9148,92308803;9331,90059283;9488,90529234;9232,90849434;9171,91449397;9096,92169088;8909,92288994;9236,91119411;8935,93448925;8908,94288720;9268,90529361;8998,92948843;8956,94058750;9239,91249362;9574,89069392;9218,91759357;9575,89869362;9136,92378749;9553,90459255;9467,90569229;9458,91109161;9333,91049231;9534,90009286;9491,90469209;9628,89289198;9639,89579188;9537,89949261;
9119,93078786;9221,91349393;8914,93658864;9034,93108814;9097,92938790;9331,90059283;9232,90849434;9171,91449397;9236,91119411;8935,93448925;9268,90529361;8998,92948843;8956,94058750;9239,91249362;9574,89069392;9218,91759357;9575,89869362;9553,90459255;9534,90009286;9628,89289198;9639,89579188;9213,91859326;9238,92119325;9003,92669164;8930,94438728;8763,94408837;9603,89549354;9267,92629279;9545,91629261;9245,91199376;9551,89969401;9563,90379145;9676,88719208;9641,89749130;9567,90139090;
----Iteration 1----
8886,88058675;8889,87838756;9039,86378753;9037,86828750;
8843,88788866;8988,88288751;9109,88278981;9194,88039114;9250,86909114;9189,88039128;
8988,88288751;9109,88278981;8785,88988873;8842,89558818;8882,89938807;8950,88788893;9381,88149092;9380,88199106;9549,87489228;9555,88109226;
9357,90269404;9081,91139144;9403,89329434;9531,90349353;9515,90909360;9410,88419378;9628,87939393;9760,88119302;9739,88489307;
9531,90349353;9515,90909360;9392,90269441;9208,91139452;9465,90489385;9875,90129398;9898,90039462;
9898,90039462;9341,91719556;9352,92089515;9406,92339502;9566,91949380;9631,91829516;9635,91119538;9673,91539334;9875,90299420;9678,91409357;9876,90459394;9901,89649504;
9898,90039462;9631,91829516;9635,91119538;9673,91539334;9875,90299420;9876,90459394;9901,89649504;9447,90159641;9356,92719662;9550,93069606;9371,92269662;9484,89999641;9596,90779579;9614,94229487;9650,90669562;9658,92699445;9654,93399328;9780,90179483;9616,91759520;9903,90779355;9714,91449450;9787,90499446;9858,90999323;
9447,90159641;9356,92719662;9550,93069606;9371,92269662;9484,89999641;9614,94229487;9658,92699445;9316,93019677;9552,94209532;9503,94329445;9642,91849603;9402,92659655;9651,94299456;9947,92189555;9680,93429385;9670,93079398;9974,90929591;9859,92639397;9985,91569456;10009,89569371;
9356,92719662;9550,93069606;9371,92269662;9614,94229487;9316,93019677;9642,91849603;9402,92659655;9651,94299456;9947,92189555;9974,90929591;9985,91569456;9559,94559556;9559,95089344;9450,92129704;9713,94129501;9794,91469708;9983,90839562;9940,91189587;9800,93329440;9944,92669547;10035,91379478;10070,89449398;
9356,92719662;9371,92269662;9614,94229487;9316,93019677;9402,92659655;9651,94299456;9947,92189555;9974,90929591;9985,91569456;9559,94559556;9559,95089344;9450,92129704;9713,94129501;9794,91469708;9983,90839562;9940,91189587;9944,92669547;10035,91379478;9475,93799630;9797,91459719;9554,93779578;9860,93449647;9680,94199467;9813,94429420;9730,93779506;9988,90659593;10010,90539644;9943,92869543;9979,91959554;10023,91439464;10073,90839465;
----Iteration 0----
9228,86848499;9153,86878584;9264,88458475;9283,89028422;
9228,86848499;9153,86878584;9264,88458475;8859,88908442;9176,86798561;9091,86448601;8935,88708471;9030,88548673;9193,86338572;9317,90918378;9275,90758439;9258,86308510;9355,90708426;9357,90518441;
9153,86878584;9030,88548673;9317,90918378;9275,90758439;9355,90708426;9357,90518441;8982,90288597;8935,90298561;9268,86548626;9201,87368574;9278,86648581;9233,90838417;9341,87458517;9313,89858445;9358,90888386;9334,89228569;9369,90138368;
9355,90708426;9357,90518441;9358,90888386;9332,91688511;9269,91858571;9315,90868541;9013,90148636;9252,92418526;9359,90288539;9224,91468613;9311,91938478;9319,88718987;9394,89978912;9395,90538370;9356,90548476;
9252,92418526;9319,88718987;9394,89978912;9250,89638992;9231,92568630;9216,93098593;9369,87709112;9444,92108659;9435,87699014;9364,87738982;9642,91728640;9624,91358700;9608,91728706;9482,88648853;9515,88178865;9640,87658853;
9319,88718987;9394,89978912;9250,89638992;9278,87079188;9321,87569152;8934,94668735;9420,87829136;9320,89128979;9437,88239089;9412,93698702;9481,87729018;9654,92378875;9828,89208879;9843,89488852;9890,88658849;
9278,87079188;9437,88239089;9654,92378875;9221,87459199;9386,88809172;9029,95458834;9436,87649164;9083,94338744;9460,93958713;9431,88319160;9460,87239051;9439,87389085;9528,88049023;9556,92868773;9965,90958939;9903,91649016;9910,91289008;9916,89778963;9975,89138901;
9278,87079188;9654,92378875;9221,87459199;9029,95458834;9083,94338744;9460,93958713;9556,92868773;9975,89138901;9279,93608941;8972,94738839;9450,88809177;9172,92658996;9507,89289119;9372,95048678;9526,87899090;9544,92948822;9576,92808790;9470,93538716;9810,92199026;9639,92288990;9852,91898998;9974,91809067;10154,89188863;10134,88898940;
9029,95458834;9083,94338744;9460,93958713;9556,92868773;9279,93608941;8972,94738839;9372,95048678;9544,92948822;9470,93538716;9810,92199026;9974,91809067;10134,88898940;9595,89129280;9622,89399214;9420,90409243;9504,92909078;9167,92929026;9003,94538853;8863,94138864;9031,95768816;9323,94258718;9493,93478817;9929,88999188;9940,92419013;9608,92858841;9772,92789004;10173,89258902;10144,90408912;10139,88718957;
9029,95458834;9279,93608941;8972,94738839;9372,95048678;10134,88898940;9595,89129280;9504,92909078;9003,94538853;8863,94138864;9031,95768816;9772,92789004;10173,89258902;10144,90408912;10139,88718957;9573,89629301;9557,90719335;9569,92799108;9427,93139106;9032,95918776;9601,88999259;9330,93528980;9437,94548536;9622,92529124;9767,94368844;9966,89429251;10054,89499139;9885,92708960;9985,92519084;9990,91148899;10257,87828983;10131,90938836;10186,88688920;
----Iteration 3----
8960,90168466;9138,90718426;8395,86958506;8979,89358484;9250,89848407;9221,90008420;9188,90268462;9357,89728428;9519,89388354;9445,89218423;9463,89528396;9538,87988275;
9103,91398483;9108,91028493;9180,91218431;9248,90428481;9562,89948520;9576,90378485;9553,90158507;
9562,89948520;9576,90378485;9553,90158507;9101,92038583;9329,91558588;9123,92318530;9567,90748448;9659,90178483;9574,90888443;9566,90008519;9686,89768540;9636,89838600;
9329,91558588;9686,89768540;9400,91168570;9124,92488665;9309,92628635;9547,90408643;9579,91448536;9545,90708577;9649,89988633;9581,90828519;9613,90868518;9719,90288491;9689,89838492;
9309,92628635;9241,92678681;9470,92428659;9466,92698597;9727,92158821;
9727,92158821;9468,93438851;9484,93178877;9494,93268828;9827,91849087;9609,93138896;9653,93608792;9863,90949016;9986,91738764;9968,91668779;
9827,91849087;9849,95099052;9822,92439106;9945,95009050;9946,93899006;9982,93848991;9991,92338842;
9945,95009050;9982,93848991;9991,92338842;9780,93889169;9809,94069126;9893,94819076;9876,96109116;9894,96259051;9864,92649150;9905,92729120;9951,94809027;9924,95369000;9942,93879067;10180,92478738;
9876,96109116;9894,96259051;9924,95369000;10180,92478738;9885,93709266;9874,95699141;9852,95199155;9852,96229138;9824,96629074;9892,96299038;9932,94619216;9913,97578864;9890,94749186;9917,96039090;9970,96898898;10048,93609112;10029,93809131;10025,96858951;10016,95269090;10139,95648781;10123,95518869;10058,95748941;10138,96068784;10074,95488970;
9876,96109116;9894,96259051;9885,93709266;9874,95699141;9852,95199155;9852,96229138;9824,96629074;9892,96299038;9932,94619216;9913,97578864;9890,94749186;9917,96039090;9970,96898898;10025,96858951;10016,95269090;10139,95648781;10123,95518869;10058,95748941;10138,96068784;10074,95488970;9863,93869280;9867,94959229;9803,95519197;9823,96039163;9883,96249060;9873,97248907;9813,97388888;9852,97108916;9955,95939041;9968,93869156;10124,94159151;10201,92409007;10309,93578840;
----Iteration 4----
8135,80988513;8425,87848082;8501,87608340;8715,86868419;8679,85798443;8706,85208448;
8250,82948666;8246,82988686;8207,82898732;8697,88908624;8717,89648453;8786,88478639;8819,88328498;8762,89258536;8879,88048424;8827,89008430;8873,88658414;8831,88438426;
8717,89648453;8699,90238631;8999,88498818;9157,89378628;9186,89438597;
8999,88498818;9157,89378628;9186,89438597;8604,89518775;8854,91258639;9122,88158679;8614,88828816;8705,90878736;8579,82918852;9202,89468575;9250,90568456;9296,90078514;9244,90368501;9133,88748671;9154,88468642;9456,89338402;9417,89178445;
9163,87268988;9165,86499002;9193,86548995;9224,86399048;9461,91628925;9520,91458911;9523,90988821;
9163,87268988;9165,86499002;9193,86548995;9224,86399048;9461,91628925;9520,91458911;9523,90988821;9017,91159116;8963,90969292;9070,90269239;9077,90759236;9262,85519145;9233,85609204;9150,86899072;9263,85389152;9354,92418877;9375,91318931;9639,92408804;
9354,92418877;9639,92408804;9134,91339362;9133,91099366;9404,89419317;9441,88629212;9642,91459106;9518,93598709;9501,89469172;9613,91869039;9845,92058862;9794,91978897;9784,91948904;9826,91768888;
9354,92418877;9639,92408804;9404,89419317;9441,88629212;9501,89469172;9845,92058862;9794,91978897;9784,91948904;9826,91768888;9164,91369435;9111,91639359;9165,91729341;9064,92759321;9302,89799444;9111,92009315;9448,90139194;9429,89339241;9562,92578674;9569,88459229;9662,92349158;9556,94598796;9640,87789345;9559,95788768;9679,87449292;9651,87549348;9723,91789113;9813,92158820;9754,91019072;9891,91668990;9768,92338857;9788,92198852;
9404,89419317;9662,92349158;9556,94598796;9559,95788768;9723,91789113;9754,91019072;9322,91679544;9222,94729327;9364,89239560;9334,89479508;9186,91849568;9344,93529251;9565,92519165;9612,93818913;9692,88429356;9494,88829339;9576,87619400;9672,91439244;9662,88509323;9647,94168895;9705,93128915;9705,93138866;9959,91659065;10002,92959025;10017,92059049;
9556,94598796;9559,95788768;9222,94729327;9344,93529251;9692,88429356;9576,87619400;9662,88509323;9647,94168895;10002,92959025;9363,90359650;9350,91909621;9331,92449707;9216,94969210;9200,95229143;9381,91889647;9239,92629541;9550,92629396;9567,94548867;9521,88729604;9564,94219036;9726,93938917;9590,87379413;9686,92749155;9705,93618969;9717,94478872;9605,87609401;9987,92968973;9849,88409316;9983,93199125;10058,92419295;10020,92529278;
----Iteration 5----
8660,89788355;8724,89388411;8674,89538403;9067,86798434;9013,86938487;9113,86648553;9168,86108525;
8660,89788355;8724,89388411;8674,89538403;8402,89088486;8657,90228362;8763,90028307;8664,89018443;8796,89598272;8681,88678435;8720,89268413;8743,89688362;8800,89558265;9331,87798741;9276,88368747;9347,88148723;
9048,90358806;9414,88608768;9480,87688740;
9092,91028812;9233,92248719;9350,88728893;9235,88948858;9253,88838875;9362,92228644;9390,88588940;9455,88668849;9682,91028729;9650,89318846;9705,89328843;
9092,91028812;9362,92228644;9390,88588940;9455,88668849;9682,91028729;9650,89318846;9705,89328843;9398,88518967;9360,88758971;8985,91958744;9366,88319004;9414,88478969;9377,91298661;9241,92838675;9170,93788714;9470,87748934;9336,89178966;9333,92338743;9483,88328924;9508,88328853;9433,90618841;9677,89848780;9602,90558759;9710,90498704;9592,90348791;9865,88978721;9856,88988714;9826,88818731;9889,88748713;
9390,88588940;9398,88518967;9360,88758971;8985,91958744;9366,88319004;9414,88478969;9241,92838675;9170,93788714;9470,87748934;9336,89178966;9333,92338743;9483,88328924;9447,87788971;9357,88738975;9362,91838733;9282,92648706;9230,93198690;9218,93228660;9432,88179019;9651,91448842;9605,91628804;9553,93068645;9708,91388858;9753,90888782;9677,91658778;9814,89388741;9790,90748681;9932,88988883;9843,90378716;9907,89218863;9959,87718841;
9398,88518967;9360,88758971;9414,88478969;9170,93788714;9336,89178966;9357,88738975;9553,93068645;9708,91388858;9753,90888782;9677,91658778;9790,90748681;9932,88988883;9843,90378716;9959,87718841;9324,92888801;9111,92438808;9277,93258792;9245,93438723;9253,93888710;9670,92388941;9329,92438767;9489,93118674;9515,93388607;9803,88329115;9802,90118945;9848,89368879;9813,90538718;9911,89328882;9889,89738852;9941,88698814;
9170,93788714;9253,93888710;9266,93618679;9547,93498602;9718,90868979;9765,91078970;9629,93468868;9818,93098961;9939,89799242;9852,93458927;9838,90708964;9921,90249106;10052,92628891;
9818,93098961;9939,89799242;9852,93458927;9989,89729173;9821,93248935;9854,93868907;9877,94158853;10025,90029167;9935,93128911;10017,89499179;10091,89629123;10054,91569144;10234,92759048;
9939,89799242;9989,89729173;10025,90029167;10017,89499179;10091,89629123;10054,91569144;10234,92759048;10063,89679129;9982,92059140;10001,94509036;10014,94059047;10074,91289101;10206,93219001;10182,93298970;10175,93089096;10288,92638951;10317,92248906;10288,91938998;
----Iteration 6----
8471,85718171;8707,83698127;8677,84348211;8632,86328032;8516,86908122;8828,85518088;9211,88217906;9204,88308018;
9204,88308018;9179,88198353;9174,90458327;9073,88478430;9117,89648334;9142,89258363;9457,88298341;
8938,90198471;8948,89768491;9194,90818448;9205,90428377;9308,89748452;9289,90218462;9351,89728523;9572,88728467;9429,90098419;9674,86968313;9703,86818403;9712,86448280;
9194,90818448;9289,90218462;9429,90098419;8929,90758481;9398,90178539;9369,90028606;9221,90568554;9412,89618645;9306,92028406;9587,89358597;9528,89258630;9515,89418538;9497,89578606;9804,89248713;9797,89048716;9851,88668687;
9306,92028406;9804,89248713;9797,89048716;9851,88668687;9482,90978626;9373,90378739;9265,91888722;9453,91218672;9372,90808705;9489,89798649;9560,88558795;9575,88848750;9651,90428599;9788,89638675;9757,89458690;9890,88358624;9813,88788703;
9306,92028406;9804,89248713;9797,89048716;9851,88668687;9373,90378739;9265,91888722;9560,88558795;9651,90428599;9788,89638675;9813,88788703;9404,87188813;9200,89828802;9334,91318732;9262,91878779;9313,91598639;9314,88998782;9371,91558676;9536,89898724;9484,91388708;9595,89448781;9763,89798759;9561,90168647;9592,90058615;9652,90008571;9778,89098749;9900,88448655;9934,88108665;
9804,89248713;9651,90428599;9788,89638675;9595,89448781;9763,89798759;9934,88108665;9221,90808828;9253,90158934;9216,90548874;9221,92288586;9589,92188817;9732,89318782;9680,90388703;9687,89998743;9878,89238912;9891,88758775;9918,88558719;9883,89058888;
9763,89798759;9253,90158934;9216,90548874;9589,92188817;9878,89238912;9891,88758775;9883,89058888;9151,90058956;9132,90238977;9290,91538850;9593,91878824;9744,89868800;9522,92368830;9598,92118680;9714,90428792;9820,89258837;9884,89688751;9939,88738725;
9589,92188817;9593,91878824;9522,92368830;9598,92118680;9939,88738725;9070,90549137;9100,90719110;9189,90909099;9223,92878553;9241,90149073;9709,91578891;9660,89728997;9610,91768909;9716,90978932;9783,91258880;9727,90268972;9901,89788958;9797,91588875;9844,90428963;
9783,91258880;9901,89788958;9797,91588875;9095,91189232;9298,94089082;9682,92969119;9724,92569134;9552,92989133;9595,93249116;9273,91039258;9710,93228923;9689,92739054;9744,91258962;9758,91748869;9897,89168961;9849,91198917;9871,90989047;9967,89628954;9978,88528678;
----Iteration 7----
8569,86928640;8745,87758498;8624,87168588;8720,87678546;8696,88038566;8884,90118493;9263,80438280;9354,81318249;
8720,87678546;8696,88038566;8610,87808709;8542,87358719;8663,88328592;9061,90238387;9037,86608590;8975,86918602;9063,84538414;9052,90468509;9086,82588413;9114,86648397;9362,82248327;9224,83658387;9225,82568388;
9412,92428902;
8947,93948730;9311,93748671;9422,92488929;9546,93658900;
9546,93658900;8930,95488772;9084,94008799;9064,96038588;9214,94998723;9589,93449030;9535,93818948;9526,94348775;9574,93748895;
9064,96038588;9214,94998723;9589,93449030;9535,93818948;9526,94348775;9199,95538807;8788,90219070;9337,94698679;9618,94178929;9889,91388834;9802,92638830;9866,90898836;9854,92098831;
9199,95538807;9889,91388834;9135,95298853;9143,95698821;9241,96618752;9466,95048857;9717,94559091;9881,93418860;9744,93489076;9864,91728891;
9889,91388834;9466,95048857;9717,94559091;9881,93418860;9744,93489076;9184,96388917;9373,96628808;9737,94278977;9589,94788916;9491,94568921;9724,94339092;9884,93178928;9858,93858921;9876,93658874;
9889,91388834;9466,95048857;9717,94559091;9744,93489076;9184,96388917;9373,96628808;9737,94278977;9589,94788916;9724,94339092;9884,93178928;9858,93858921;9876,93658874;9451,92469109;9333,95828979;9218,96288885;9536,94628969;9484,95029019;9391,95078864;9593,94569020;9852,93338981;9571,94698961;9857,94178924;9855,93378976;9901,94428799;9883,93548864;
9717,94559091;9744,93489076;9184,96388917;9373,96628808;9737,94278977;9724,94339092;9884,93178928;9858,93858921;9876,93658874;9451,92469109;9333,95828979;9218,96288885;9484,95029019;9852,93338981;9857,94178924;9855,93378976;9883,93548864;9294,97108803;9630,92429126;9444,95598969;9335,96248935;9608,94969023;9609,96108893;9616,95768943;9657,96328848;9858,92919024;9820,95468923;9777,93249011;9793,95668967;9839,93948979;9804,96088854;9934,93108886;9952,94488841;
----Iteration 9----
8869,82978400;8680,88948172;8695,88598154;8734,83228397;8875,82918345;8695,85978410;9083,89258141;9343,84787941;9314,84128012;
8869,82978400;8875,82918345;8695,85978410;9083,89258141;9343,84787941;8687,84508535;8764,84488421;8760,89698233;8684,90188214;8834,83668470;8951,89788118;8929,90628194;9012,89718168;9088,89248167;9147,89068157;9028,82418722;9129,88228236;9062,82818526;9162,88838159;9337,84358165;9292,84378119;9374,84697955;
8929,90628194;9028,82418722;9337,84358165;9292,84378119;8901,86368645;8717,86898582;8829,86478722;9117,90458309;8653,87668688;8910,85538695;8920,85678691;8972,86348688;9209,89618310;9096,84138670;8969,87668469;9187,90358290;9247,89928270;9220,89708297;9165,85688641;9230,89348272;9180,84958540;9274,87478413;9438,84788077;
8901,86368645;8829,86478722;8910,85538695;8920,85678691;8972,86348688;9165,85688641;9438,84788077;8880,85938712;8663,87738774;8658,86778775;8835,86308832;8706,87898696;9235,93058445;8902,85609017;9187,92588449;9203,92018527;9140,84508745;9089,84638699;9171,92748618;9083,84658730;9087,85138716;9341,91458519;9228,86818620;9352,89148459;9429,87728323;
9235,93058445;8902,85609017;9187,92588449;9203,92018527;9171,92748618;9341,91458519;9352,89148459;9429,87728323;8779,88858880;9103,93328636;9105,93648632;8962,96908693;8898,87058959;8792,87958711;9076,96438671;9082,96318607;8958,85219056;9159,92688635;9232,87178870;9157,92758565;9510,86278518;9302,92158366;9374,88628446;9438,85828653;9454,86298480;
9235,93058445;8902,85609017;9171,92748618;9341,91458519;9352,89148459;9429,87728323;9103,93328636;9105,93648632;8898,87058959;8958,85219056;9159,92688635;9157,92758565;9302,92158366;9374,88628446;8827,88688903;8873,89238892;9062,96698721;9041,98228819;8863,86279003;8777,95188827;8971,92508843;9094,96918703;9277,87178942;9234,87318803;9517,87708768;9208,92038542;9265,92698472;9203,93208427;9378,91558428;9273,91808499;9129,92998480;9550,87198623;9608,86958558;
9171,92748618;9103,93328636;9105,93648632;8958,85219056;9159,92688635;9157,92758565;9094,96918703;9277,87178942;9517,87708768;9265,92698472;9150,86859026;9027,97388919;9082,98558871;9050,98838911;8994,97718967;9091,87658897;9250,92028734;9203,93818435;9441,87538816;9309,91548626;9301,92488500;9243,93488554;9450,87518881;9420,92268528;9470,87298785;9393,89918539;9338,89928555;9272,91188671;9636,87588689;9455,89598584;9642,87148815;9457,89518662;
8958,85219056;9094,96918703;9277,87178942;9517,87708768;9082,98558871;9050,98838911;8994,97718967;9250,92028734;9441,87538816;9450,87518881;9642,87148815;9027,97398972;9007,98808965;9030,97228937;9203,89409053;9376,87228928;9095,96768908;9158,94758499;9545,90358576;9458,94688674;9533,90508602;9652,87988723;9500,89128715;9677,87488788;
8958,85219056;9277,87178942;9517,87708768;9082,98558871;9250,92028734;9441,87538816;9450,87518881;9642,87148815;9203,89409053;9376,87228928;9458,94688674;9652,87988723;9500,89128715;9677,87488788;8993,97328991;9067,98798961;9040,98968985;9055,99158975;8913,96469014;9110,98418968;9120,96348854;9293,86978980;9147,96378721;9407,87908875;9205,96248784;9535,86198891;9340,90568801;9378,95578638;9365,95318651;9603,87988743;9521,86258865;9693,90678675;
9693,90678675;9118,98579076;9120,99178982;9119,100229026;9187,90499139;9238,98048935;9292,90499027;9265,98388908;9607,92478888;9378,96898823;9631,91059017;9700,90349060;9486,94878749;9615,92448859;9672,91568893;9663,92018579;
----Iteration 8----
8869,85538747;8942,84948690;8496,86948650;9266,81168481;9175,80658623;9102,84688790;9304,80098712;9088,84168897;9286,80648662;9139,81278461;
9102,84688790;9088,84168897;8588,87748689;8651,87358745;8317,87988435;8988,86398958;9244,84438761;9292,83868753;9331,87928664;9383,87138718;9253,83508826;9354,87088724;9399,85998747;
9331,87928664;9383,87138718;9253,83508826;8966,86789179;8702,88858681;8727,88698662;8823,88508992;8875,88449053;9077,86629188;9100,87249145;9198,87818668;9289,88268644;9131,86669181;9108,87159112;9173,85809144;9163,85988934;9180,83928852;9296,87558694;9538,87088818;
9331,87928664;9383,87138718;9253,83508826;9100,87249145;9289,88268644;9131,86669181;9108,87159112;9296,87558694;9538,87088818;9041,87729343;9186,88808623;8910,90578791;9070,87349261;9092,88589234;9014,90248843;9158,87918702;9168,88788670;9286,88358700;9215,86519195;9408,87798659;9234,86219170;9365,88048609;9434,87098692;9544,86978788;9613,86318806;
9331,87928664;9383,87138718;9289,88268644;9296,87558694;9538,87088818;9041,87729343;9092,88589234;9014,90248843;9158,87918702;9286,88358700;9215,86519195;9408,87798659;9234,86219170;9365,88048609;9434,87098692;9544,86978788;9613,86318806;9111,88359306;9153,88129265;8989,89129170;8981,91158831;8987,90238855;8942,91168877;9022,88839203;9151,87719275;9267,84279110;9328,83969088;9455,83109080;9333,86139048;9350,87988638;9281,88898698;9660,83228856;9578,85838815;9576,83708903;9611,86498747;
9538,87088818;9041,87729343;9092,88589234;9215,86519195;9234,86219170;9544,86978788;9613,86318806;9111,88359306;8989,89129170;9022,88839203;9328,83969088;9455,83109080;9333,86139048;9660,83228856;9578,85838815;9576,83708903;9611,86498747;8884,89409241;8943,91059190;8976,91018920;8864,89949265;9086,93128900;9188,88229297;9129,88619216;9100,90608905;9043,88709096;9276,85099192;9086,92678916;9320,84119089;9271,86449060;9657,89668713;9431,83459127;9453,83199084;9777,83228854;9483,87228718;9753,82849078;9837,86848650;10007,85688636;
9041,87729343;9092,88589234;9215,86519195;9234,86219170;9328,83969088;9455,83109080;9333,86139048;9576,83708903;8943,91059190;8864,89949265;9188,88229297;9129,88619216;9276,85099192;9320,84119089;9271,86449060;9657,89668713;9431,83459127;9453,83199084;9753,82849078;9128,88539309;9056,89469252;8983,91269152;9108,93588969;8983,94418971;9174,87559303;9106,93858911;9089,88919190;9163,92948903;9176,93258844;9307,83969164;9110,87399354;9150,90248983;9438,83329078;9400,84259054;9641,89758678;9597,89978566;9430,88968746;9668,89098705;9577,90528580;9562,90548571;9723,88928736;9702,82989016;9856,87918898;9790,88168701;9995,85798635;10040,85688667;
9041,87729343;9455,83109080;9333,86139048;9576,83708903;8864,89949265;9188,88229297;9276,85099192;9271,86449060;9431,83459127;9453,83199084;9753,82849078;9128,88539309;9056,89469252;8983,94418971;9174,87559303;9106,93858911;9307,83969164;9110,87399354;9438,83329078;9702,82989016;9856,87918898;9790,88168701;9995,85798635;10040,85688667;9060,89179320;9017,91769126;9080,91279211;9280,93649021;9096,93998950;9206,88389253;9224,89289244;9255,83879218;9290,92028704;9423,84589148;9352,85659094;9247,87819258;9456,83349073;9769,90768778;9890,87898849;9998,85578704;9912,85898689;
9188,88229297;9753,82849078;8983,94418971;9106,93858911;9110,87399354;9702,82989016;9856,87918898;9995,85798635;10040,85688667;9280,93649021;9096,93998950;9769,90768778;9890,87898849;9998,85578704;9140,89689345;9175,90459344;9179,92849252;9168,92979218;9175,93209195;9323,91929282;9393,86619329;9277,86829285;9406,92838910;9590,89239230;9523,89589131;9512,89649205;9645,92988813;9645,87439258;9712,89648898;9671,92748809;9757,89858798;9933,87108865;9790,90588704;9912,86498878;
9753,82849078;8983,94418971;9856,87918898;9995,85798635;10040,85688667;9769,90768778;9890,87898849;9998,85578704;9179,92849252;9175,93209195;9323,91929282;9590,89239230;9512,89649205;9645,92988813;9712,89648898;9671,92748809;9757,89858798;9933,87108865;9790,90588704;9912,86498878;9189,90939376;9157,91769292;9172,93199270;9237,94049046;9238,93019181;9422,86839386;9669,88499279;9527,89789166;9499,91479306;9491,92209263;9485,93929131;9527,93449145;9669,93178785;9686,94128681;9750,88839058;9779,90948621;9905,86599029;9818,88018865;9880,86849017;9799,89358846;9932,87348793;9981,87028853;9959,87278801;9992,85648784;
