----Iteration 1----
duplicated=0.0,11.0,3.0,3.0,8.0,22.0,6.0,6.0,6.0,7.0
memory=150.16796875,150.16796875,150.16796875,150.16796875,150.16796875,150.94140625,151.71484375,152.48828125,153.51953125,154.29296875
time=0.9537453651428223,1.0843212604522705,1.066805124282837,1.1884362697601318,1.2073988914489746,1.563828945159912,1.3198637962341309,1.295771598815918,1.146756887435913,1.3274705410003662
----Iteration 0----
duplicated=0.0,6.0,6.0,2.0,8.0,10.0,7.0,4.0,6.0,6.0
memory=150.16796875,150.16796875,150.16796875,150.16796875,150.42578125,150.94140625,151.71484375,152.48828125,153.51953125,154.29296875
time=1.1444919109344482,0.9454817771911621,1.2332160472869873,1.0927681922912598,1.3981983661651611,1.3405921459197998,1.2904040813446045,1.2184772491455078,1.4463903903961182,1.4372127056121826
----Iteration 2----
duplicated=0.0,12.0,10.0,9.0,4.0,7.0,3.0,18.0,8.0,13.0
memory=150.16796875,150.16796875,150.16796875,150.16796875,150.42578125,150.94140625,151.97265625,152.48828125,153.77734375,154.29296875
time=0.9136366844177246,1.2796931266784668,1.2682831287384033,1.1514208316802979,1.1543347835540771,1.6518042087554932,1.300849199295044,1.2494418621063232,1.4013419151306152,1.6000392436981201
----Iteration 3----
duplicated=0.0,4.0,0.0,9.0,11.0,13.0,6.0,8.0,13.0,6.0
memory=156.35546875,156.35546875,156.35546875,156.35546875,156.35546875,157.12890625,157.64453125,158.16015625,158.41796875,159.19140625
time=1.1363329887390137,1.4547436237335205,1.3973722457885742,1.4984171390533447,1.3776488304138184,1.4603919982910156,1.5171465873718262,1.3458878993988037,1.6271083354949951,1.484222173690796
----Iteration 4----
duplicated=0.0,10.0,6.0,5.0,11.0,5.0,6.0,8.0,9.0,7.0
memory=156.35546875,156.35546875,156.35546875,156.35546875,156.35546875,157.12890625,157.64453125,158.16015625,158.93359375,159.70703125
time=1.3948359489440918,1.5106215476989746,1.444725751876831,1.4095110893249512,1.3945701122283936,1.5162570476531982,1.5866260528564453,1.4128897190093994,1.4498953819274902,1.4808697700500488
----Iteration 5----
duplicated=0.0,4.0,11.0,9.0,9.0,8.0,9.0,8.0,1.0,11.0
memory=159.96484375,160.22265625,160.22265625,160.22265625,160.22265625,160.22265625,160.22265625,160.48046875,160.73828125,161.25390625
time=0.9213471412658691,1.4388227462768555,1.3851888179779053,1.670609712600708,1.5736174583435059,1.6490538120269775,1.5798625946044922,1.5080451965332031,1.6284825801849365,1.524336338043213
----Iteration 6----
duplicated=0.0,10.0,7.0,4.0,2.0,8.0,20.0,5.0,8.0,12.0
memory=160.22265625,160.22265625,160.22265625,160.22265625,160.22265625,160.22265625,160.22265625,160.73828125,160.73828125,161.25390625
time=1.2916648387908936,1.6026666164398193,1.5151922702789307,1.542402982711792,1.4092473983764648,1.5896708965301514,1.3521623611450195,1.471043348312378,1.5284771919250488,1.3839409351348877
----Iteration 7----
duplicated=0.0,2.0,4.0,9.0,4.0,6.0,12.0,4.0,11.0,10.0
memory=160.22265625,160.22265625,160.22265625,160.22265625,160.22265625,160.22265625,160.22265625,160.73828125,160.99609375,161.25390625
time=1.4642717838287354,1.3901665210723877,1.3624508380889893,1.3778061866760254,1.4602255821228027,1.4709746837615967,1.5033941268920898,1.641333818435669,1.8308193683624268,1.5869393348693848
----Iteration 8----
duplicated=0.0,10.0,5.0,9.0,12.0,2.0,4.0,20.0,5.0,6.0
memory=161.51171875,161.51171875,161.51171875,161.51171875,161.51171875,162.02734375,162.28515625,162.80078125,163.31640625,163.83203125
time=0.9423098564147949,1.1054282188415527,1.0673363208770752,1.1246089935302734,0.9979631900787354,1.3326747417449951,1.0532901287078857,1.3100519180297852,1.669213056564331,1.0509777069091797
----Iteration 9----
duplicated=0.0,0.0,3.0,2.0,8.0,11.0,1.0,13.0,8.0,10.0
memory=161.51171875,161.51171875,161.51171875,161.51171875,162.02734375,162.28515625,162.80078125,163.31640625,164.08984375,164.60546875
time=1.1511626243591309,1.002974033355713,1.220926284790039,1.0914361476898193,1.2150297164916992,1.4383089542388916,1.5346317291259766,1.3588120937347412,1.1053245067596436,0.6958892345428467
