----Iteration 0----
1133,239;1129,279;1453,92;1430,119;1453,92;1440,101;1453,92;1453,92;1453,92;1453,92;1453,92;
1219,341;1454,160;1477,133;1512,124;1512,124;
1219,341;1484,241;1507,239;1557,164;1589,118;
1219,341;1679,178;1671,260;1671,260;1671,260;1671,260;1671,260;1671,260;1671,260;1671,260;
1219,341;1648,340;1667,309;1667,309;1667,309;1710,283;1741,196;
1815,353;1817,347;1817,347;1817,347;
1865,379;1894,334;1933,322;
1892,417;1978,384;2035,337;
1978,384;2035,337;1941,453;1978,384;2020,378;2035,337;
1998,490;2025,455;2099,408;
----Iteration 1----
997,209;997,209;997,209;997,209;997,209;997,209;1454,91;1454,91;1454,91;1527,83;
1137,331;1137,331;1604,320;1615,228;
1604,320;1337,346;1687,301;1707,277;
1175,381;1222,365;1735,362;1744,355;1760,269;
1802,507;1819,478;1819,478;
1802,507;1819,478;1819,478;1782,531;1819,478;1838,431;1884,390;1932,363;1932,363;1932,363;1932,363;1932,363;
1802,507;1819,478;1819,478;1782,531;1819,478;1838,431;1884,390;1074,547;1197,535;1947,381;1992,287;2049,283;
1802,507;1819,478;1819,478;1782,531;1819,478;1838,431;2049,283;1238,615;1240,543;1238,615;1948,416;1948,416;1956,305;2026,298;
1782,531;2049,283;1238,615;1238,615;1948,416;1948,416;2026,298;1181,656;1230,633;1230,633;1238,615;1287,599;1287,599;1326,586;1397,572;1696,545;1854,520;1923,428;1922,442;1948,416;1965,401;2009,327;2026,298;
1181,656;1789,648;1789,648;1832,621;1922,572;1922,572;1922,572;1922,572;1922,572;1922,572;1956,556;1986,541;1986,541;2011,529;2011,529;2011,529;2016,514;2059,376;2101,362;
----Iteration 2----
1023,196;1023,196;1023,196;1023,196;1023,196;1023,196;1155,-171;1155,-171;1155,-171;1120,-54;1155,-171;1129,-151;1155,-171;1155,-171;1155,-171;1155,-171;
830,226;1283,222;
1283,222;915,278;950,255;1262,249;1283,222;
931,387;1064,359;1347,291;
1129,442;1299,332;1299,332;1299,332;1434,329;1434,329;1444,312;1444,312;1444,312;1444,312;
1129,442;860,469;1129,442;1175,423;1515,400;1515,400;1515,400;1515,400;1515,400;1515,400;1515,400;1515,400;1515,400;1515,400;1515,400;
1129,442;1129,442;1050,474;1572,431;1572,431;1572,431;1572,431;1632,377;1617,386;
1129,442;1129,442;1050,474;1572,431;1572,431;1572,431;1572,431;911,500;974,483;1050,474;1618,422;1645,405;1618,422;1660,334;
1618,422;1645,405;1618,422;1040,603;1106,589;1183,546;1272,523;1287,514;1415,442;1609,436;1609,436;1609,436;1652,384;1652,384;1706,325;1678,368;1684,356;1730,318;
1272,523;1287,514;1105,624;1149,616;1188,546;1311,500;1676,484;1676,484;1676,484;1681,451;1681,451;1775,415;1834,397;
----Iteration 3----
1432,409;
1439,433;1452,418;1452,418;1452,418;1518,250;
1477,484;1493,431;1550,406;1550,406;1633,381;1663,351;1674,317;
1477,484;1493,431;1550,406;1550,406;1674,317;1493,431;1550,406;1664,360;1653,394;1687,308;
1477,484;1561,473;1692,459;1692,459;1692,459;1692,459;1692,459;1692,459;1719,344;1701,376;1719,344;
1692,459;1692,459;1692,459;1692,459;1692,459;1692,459;1719,344;1719,344;1622,541;1672,477;1691,470;1714,424;1692,459;1719,344;1753,306;
1622,541;1555,565;1763,507;1814,503;1830,475;1830,475;1830,475;1830,475;1830,475;1830,475;
1555,565;1814,503;1830,475;1830,475;1830,475;1830,475;1830,475;1830,475;1555,565;1793,550;1828,500;1803,525;1814,503;1861,433;1839,471;1901,425;
1814,503;1793,550;1814,503;1901,425;1132,620;1240,611;1652,601;1810,528;1842,500;1872,456;1904,394;1941,376;1944,373;
1437,749;1558,702;1893,674;1927,658;1927,658;1927,658;1927,658;1927,658;1976,556;1976,556;1976,556;1976,556;2002,548;2002,548;2002,548;
----Iteration 4----
1061,66;767,355;781,337;794,314;843,275;843,275;1125,-177;1194,-201;1205,-212;1232,-229;
1232,-229;1230,203;1206,484;1369,-364;1390,-391;1418,-434;
1206,484;1390,-391;1418,-434;1365,460;1380,414;
1206,484;1402,467;1566,321;1581,278;
1463,519;1463,519;1610,319;1607,347;
1507,529;1507,529;1602,392;1634,356;1650,278;
1555,572;1659,542;1732,535;1767,428;1767,428;
1555,572;1659,542;1732,535;1555,572;1598,545;1773,485;1794,442;1858,385;
1659,542;1732,535;1773,485;1605,588;1643,544;1919,477;1919,477;1919,477;
1659,542;1732,535;1605,588;1643,544;1919,477;1919,477;1919,477;1838,487;1935,391;1992,355;1992,355;1992,355;1992,355;1992,355;1992,355;1992,355;
----Iteration 5----
1327,128;1482,-14;1494,-64;
1327,128;1355,104;1546,51;1548,18;
1546,51;1411,190;1458,105;1578,24;1674,-9;1655,17;1674,-9;
1546,51;1411,190;1458,105;1578,24;1655,17;1171,204;1412,165;1471,87;1578,24;1634,19;1655,17;1681,16;1681,16;1681,16;
1611,369;1644,186;1734,100;1734,100;1746,50;
1611,369;1641,366;1669,295;1786,182;1854,171;
1611,369;1641,366;1317,435;1642,361;1675,350;1675,350;1675,350;1675,350;1675,350;1675,350;1683,305;1918,303;
1611,369;1641,366;1317,435;1642,361;1675,350;1675,350;1675,350;1675,350;1675,350;1675,350;1918,303;1274,462;1324,388;1709,326;1971,241;1971,241;1971,241;1971,241;
1308,478;1827,467;1956,360;1960,320;2047,310;
1827,467;1956,360;1325,505;1488,478;1830,370;2053,339;2099,326;
----Iteration 6----
1350,-20;1350,-20;1300,7;1218,14;1389,-28;
1520,293;1526,257;
1520,293;1512,297;1601,271;1601,271;1601,271;1601,271;1601,271;1601,271;
1648,349;1645,367;1656,343;
1732,446;
1816,422;1816,422;1816,422;1810,473;1810,473;1810,473;1810,473;1810,473;
1810,473;1810,473;1810,473;1810,473;1810,473;1833,441;1854,414;1854,414;1854,414;1854,414;1854,414;
1810,473;1810,473;1810,473;1810,473;1810,473;1833,441;1833,441;1874,434;1874,434;
1810,473;1810,473;1810,473;1810,473;1810,473;1902,471;1902,471;1902,471;1930,428;
1918,476;1974,425;1969,432;2007,408;
----Iteration 7----
1041,223;1043,194;1416,-196;1264,-37;1264,-37;1298,-53;1298,-53;1298,-53;1311,-137;
1041,223;1043,194;1416,-196;982,237;1076,177;1079,159;1272,123;1320,79;1320,79;1320,79;1320,79;1354,63;1395,13;1395,13;1395,13;1395,13;1414,0;
1041,223;1043,194;1416,-196;982,237;1272,123;1354,63;1395,13;1395,13;1395,13;1395,13;1414,0;973,252;1197,190;1229,159;1323,96;1354,63;1354,63;1363,62;1391,35;1414,0;
1477,428;1612,156;1601,182;1612,156;
1477,428;1484,402;1605,347;1690,196;1690,196;1690,196;
1629,608;1737,530;1817,413;1825,363;
1629,608;1737,530;1817,413;1745,520;1834,408;1850,361;
1629,608;1737,530;1817,413;1745,520;1834,408;1850,361;1849,383;1834,408;1834,408;1850,361;1850,361;1853,343;1858,311;
1629,608;1737,530;1817,413;1745,520;1834,408;1834,408;1834,408;1858,311;1834,408;1815,455;1855,406;1855,406;1855,406;1855,406;1855,406;
1629,608;1737,530;1745,520;1815,455;1900,419;1900,419;1865,442;1900,419;1876,426;1900,419;1900,419;
----Iteration 8----
948,30;1029,-29;1029,-29;1131,-191;1151,-239;
1131,-191;1151,-239;959,336;993,299;1069,107;1118,-99;1151,-239;1185,-277;1216,-319;
988,344;1064,320;1087,180;1101,179;1101,179;1150,139;1197,123;1197,123;1330,-105;1376,-114;
988,344;1064,320;1104,238;1151,222;1151,222;1151,222;1225,147;1283,132;1289,120;1381,-86;1416,-92;
1064,320;1104,238;1151,222;1151,222;1151,222;1225,147;1283,132;1381,-86;1416,-92;1048,396;1104,238;1151,222;1198,148;1225,147;1306,126;1314,81;1381,-86;1402,-91;
1225,147;1283,132;1381,-86;1416,-92;1048,396;1225,147;1306,126;1314,81;1381,-86;1402,-91;645,400;1156,377;1195,375;1195,375;1195,375;1203,257;1225,147;1306,126;1314,81;1364,-36;1445,-137;
1048,396;1156,377;1195,375;1195,375;1195,375;876,450;875,488;909,416;1156,377;1132,384;1195,375;1274,365;1285,221;1298,175;1358,161;1376,95;1488,-58;1489,-67;
876,450;875,488;875,488;876,450;1221,421;1221,421;1221,421;1261,420;1328,403;1328,403;1328,403;1461,400;1461,400;1502,321;1539,276;1539,276;1539,276;
1461,400;1461,400;928,534;1120,489;1408,470;1412,439;1461,400;1533,322;1570,277;
1408,470;1412,439;1570,277;873,575;1182,537;1245,510;1276,489;1421,425;1543,363;1542,401;1587,248;1570,277;1587,248;
----Iteration 9----
749,-41;737,-29;737,-29;737,-29;737,-29;873,-66;959,-81;1047,-109;1047,-109;1047,-109;1245,-208;1267,-225;
873,-66;707,75;728,36;780,-24;870,-50;1343,-70;1343,-70;1499,-208;1480,-161;1499,-208;
1343,-70;1343,-70;1499,-208;1480,-161;1499,-208;816,178;859,171;859,171;1107,27;1388,-103;1404,-116;1434,-152;1480,-161;1550,-217;1582,-241;
969,198;993,181;993,181;993,181;993,181;1153,90;1486,-28;1528,-34;1607,-253;1582,-205;
1486,-28;1528,-34;1219,275;1267,-26;1529,-55;1565,-58;1565,-58;1565,-58;1657,-184;
1219,275;1565,-58;1565,-58;1565,-58;1219,275;1547,1;1565,-58;1598,-59;1673,-162;
1219,275;1219,275;1673,-162;996,277;1249,212;1339,198;1339,198;1585,17;1559,36;1598,10;1598,10;1633,-112;1673,-162;1699,-200;
1339,198;1339,198;1699,-200;1118,317;1191,299;1338,281;1339,198;1400,189;1419,175;1528,166;1533,141;1626,131;1638,101;1695,63;1697,34;
1339,198;1339,198;1118,317;1338,281;1339,198;1400,189;1419,175;1528,166;1626,131;1212,303;1246,287;1408,180;1419,175;1528,166;1541,151;1626,131;1743,106;1750,62;
1118,317;1338,281;1212,303;1246,287;1195,307;1212,303;1246,287;1761,234;1785,63;1806,46;
