----Iteration 2----
duplicated=0.0,8.0,11.0,4.0,9.0,12.0,8.0,16.0,4.0,13.0
memory=150.16796875,150.16796875,150.16796875,150.16796875,150.16796875,150.68359375,151.45703125,152.48828125,153.51953125,154.29296875
time=1.0286405086517334,1.04664945602417,1.093491554260254,1.027221918106079,1.153095006942749,1.520503044128418,1.3887953758239746,1.2552330493927002,1.2879393100738525,1.3209376335144043
----Iteration 1----
duplicated=0.0,8.0,7.0,12.0,4.0,4.0,9.0,7.0,1.0,11.0
memory=150.16796875,150.16796875,150.16796875,150.16796875,150.42578125,150.94140625,151.71484375,152.48828125,153.51953125,154.29296875
time=1.364867925643921,1.1105504035949707,1.1033976078033447,1.0348052978515625,1.3035297393798828,1.4882290363311768,1.1311731338500977,1.2094225883483887,1.3828530311584473,1.3028559684753418
----Iteration 0----
duplicated=0.0,3.0,7.0,4.0,14.0,15.0,6.0,9.0,4.0,10.0
memory=150.16796875,150.16796875,150.16796875,150.16796875,150.42578125,150.94140625,151.71484375,152.48828125,153.51953125,154.29296875
time=1.317755937576294,1.1375854015350342,1.1318509578704834,1.1107192039489746,1.2402946949005127,1.289217233657837,1.312995195388794,1.0641019344329834,1.3613240718841553,1.6995205879211426
----Iteration 3----
duplicated=0.0,3.0,10.0,5.0,4.0,3.0,6.0,8.0,14.0,8.0
memory=156.35546875,156.35546875,156.35546875,156.35546875,156.35546875,157.12890625,157.38671875,158.16015625,158.16015625,158.93359375
time=1.299623727798462,1.2893922328948975,1.5538115501403809,1.445253610610962,1.3383574485778809,1.4778351783752441,1.3067545890808105,1.3943419456481934,1.3234717845916748,1.368016242980957
----Iteration 4----
duplicated=0.0,4.0,6.0,8.0,8.0,3.0,10.0,2.0,16.0,8.0
memory=156.35546875,156.35546875,156.35546875,156.35546875,156.35546875,156.61328125,157.38671875,158.16015625,158.16015625,159.19140625
time=1.2601523399353027,1.2327756881713867,1.2112438678741455,1.3427927494049072,1.4626049995422363,1.3902678489685059,1.3886146545410156,1.5653033256530762,1.6309173107147217,1.8009698390960693
----Iteration 5----
duplicated=0.0,0.0,11.0,5.0,5.0,12.0,10.0,11.0,4.0,4.0
memory=156.35546875,156.35546875,156.35546875,156.35546875,156.35546875,157.12890625,157.64453125,158.16015625,158.93359375,159.70703125
time=1.363983392715454,1.5130541324615479,1.2480692863464355,1.3683934211730957,1.4541046619415283,1.585660696029663,1.2762162685394287,1.4279985427856445,1.4131793975830078,1.5159833431243896
----Iteration 6----
duplicated=2.0,8.0,5.0,8.0,13.0,12.0,12.0,5.0,8.0,10.0
memory=160.22265625,160.22265625,160.22265625,160.22265625,160.22265625,160.22265625,160.22265625,160.73828125,160.73828125,161.25390625
time=1.4493193626403809,1.5726604461669922,1.2763276100158691,1.3403749465942383,1.3520328998565674,1.4836108684539795,1.5225415229797363,1.6062264442443848,1.5798115730285645,1.6417462825775146
----Iteration 7----
duplicated=0.0,4.0,11.0,8.0,4.0,7.0,11.0,11.0,10.0,3.0
memory=160.22265625,160.22265625,160.22265625,160.22265625,160.22265625,160.22265625,160.22265625,160.73828125,160.99609375,161.25390625
time=1.4162003993988037,1.7222692966461182,1.364250659942627,1.5916972160339355,1.3930637836456299,1.4402484893798828,1.5627689361572266,1.5666842460632324,1.5969536304473877,1.6615643501281738
----Iteration 8----
duplicated=0.0,4.0,15.0,11.0,7.0,5.0,10.0,4.0,12.0,15.0
memory=161.51171875,161.51171875,161.51171875,161.51171875,161.51171875,161.76953125,162.02734375,162.80078125,163.31640625,163.83203125
time=0.8670675754547119,1.1458678245544434,0.9559633731842041,1.0780723094940186,1.0396294593811035,1.110623836517334,1.2020013332366943,1.1263394355773926,1.9379539489746094,1.2226200103759766
----Iteration 9----
duplicated=0.0,7.0,3.0,2.0,16.0,6.0,6.0,13.0,12.0,2.0
memory=161.51171875,161.51171875,161.51171875,161.51171875,161.76953125,162.02734375,162.54296875,163.31640625,163.57421875,164.34765625
time=1.0309958457946777,1.0821962356567383,1.090362310409546,1.1837725639343262,1.0500009059906006,1.1814346313476562,1.126866340637207,1.819979190826416,1.2438616752624512,1.0004348754882812
