----Iteration 1----
158,618;202,603;202,603;202,603;202,603;202,603;202,603;202,603;202,603;202,603;202,603;202,603;
230,722;225,772;225,772;286,591;286,591;323,542;363,477;352,520;363,477;
225,772;225,772;409,754;409,754;409,754;
451,758;441,783;451,758;480,754;480,754;480,754;480,754;
451,758;441,783;451,758;480,754;480,754;480,754;480,754;451,758;480,754;532,740;532,740;
441,783;532,740;532,740;-216,843;495,779;495,779;532,740;550,723;591,688;
-216,843;495,779;495,779;-216,843;-214,807;458,805;508,774;539,760;599,736;651,655;651,655;
-216,843;-216,843;-229,860;-216,843;-73,825;599,807;610,772;635,762;635,762;635,762;677,746;694,730;694,730;
694,730;694,730;640,878;680,777;737,712;780,707;780,707;780,707;
640,878;22,883;802,795;838,783;905,727;
----Iteration 0----
-96,553;-88,534;283,297;55,447;104,404;180,354;
55,447;104,404;-96,567;-63,565;-63,565;-63,565;-52,479;-52,479;-52,479;-52,479;-52,479;-52,479;-22,474;276,349;240,373;240,373;328,320;
-96,567;-63,565;-63,565;-63,565;-136,590;-96,567;-23,555;29,544;34,494;34,494;292,471;379,466;381,383;
8,620;59,587;59,587;59,587;59,587;296,537;410,513;412,430;
-101,648;34,627;75,612;353,609;361,608;367,566;396,537;396,537;396,537;417,516;
-101,648;34,627;396,537;396,537;396,537;417,516;-101,648;26,636;34,627;367,615;367,615;367,615;369,546;446,479;446,479;
-68,771;-68,771;-51,702;-51,702;576,650;576,650;576,650;576,650;
-68,771;-68,771;-107,778;-68,771;-57,764;-57,764;16,759;611,689;600,737;600,737;611,689;611,689;611,689;
693,809;
693,809;711,729;705,778;705,778;705,778;705,778;
----Iteration 2----
-57,528;-28,491;294,316;372,291;357,310;357,310;
-57,528;-28,491;294,316;372,291;357,310;357,310;22,468;294,316;357,310;
-57,528;-28,491;153,479;153,479;402,477;402,477;421,386;
158,528;158,528;437,510;437,510;464,493;514,490;
525,599;575,571;597,461;589,476;597,461;597,461;597,461;597,461;597,461;597,461;
525,599;575,571;536,576;536,576;536,576;636,558;629,561;629,561;629,561;629,561;629,561;629,561;629,561;
776,650;
814,673;
814,673;467,739;825,661;841,631;841,631;
467,739;211,753;866,689;866,689;866,689;866,689;866,689;866,689;
----Iteration 3----
27,450;-44,560;-27,516;-27,516;-27,516;-27,516;-27,516;-27,516;-27,516;-16,470;95,424;104,274;107,259;
-44,560;-27,516;-27,516;-27,516;-27,516;-27,516;-27,516;-27,516;-44,560;-27,516;5,484;5,484;5,484;22,468;154,455;154,455;
-201,711;-143,692;-31,636;8,630;162,610;252,593;245,601;252,593;252,593;252,593;
-201,711;162,610;252,593;245,601;252,593;252,593;252,593;-75,704;-73,654;37,638;64,621;162,610;252,593;285,571;334,508;
334,508;-291,807;146,805;290,711;297,592;317,552;335,485;
-291,807;146,805;-291,807;174,772;192,739;192,739;192,739;339,714;365,696;365,696;390,674;433,668;451,640;
146,805;174,772;192,739;192,739;192,739;339,714;365,696;365,696;433,668;451,640;-295,833;-251,825;-251,825;215,729;215,729;215,729;254,723;416,687;451,640;477,554;506,511;
146,805;-278,867;-163,861;289,785;374,761;374,761;411,715;411,715;411,715;411,715;411,715;411,715;411,715;461,695;488,653;517,610;533,598;
-278,867;-163,861;374,761;374,761;411,715;411,715;411,715;411,715;411,715;411,715;411,715;461,695;-163,861;289,824;363,809;411,715;542,656;496,667;496,667;574,528;578,479;
-93,892;319,876;334,865;358,863;408,828;463,807;553,778;553,778;590,743;624,663;
----Iteration 4----
299,558;340,516;340,516;340,516;340,516;372,434;
299,558;340,516;340,516;340,516;340,516;325,527;340,516;449,438;449,438;449,438;
468,595;468,595;468,595;468,595;468,595;468,595;468,595;468,595;468,595;478,546;481,531;
533,699;533,699;533,699;533,699;533,699;533,699;533,699;533,699;533,699;583,653;
620,737;630,711;630,711;630,711;630,711;
620,737;630,711;630,711;630,711;630,711;673,705;782,671;823,636;
620,737;630,711;630,711;630,711;630,711;673,705;782,671;-25,746;676,674;865,639;953,607;
620,737;630,711;630,711;630,711;630,711;673,705;782,671;-25,746;676,674;865,639;-54,758;-67,788;865,639;999,628;
620,737;630,711;630,711;630,711;630,711;673,705;782,671;676,674;865,639;865,639;999,628;422,832;865,639;901,630;1022,608;1022,608;
620,737;450,863;456,843;502,741;1054,732;1054,732;
----Iteration 5----
197,645;197,645;197,645;197,645;197,645;197,645;342,450;325,486;342,450;
342,450;325,486;342,450;257,683;294,672;294,672;318,638;318,638;318,638;318,638;460,435;460,435;
257,683;294,672;294,672;318,638;318,638;318,638;318,638;460,435;460,435;211,707;257,683;294,672;332,613;359,571;359,571;345,596;345,596;353,587;460,435;421,476;485,418;485,418;485,418;
257,683;294,672;294,672;318,638;318,638;318,638;318,638;257,683;294,672;332,613;359,571;359,571;345,596;345,596;353,587;421,476;217,723;257,683;294,672;329,637;329,637;329,637;336,598;359,571;391,529;418,520;418,520;507,448;
257,683;294,672;294,672;257,683;294,672;217,723;257,683;294,672;178,729;257,683;294,672;355,670;399,661;427,656;427,656;497,603;540,597;540,597;569,593;608,552;658,506;
217,723;178,729;355,670;399,661;427,656;427,656;497,603;540,597;540,597;569,593;608,552;658,506;-207,791;-133,784;146,750;221,709;259,693;337,684;362,662;399,661;438,642;438,642;438,642;540,597;594,553;622,523;658,506;690,487;692,451;
217,723;178,729;497,603;540,597;540,597;569,593;-207,791;-133,784;146,750;221,709;259,693;438,642;438,642;438,642;540,597;-239,809;-207,791;195,726;230,705;258,702;428,684;438,642;639,572;723,494;688,529;751,490;810,429;
217,723;-207,791;-133,784;146,750;221,709;259,693;-239,809;-207,791;195,726;230,705;258,702;428,684;723,494;688,529;751,490;810,429;79,759;118,755;186,730;259,693;539,660;551,638;578,608;672,601;677,579;681,572;683,565;699,505;723,494;737,491;751,490;810,429;783,471;
146,750;723,494;688,529;751,490;810,429;118,755;699,505;723,494;737,491;751,490;810,429;783,471;57,922;57,922;89,871;410,741;495,700;609,697;609,697;609,697;626,653;626,653;663,649;687,601;689,526;737,491;737,491;781,472;781,472;875,416;900,394;
57,922;57,922;410,741;14,956;51,944;57,922;143,919;302,801;373,752;573,716;730,698;762,656;762,656;779,592;824,567;922,424;
----Iteration 6----
82,840;118,833;198,816;437,753;435,787;435,787;435,787;435,787;
244,862;244,862;467,786;459,819;528,726;
244,862;244,862;467,786;459,819;528,726;244,862;280,857;501,772;528,726;
244,862;244,862;459,819;244,862;280,857;218,893;551,803;564,790;
218,893;560,878;605,847;614,831;
560,878;220,914;629,876;630,846;
629,876;630,846;208,968;268,914;630,846;624,888;647,802;
208,968;208,968;244,945;726,937;775,894;794,875;798,855;
208,968;208,968;244,945;726,937;208,968;274,940;726,937;796,920;821,880;821,880;
726,937;274,940;726,937;796,920;197,970;256,968;796,920;824,886;851,844;
----Iteration 7----
-50,291;94,258;180,228;219,187;279,149;304,109;311,101;
-107,295;-17,291;306,271;343,236;
-118,331;392,321;422,316;
89,405;87,528;401,385;428,363;428,363;428,363;
87,528;434,458;440,445;482,403;482,403;
87,528;434,458;494,362;455,453;484,416;476,449;484,416;484,416;484,416;484,416;
87,528;434,458;455,453;484,416;476,449;484,416;484,416;484,416;484,416;464,452;495,373;495,373;496,337;501,287;503,251;
87,528;453,500;506,466;506,466;506,466;506,466;506,466;506,466;506,466;506,466;506,466;506,466;516,453;
87,528;453,500;516,453;-243,564;453,500;474,491;513,477;505,486;513,477;523,450;562,409;
395,664;422,651;490,606;690,527;690,527;690,527;690,527;673,563;673,563;673,563;673,563;
----Iteration 8----
-120,411;-49,383;-25,371;-25,371;25,343;18,351;10,366;279,220;253,266;300,211;
-120,411;-49,383;-25,371;-25,371;10,366;279,220;253,266;300,211;53,358;53,358;242,309;263,245;317,193;300,211;
-124,512;-82,484;30,463;74,434;123,429;140,385;354,384;360,324;362,312;427,310;
354,384;170,570;187,534;187,534;187,534;590,371;
348,612;414,578;451,571;459,556;475,544;496,539;614,448;618,422;
348,612;414,578;451,571;475,544;496,539;451,571;467,559;475,544;620,472;606,521;620,472;
348,612;414,578;451,571;475,544;496,539;451,571;467,559;475,544;217,617;540,538;540,538;562,529;610,527;699,526;
348,612;414,578;451,571;451,571;467,559;610,527;699,526;112,672;217,656;493,552;567,545;576,542;610,527;699,526;
699,526;567,545;576,542;699,526;199,762;199,762;272,754;282,742;282,742;282,742;491,586;480,623;491,586;491,586;525,552;699,526;651,538;754,487;
272,754;282,742;282,742;282,742;754,487;144,837;247,770;272,754;282,742;543,672;543,672;543,672;621,573;653,554;716,552;716,552;804,431;754,487;776,464;804,431;804,431;
----Iteration 9----
335,502;335,502;335,502;335,502;335,502;354,297;
466,854;
475,897;475,897;
475,897;475,897;621,834;
475,897;475,897;621,834;638,776;638,776;638,776;638,776;638,776;642,727;638,776;
475,897;475,897;621,834;638,776;638,776;638,776;638,776;638,776;638,776;408,930;715,770;
445,994;495,966;495,966;531,957;621,943;627,894;738,790;769,770;769,770;
769,770;769,770;525,1009;679,989;679,989;686,986;697,930;712,828;763,812;763,812;763,812;776,762;
525,1009;454,1047;474,1014;712,993;758,973;768,912;779,889;830,824;842,802;
712,993;758,973;419,1082;463,1063;476,1058;476,1058;526,1026;691,1007;745,976;758,973;764,924;764,924;831,916;843,894;
