----Iteration 2----
75,377;155,368;155,368;155,368;155,368;155,368;155,368;
170,414;
187,487;236,474;293,459;338,437;338,437;338,437;
187,487;236,474;293,459;338,437;338,437;338,437;-22,493;377,419;396,403;396,403;396,403;
187,487;236,474;293,459;-22,493;-59,498;438,442;
187,487;236,474;293,459;438,442;-47,537;-9,493;33,488;461,412;542,335;
187,487;236,474;293,459;438,442;-47,537;-9,493;33,488;461,412;461,412;584,374;568,405;576,382;584,374;584,374;585,338;
187,487;236,474;293,459;438,442;-47,537;-9,493;33,488;461,412;461,412;584,374;568,405;576,382;584,374;584,374;-13,494;576,382;623,361;623,361;
187,487;236,474;293,459;438,442;-47,537;461,412;461,412;584,374;568,405;576,382;584,374;584,374;576,382;623,361;623,361;-3,506;183,500;636,318;636,318;636,318;642,280;660,268;660,268;
236,474;293,459;438,442;461,412;461,412;584,374;568,405;576,382;584,374;584,374;576,382;623,361;623,361;636,318;636,318;636,318;660,268;660,268;114,641;139,607;213,552;220,514;448,419;585,365;636,318;636,318;644,304;665,186;
----Iteration 1----
153,438;153,438;153,438;153,438;153,438;153,438;153,438;
153,438;153,438;153,438;153,438;153,438;153,438;153,438;153,438;195,399;317,393;
153,438;153,438;153,438;153,438;153,438;153,438;153,438;153,438;317,393;280,418;331,373;331,373;
153,438;153,438;153,438;153,438;153,438;153,438;153,438;153,438;317,393;280,418;331,373;331,373;331,373;
153,438;153,438;153,438;153,438;153,438;153,438;153,438;153,438;317,393;280,418;331,373;331,373;331,373;308,397;331,373;375,345;375,345;375,345;
153,438;153,438;153,438;153,438;153,438;153,438;153,438;153,438;317,393;280,418;308,397;378,386;397,354;442,344;447,309;
153,438;153,438;153,438;153,438;153,438;153,438;153,438;153,438;317,393;280,418;308,397;378,386;442,344;-78,443;378,386;423,376;442,344;461,328;
153,438;153,438;153,438;153,438;153,438;153,438;153,438;153,438;317,393;280,418;308,397;378,386;378,386;423,376;461,328;62,516;69,478;99,471;392,379;392,379;445,364;487,267;
62,516;62,516;70,508;184,485;302,433;421,427;421,427;421,427;421,427;488,335;447,385;482,363;530,301;545,258;
184,485;302,433;421,427;421,427;421,427;421,427;482,363;530,301;545,258;106,550;144,514;184,485;222,460;234,449;421,427;465,399;453,404;481,371;487,361;500,341;519,325;530,301;
----Iteration 0----
134,285;172,253;257,234;
134,285;172,253;257,234;96,305;168,273;168,273;257,234;291,191;291,191;
43,398;105,320;338,292;366,286;366,286;366,286;366,286;
43,398;105,320;59,351;399,314;434,300;
43,398;399,314;434,300;-91,436;172,359;227,327;399,314;435,264;434,300;
43,398;399,314;434,300;-91,436;399,314;434,300;-94,454;-100,470;-94,454;-94,454;179,393;185,374;383,345;399,314;434,300;478,272;
478,272;-64,490;-55,456;-55,456;-47,448;203,406;402,370;405,352;440,338;440,338;524,263;
-64,490;-55,456;-55,456;203,406;402,370;405,352;440,338;440,338;-64,490;-99,510;-36,452;-28,416;251,386;279,380;337,379;402,370;440,338;523,305;523,305;523,305;523,305;523,305;532,283;
-55,581;-38,512;-13,478;54,472;193,457;540,439;
-55,581;540,439;-120,582;-43,570;29,522;-6,551;35,501;136,475;344,467;495,440;495,440;495,440;580,425;580,425;580,425;
----Iteration 3----
66,358;101,338;143,299;169,274;169,274;169,274;169,274;
110,375;183,301;183,301;183,301;204,260;233,217;
110,375;183,301;183,301;183,301;204,260;233,217;158,331;183,301;252,201;233,217;252,201;
110,375;183,301;183,301;183,301;183,301;-47,380;178,345;178,345;178,345;190,291;190,291;265,267;265,267;265,267;265,267;265,267;271,239;271,239;277,215;
110,375;-32,426;-31,390;25,377;192,367;202,362;220,350;298,289;258,303;298,289;298,289;298,289;298,289;298,289;345,246;345,246;345,246;345,246;
192,367;202,362;220,350;-36,500;-35,464;-35,464;-35,464;-9,439;191,416;191,416;220,350;305,323;305,323;305,323;305,323;305,323;305,323;405,311;418,273;
-61,568;-11,563;24,543;24,543;95,497;131,474;227,421;235,420;238,402;256,390;284,384;343,379;379,356;448,322;486,294;467,310;
95,497;131,474;284,384;343,379;448,322;486,294;467,310;33,589;81,541;82,518;123,494;152,470;174,461;174,461;174,461;193,445;252,431;273,392;308,381;308,381;308,381;343,379;447,356;486,294;467,310;487,258;
131,474;486,294;467,310;33,589;123,494;152,470;174,461;174,461;174,461;193,445;252,431;308,381;308,381;308,381;447,356;486,294;467,310;487,258;-51,629;-12,611;33,589;33,589;33,589;33,589;94,544;116,499;252,431;287,411;411,379;447,356;466,333;
486,294;447,356;486,294;487,258;411,379;447,356;9,639;35,614;70,604;174,581;238,517;247,478;283,455;301,443;327,439;327,439;437,375;411,379;411,379;469,355;478,321;
----Iteration 4----
-97,355;-55,316;-25,314;-14,311;21,297;21,297;21,297;21,297;21,297;108,251;108,251;108,251;108,251;108,251;108,251;
-57,357;-57,357;260,340;260,340;
295,384;289,412;289,412;295,384;322,310;
-20,431;311,428;317,404;341,379;365,329;
344,437;368,412;368,412;368,412;368,412;368,412;368,412;
344,437;-133,470;-119,450;366,436;344,437;366,436;390,428;418,422;426,414;
418,422;-78,481;385,461;411,430;418,422;447,414;447,414;
385,461;-26,536;9,522;16,497;51,483;51,483;385,461;385,461;461,425;429,440;461,425;461,425;461,425;461,425;479,421;
385,461;385,461;385,461;461,425;429,440;461,425;461,425;461,425;461,425;479,421;-55,569;158,561;164,509;202,476;385,461;370,471;461,425;429,440;461,425;479,421;523,389;530,351;
385,461;385,461;385,461;461,425;429,440;461,425;461,425;461,425;461,425;479,421;158,561;385,461;370,471;461,425;429,440;461,425;479,421;523,389;-41,619;153,564;177,522;255,501;337,485;418,443;450,428;450,428;479,421;523,389;562,376;
----Iteration 5----
-129,469;-121,413;-156,515;-57,411;88,403;138,363;138,363;
-156,515;136,487;175,469;175,469;212,408;197,418;224,397;212,408;253,361;231,362;267,341;267,341;
-156,515;136,487;175,469;175,469;212,408;224,397;212,408;253,361;267,341;267,341;-68,501;136,487;190,459;197,421;212,408;232,383;240,378;253,361;302,321;
136,487;175,469;175,469;136,487;190,459;-13,532;-13,532;279,435;316,368;290,372;351,331;351,331;351,331;
136,487;136,487;279,435;316,368;-61,580;3,576;9,552;216,482;316,368;313,386;412,335;454,273;518,249;537,217;
279,435;9,552;216,482;313,386;412,335;518,249;537,217;-53,633;-34,601;-34,601;6,591;9,552;21,541;183,518;407,376;479,310;493,261;518,249;
279,435;216,482;313,386;412,335;407,376;479,310;-34,659;31,655;31,655;31,655;58,643;61,625;97,602;115,590;149,547;191,523;272,477;272,477;293,406;334,384;412,335;476,325;523,282;557,250;
412,335;407,376;31,655;31,655;31,655;58,643;61,625;97,602;115,590;293,406;334,384;412,335;523,282;557,250;15,669;43,644;43,644;97,602;115,590;172,555;206,531;206,531;206,531;214,508;287,493;315,405;334,384;480,327;501,322;599,211;630,166;
97,602;15,669;97,602;172,555;206,531;206,531;206,531;287,493;-14,712;17,667;45,661;68,645;116,597;139,595;186,552;205,536;247,514;211,524;322,472;322,472;447,428;502,372;546,357;572,332;640,237;611,280;649,203;
-14,712;-14,712;-56,751;-14,712;54,683;90,660;162,651;210,603;262,556;286,549;262,556;454,506;501,448;527,414;590,390;590,390;625,370;640,327;640,327;696,271;696,271;
----Iteration 6----
-175,330;-48,309;39,280;62,246;143,174;207,101;
-175,330;-48,309;39,280;62,246;143,174;272,113;271,149;272,113;
-175,330;-48,309;39,280;62,246;143,174;-20,300;287,159;311,109;311,109;
-48,309;39,280;62,246;-20,300;287,159;311,109;311,109;-147,337;-133,317;-20,300;65,239;108,204;241,192;287,159;305,147;329,97;
-48,309;39,280;62,246;287,159;65,239;287,159;305,147;-131,362;-84,348;1,308;1,308;2,299;46,255;65,239;227,212;272,202;323,121;380,116;
227,212;272,202;323,121;380,116;22,427;47,393;47,393;47,393;88,376;107,344;118,310;118,310;205,244;212,222;227,212;272,202;306,184;287,200;306,184;323,121;380,116;399,84;
323,121;380,116;22,427;47,393;47,393;47,393;88,376;306,184;287,200;306,184;323,121;380,116;28,409;47,393;137,363;165,360;177,349;273,303;278,221;287,200;306,184;380,116;423,105;
22,427;28,409;177,349;273,303;278,221;28,409;90,406;154,394;168,374;177,349;183,321;273,303;394,166;393,202;437,155;459,154;
273,303;154,394;168,374;273,303;393,202;459,154;44,509;90,474;138,426;152,406;180,363;257,339;306,296;361,294;365,255;425,187;451,162;
44,509;257,339;451,162;44,509;56,498;134,487;181,448;181,448;181,448;193,437;212,421;239,394;257,339;355,318;404,301;439,201;446,190;505,158;505,158;
----Iteration 7----
-97,440;24,388;63,370;77,292;120,262;159,244;159,244;159,244;159,244;
-97,440;24,388;63,370;159,244;159,244;159,244;159,244;24,388;98,323;98,323;98,323;123,289;123,289;123,289;123,289;196,214;159,244;195,240;195,240;
-97,440;24,388;63,370;24,388;98,323;98,323;98,323;98,323;145,297;145,297;212,284;212,284;212,284;
-97,440;212,284;212,284;212,284;-93,419;144,413;169,379;169,379;169,379;169,379;179,304;212,284;
-86,472;-54,457;-54,457;244,408;244,408;238,451;260,320;260,320;
238,451;-49,487;-49,487;-49,487;-49,487;-49,487;-49,487;309,419;303,443;309,419;309,419;309,419;309,419;309,419;
238,451;-49,487;-49,487;-49,487;-49,487;-49,487;-49,487;309,419;303,443;309,419;309,419;309,419;309,419;309,419;-69,526;-68,503;-4,465;309,419;334,385;334,385;
238,451;-48,536;-29,504;-28,500;-23,490;-4,474;316,447;316,447;383,395;
316,447;316,447;383,395;-39,582;-20,566;-13,502;5,490;197,461;307,457;316,447;359,445;383,395;390,357;
-16,602;-8,582;158,556;192,513;284,465;292,464;405,459;405,459;405,459;405,459;405,459;430,425;444,376;
----Iteration 8----
114,333;114,333;163,320;205,319;253,317;278,283;
173,345;169,400;271,334;259,340;315,322;376,267;357,283;376,267;384,259;
169,400;315,322;376,267;357,283;376,267;384,259;291,352;315,322;376,267;357,283;423,224;448,172;
315,322;376,267;357,283;376,267;384,259;315,322;376,267;357,283;423,224;448,172;306,422;376,267;423,224;404,240;
384,259;423,224;306,422;423,224;404,240;204,454;204,454;204,454;378,344;416,233;459,176;
306,422;459,176;164,533;173,499;240,474;247,436;322,405;355,381;389,369;394,328;409,285;409,285;428,269;453,217;453,217;
164,533;173,499;389,369;394,328;409,285;409,285;428,269;453,217;453,217;106,537;139,535;165,510;165,510;293,484;335,445;335,445;341,417;341,417;357,396;389,369;389,369;483,202;472,205;
164,533;173,499;106,537;139,535;165,510;165,510;335,445;335,445;75,599;82,563;100,553;100,553;317,492;317,492;317,492;317,492;325,448;368,421;406,400;406,400;407,364;488,276;488,276;473,286;488,276;488,276;
75,599;317,492;317,492;317,492;317,492;406,400;406,400;488,276;488,276;473,286;488,276;488,276;75,599;124,586;146,585;242,570;312,533;332,482;385,452;405,423;405,423;405,423;409,382;439,377;473,286;
75,599;488,276;488,276;488,276;488,276;75,599;124,586;146,585;242,570;312,533;439,377;97,598;146,585;170,577;192,576;242,570;326,510;424,453;424,453;415,487;424,453;427,435;435,391;475,304;475,304;475,304;
----Iteration 9----
265,373;265,373;265,373;265,373;265,373;
265,373;265,373;265,373;265,373;265,373;106,408;117,405;165,386;165,386;165,386;165,386;165,386;165,386;165,386;180,376;265,373;327,367;351,317;
178,448;273,428;358,350;346,392;370,342;370,342;
178,448;273,428;178,448;475,315;468,353;468,353;468,353;453,396;453,396;
178,448;273,428;178,448;453,396;453,396;178,448;491,359;466,393;466,393;491,359;516,294;
453,396;453,396;491,359;466,393;466,393;491,359;155,512;155,512;170,502;213,472;258,450;281,432;394,430;411,414;466,393;452,413;472,369;491,359;520,316;539,300;539,300;
453,396;453,396;491,359;466,393;466,393;491,359;258,450;411,414;466,393;452,413;472,369;491,359;539,300;539,300;167,573;192,527;210,497;215,480;258,450;408,448;452,413;466,393;495,350;495,350;534,337;578,287;
453,396;453,396;466,393;466,393;411,414;466,393;452,413;472,369;167,573;210,497;215,480;408,448;452,413;466,393;166,609;191,563;191,563;209,533;215,480;218,460;298,452;298,452;298,452;408,448;452,413;466,393;540,360;602,263;582,302;616,259;
453,396;453,396;466,393;466,393;466,393;452,413;452,413;466,393;166,609;298,452;298,452;298,452;452,413;466,393;616,259;155,612;211,587;225,567;228,549;230,514;260,504;420,448;437,423;452,413;466,393;577,375;577,375;580,367;615,347;
615,347;220,633;280,629;295,619;318,505;407,484;393,504;461,478;488,439;488,439;499,433;580,385;644,304;644,304;
