----Iteration 0----
duplicated=0.0,9.0,7.0,7.0,16.0,8.0,10.0,9.0,12.0,9.0
memory=150.16796875,150.16796875,150.16796875,150.16796875,150.68359375,150.94140625,151.97265625,152.74609375,154.29296875,154.29296875
time=1.2512483596801758,1.1177468299865723,1.1455957889556885,1.2534246444702148,1.3442609310150146,1.5157718658447266,1.3379669189453125,1.3522446155548096,1.453251838684082,1.445814847946167
----Iteration 1----
duplicated=0.0,3.0,9.0,3.0,13.0,7.0,8.0,5.0,9.0,4.0
memory=150.16796875,150.16796875,150.16796875,150.16796875,150.68359375,151.19921875,151.97265625,152.74609375,154.29296875,154.55078125
time=1.2924418449401855,1.2268149852752686,1.1805574893951416,1.2845923900604248,1.2446484565734863,1.4992561340332031,1.372389793395996,1.3141636848449707,1.4886610507965088,1.482982873916626
----Iteration 2----
duplicated=0.0,8.0,4.0,2.0,3.0,2.0,6.0,12.0,1.0,3.0
memory=156.35546875,156.35546875,156.35546875,156.35546875,156.35546875,157.12890625,157.38671875,158.16015625,158.16015625,159.19140625
time=1.2664885520935059,1.3831555843353271,1.3777363300323486,1.6503570079803467,1.4846248626708984,1.2700095176696777,1.5173954963684082,1.3632099628448486,1.408177137374878,1.580481767654419
----Iteration 3----
duplicated=0.0,3.0,6.0,10.0,4.0,6.0,3.0,6.0,5.0,2.0
memory=156.35546875,156.35546875,156.35546875,156.35546875,156.35546875,157.12890625,157.64453125,158.16015625,158.93359375,159.70703125
time=1.141402244567871,1.565211534500122,1.436208963394165,1.1807348728179932,1.573146104812622,1.6452910900115967,1.4387540817260742,1.6804251670837402,1.6683001518249512,1.5900707244873047
----Iteration 4----
duplicated=0.0,2.0,2.0,4.0,4.0,9.0,3.0,7.0,7.0,4.0
memory=156.35546875,156.35546875,156.35546875,156.35546875,156.35546875,157.12890625,157.64453125,158.16015625,158.93359375,159.70703125
time=1.4225258827209473,1.4377779960632324,1.3050379753112793,1.5592544078826904,1.4313361644744873,1.6243784427642822,1.5420887470245361,1.5256638526916504,1.767218828201294,1.4549307823181152
----Iteration 5----
duplicated=0.0,3.0,4.0,9.0,4.0,4.0,2.0,8.0,2.0,9.0
memory=160.22265625,160.22265625,160.22265625,160.22265625,160.22265625,160.22265625,160.22265625,160.73828125,160.73828125,161.25390625
time=1.3169901371002197,1.3636839389801025,1.5236501693725586,1.5809059143066406,1.6325862407684326,1.5400457382202148,1.379699468612671,1.6615865230560303,1.6096124649047852,1.6455779075622559
----Iteration 6----
duplicated=0.0,1.0,8.0,7.0,2.0,5.0,12.0,16.0,10.0,3.0
memory=160.22265625,160.22265625,160.22265625,160.22265625,160.22265625,160.22265625,160.22265625,160.73828125,160.99609375,161.25390625
time=1.4330785274505615,1.4706308841705322,1.5726070404052734,1.5965709686279297,1.4842891693115234,1.6713201999664307,1.5093472003936768,1.497534990310669,1.7353856563568115,1.6025099754333496
----Iteration 7----
duplicated=0.0,1.0,8.0,3.0,5.0,4.0,3.0,17.0,3.0,13.0
memory=160.22265625,160.22265625,160.22265625,160.22265625,160.22265625,160.22265625,160.73828125,160.73828125,161.25390625,161.51171875
time=1.4302771091461182,1.5387771129608154,1.5991289615631104,1.6573433876037598,1.3430063724517822,1.5845725536346436,1.3743619918823242,1.5484297275543213,1.5723681449890137,1.3873722553253174
----Iteration 8----
duplicated=0.0,12.0,5.0,2.0,15.0,12.0,8.0,5.0,12.0,10.0
memory=161.51171875,161.51171875,161.51171875,161.51171875,161.51171875,162.02734375,162.54296875,163.31640625,163.57421875,164.34765625
time=0.9252798557281494,1.1190555095672607,1.1139063835144043,1.0221686363220215,1.0961463451385498,1.308406114578247,1.3222081661224365,1.8041861057281494,1.1566224098205566,1.00685715675354
----Iteration 9----
duplicated=0.0,1.0,13.0,2.0,4.0,13.0,9.0,4.0,11.0,15.0
memory=161.51171875,161.51171875,161.51171875,161.51171875,162.02734375,162.28515625,163.31640625,163.57421875,164.08984375,164.60546875
time=1.0861892700195312,1.2153208255767822,1.0880560874938965,1.2257306575775146,1.1005258560180664,1.2866425514221191,1.9050965309143066,1.310943841934204,1.0428836345672607,0.46426939964294434
