----Iteration 2----
x_MOEAD_NFTS=[236, 293, 438, 461, 461, 584, 568, 576, 584, 584, 576, 623, 623, 636, 636, 636, 660, 660, 114, 139, 213, 220, 448, 585, 636, 636, 644, 665]
y_MOEAD_NFTS=[474, 459, 442, 412, 412, 374, 405, 382, 374, 374, 382, 361, 361, 318, 318, 318, 268, 268, 641, 607, 552, 514, 419, 365, 318, 318, 304, 186]
----Iteration 1----
x_MOEAD_NFTS=[184, 302, 421, 421, 421, 421, 482, 530, 545, 106, 144, 184, 222, 234, 421, 465, 453, 481, 487, 500, 519, 530]
y_MOEAD_NFTS=[485, 433, 427, 427, 427, 427, 363, 301, 258, 550, 514, 485, 460, 449, 427, 399, 404, 371, 361, 341, 325, 301]
----Iteration 0----
x_MOEAD_NFTS=[-55, 540, -120, -43, 29, -6, 35, 136, 344, 495, 495, 495, 580, 580, 580]
y_MOEAD_NFTS=[581, 439, 582, 570, 522, 551, 501, 475, 467, 440, 440, 440, 425, 425, 425]
----Iteration 3----
x_MOEAD_NFTS=[486, 447, 486, 487, 411, 447, 9, 35, 70, 174, 238, 247, 283, 301, 327, 327, 437, 411, 411, 469, 478]
y_MOEAD_NFTS=[294, 356, 294, 258, 379, 356, 639, 614, 604, 581, 517, 478, 455, 443, 439, 439, 375, 379, 379, 355, 321]
----Iteration 4----
x_MOEAD_NFTS=[385, 385, 385, 461, 429, 461, 461, 461, 461, 479, 158, 385, 370, 461, 429, 461, 479, 523, -41, 153, 177, 255, 337, 418, 450, 450, 479, 523, 562]
y_MOEAD_NFTS=[461, 461, 461, 425, 440, 425, 425, 425, 425, 421, 561, 461, 471, 425, 440, 425, 421, 389, 619, 564, 522, 501, 485, 443, 428, 428, 421, 389, 376]
----Iteration 5----
x_MOEAD_NFTS=[-14, -14, -56, -14, 54, 90, 162, 210, 262, 286, 262, 454, 501, 527, 590, 590, 625, 640, 640, 696, 696]
y_MOEAD_NFTS=[712, 712, 751, 712, 683, 660, 651, 603, 556, 549, 556, 506, 448, 414, 390, 390, 370, 327, 327, 271, 271]
----Iteration 6----
x_MOEAD_NFTS=[44, 257, 451, 44, 56, 134, 181, 181, 181, 193, 212, 239, 257, 355, 404, 439, 446, 505, 505]
y_MOEAD_NFTS=[509, 339, 162, 509, 498, 487, 448, 448, 448, 437, 421, 394, 339, 318, 301, 201, 190, 158, 158]
----Iteration 7----
x_MOEAD_NFTS=[-16, -8, 158, 192, 284, 292, 405, 405, 405, 405, 405, 430, 444]
y_MOEAD_NFTS=[602, 582, 556, 513, 465, 464, 459, 459, 459, 459, 459, 425, 376]
----Iteration 8----
x_MOEAD_NFTS=[75, 488, 488, 488, 488, 75, 124, 146, 242, 312, 439, 97, 146, 170, 192, 242, 326, 424, 424, 415, 424, 427, 435, 475, 475, 475]
y_MOEAD_NFTS=[599, 276, 276, 276, 276, 599, 586, 585, 570, 533, 377, 598, 585, 577, 576, 570, 510, 453, 453, 487, 453, 435, 391, 304, 304, 304]
----Iteration 9----
x_MOEAD_NFTS=[615, 220, 280, 295, 318, 407, 393, 461, 488, 488, 499, 580, 644, 644]
y_MOEAD_NFTS=[347, 633, 629, 619, 505, 484, 504, 478, 439, 439, 433, 385, 304, 304]
----End of Run----
