----Iteration 0----
x_MOEAD_NFTS=[1998, 2025, 2099]
y_MOEAD_NFTS=[490, 455, 408]
----Iteration 1----
x_MOEAD_NFTS=[1181, 1789, 1789, 1832, 1922, 1922, 1922, 1922, 1922, 1922, 1956, 1986, 1986, 2011, 2011, 2011, 2016, 2059, 2101]
y_MOEAD_NFTS=[656, 648, 648, 621, 572, 572, 572, 572, 572, 572, 556, 541, 541, 529, 529, 529, 514, 376, 362]
----Iteration 2----
x_MOEAD_NFTS=[1272, 1287, 1105, 1149, 1188, 1311, 1676, 1676, 1676, 1681, 1681, 1775, 1834]
y_MOEAD_NFTS=[523, 514, 624, 616, 546, 500, 484, 484, 484, 451, 451, 415, 397]
----Iteration 3----
x_MOEAD_NFTS=[1437, 1558, 1893, 1927, 1927, 1927, 1927, 1927, 1976, 1976, 1976, 1976, 2002, 2002, 2002]
y_MOEAD_NFTS=[749, 702, 674, 658, 658, 658, 658, 658, 556, 556, 556, 556, 548, 548, 548]
----Iteration 4----
x_MOEAD_NFTS=[1659, 1732, 1605, 1643, 1919, 1919, 1919, 1838, 1935, 1992, 1992, 1992, 1992, 1992, 1992, 1992]
y_MOEAD_NFTS=[542, 535, 588, 544, 477, 477, 477, 487, 391, 355, 355, 355, 355, 355, 355, 355]
----Iteration 5----
x_MOEAD_NFTS=[1827, 1956, 1325, 1488, 1830, 2053, 2099]
y_MOEAD_NFTS=[467, 360, 505, 478, 370, 339, 326]
----Iteration 6----
x_MOEAD_NFTS=[1918, 1974, 1969, 2007]
y_MOEAD_NFTS=[476, 425, 432, 408]
----Iteration 7----
x_MOEAD_NFTS=[1629, 1737, 1745, 1815, 1900, 1900, 1865, 1900, 1876, 1900, 1900]
y_MOEAD_NFTS=[608, 530, 520, 455, 419, 419, 442, 419, 426, 419, 419]
----Iteration 8----
x_MOEAD_NFTS=[1408, 1412, 1570, 873, 1182, 1245, 1276, 1421, 1543, 1542, 1587, 1570, 1587]
y_MOEAD_NFTS=[470, 439, 277, 575, 537, 510, 489, 425, 363, 401, 248, 277, 248]
----Iteration 9----
x_MOEAD_NFTS=[1118, 1338, 1212, 1246, 1195, 1212, 1246, 1761, 1785, 1806]
y_MOEAD_NFTS=[317, 281, 303, 287, 307, 303, 287, 234, 63, 46]
----End of Run----
