----Iteration 1----
x_MOEAD_NFTS=[640, 22, 802, 838, 905]
y_MOEAD_NFTS=[878, 883, 795, 783, 727]
----Iteration 0----
x_MOEAD_NFTS=[693, 711, 705, 705, 705, 705]
y_MOEAD_NFTS=[809, 729, 778, 778, 778, 778]
----Iteration 2----
x_MOEAD_NFTS=[467, 211, 866, 866, 866, 866, 866, 866]
y_MOEAD_NFTS=[739, 753, 689, 689, 689, 689, 689, 689]
----Iteration 3----
x_MOEAD_NFTS=[-93, 319, 334, 358, 408, 463, 553, 553, 590, 624]
y_MOEAD_NFTS=[892, 876, 865, 863, 828, 807, 778, 778, 743, 663]
----Iteration 4----
x_MOEAD_NFTS=[620, 450, 456, 502, 1054, 1054]
y_MOEAD_NFTS=[737, 863, 843, 741, 732, 732]
----Iteration 5----
x_MOEAD_NFTS=[57, 57, 410, 14, 51, 57, 143, 302, 373, 573, 730, 762, 762, 779, 824, 922]
y_MOEAD_NFTS=[922, 922, 741, 956, 944, 922, 919, 801, 752, 716, 698, 656, 656, 592, 567, 424]
----Iteration 6----
x_MOEAD_NFTS=[726, 274, 726, 796, 197, 256, 796, 824, 851]
y_MOEAD_NFTS=[937, 940, 937, 920, 970, 968, 920, 886, 844]
----Iteration 7----
x_MOEAD_NFTS=[395, 422, 490, 690, 690, 690, 690, 673, 673, 673, 673]
y_MOEAD_NFTS=[664, 651, 606, 527, 527, 527, 527, 563, 563, 563, 563]
----Iteration 8----
x_MOEAD_NFTS=[272, 282, 282, 282, 754, 144, 247, 272, 282, 543, 543, 543, 621, 653, 716, 716, 804, 754, 776, 804, 804]
y_MOEAD_NFTS=[754, 742, 742, 742, 487, 837, 770, 754, 742, 672, 672, 672, 573, 554, 552, 552, 431, 487, 464, 431, 431]
----Iteration 9----
x_MOEAD_NFTS=[712, 758, 419, 463, 476, 476, 526, 691, 745, 758, 764, 764, 831, 843]
y_MOEAD_NFTS=[993, 973, 1082, 1063, 1058, 1058, 1026, 1007, 976, 973, 924, 924, 916, 894]
----End of Run----
