----Iteration 0----
x_Moead_Rfts_Worst=[1118, 1512, 1529, 1529, 1152, 1102, 1529, 1533, 1539, 1539, 1401, 1160, 1368, 1174, 1160, 1393, 1368, 1383, 1556, 1547, 1547, 1808, 1906, 1858, 1868, 1906, 1482, 1519, 1539, 1626, 1206, 949, 1087, 1136, 1199, 1519, 1539, 1485, 1519, 1264, 1515, 1511, 1627, 1572, 1780, 1533, 1660, 1713, 1669, 1689, 1694, 1891, 1787, 1797, 1891, 1797, 1891, 1931, 1902]
y_Moead_Rfts_Worst=[567, 402, 398, 398, 552, 443, 398, 320, 317, 317, 309, 400, 462, 525, 400, 488, 462, 441, 353, 367, 367, 190, 89, 130, 81, 89, 169, 237, 265, 264, 383, 528, 584, 409, 550, 237, 265, 512, 237, 397, 293, 416, -82, 213, 279, 320, -116, 312, -146, -124, 136, 75, 128, 219, 75, 219, 75, 77, 109]
z_Moead_Rfts_Worst=[1001, 1088, 1086, 1086, 933, 1266, 1086, 1104, 1077, 1077, 1430, 1416, 1244, 1070, 1416, 1188, 1244, 1251, 1016, 1054, 1054, 1281, 1394, 1420, 1443, 1394, 1933, 1843, 1723, 1662, 1475, 1160, 1080, 1415, 1002, 1843, 1723, 1179, 1843, 1445, 1823, 1115, 1706, 1881, 1300, 1104, 1658, 1094, 1659, 1610, 1303, 1543, 1453, 1253, 1543, 1253, 1543, 1502, 1272]
----Iteration 4----
x_Moead_Rfts_Worst=[1746, 1740, 1817, 1734, 1534, 1574, 1602, 1613, 1740, 1732, 1760, 1732, 1742, 1794, 1817, 1810, 1794, 1602, 1545, 1540, 1600, 1619, 1732, 1648, 1840, 1647, 1705, 1750, 1720, 1941, 1954, 1377, 1560, 1404, 1376, 1436, 1384, 1476, 1480, 1476, 1530, 1517, 1657, 1593, 1643, 1725, 1539, 1584, 1546, 1601, 1701, 1677, 1700, 1702, 1840, 1765, 1944, 1746, 1725, 1931, 1765, 1934, 1931]
y_Moead_Rfts_Worst=[261, 184, 107, 322, -52, 15, 57, 211, 170, 163, 288, 163, 372, 382, 107, 166, 382, 57, 449, 470, 280, 616, 163, -12, 92, 658, 596, 585, 349, 232, 166, 534, 667, 838, 887, 628, 692, 816, 823, 816, 676, 777, 110, 518, 522, 539, 678, 629, 704, 733, 131, 434, 431, 688, 92, 654, 190, 442, 539, 215, 654, 275, 215]
z_Moead_Rfts_Worst=[1846, 1874, 1885, 1741, 2060, 2033, 1995, 1952, 1882, 1890, 1740, 1890, 1736, 1645, 1885, 1855, 1645, 1995, 2051, 2007, 1950, 1819, 1890, 1999, 1907, 1781, 1667, 1639, 1926, 1809, 1817, 2009, 1872, 1669, 1637, 1996, 1826, 1818, 1760, 1818, 1984, 1524, 1994, 1939, 1911, 1907, 1793, 1804, 1760, 1691, 1977, 1940, 1937, 1771, 1907, 1544, 1847, 1703, 1907, 1850, 1544, 1840, 1850]
----Iteration 6----
x_Moead_Rfts_Worst=[1460, 1525, 1513, 1703, 1513, 1513, 1671, 1703, 1707, 1769, 1779, 1788, 1788, 1541, 1436, 1503, 1677, 1703, 1542, 1577, 1721, 1761, 1702, 1749, 1670, 1793, 1788, 1721, 1982, 1982]
y_Moead_Rfts_Worst=[125, 196, 232, 550, 232, 232, 571, 550, 42, 503, 300, 214, 266, 161, 590, 169, 552, 550, 205, 500, 88, 526, 101, 531, 157, 505, 214, 88, 493, 493]
z_Moead_Rfts_Worst=[1921, 1794, 1773, 1485, 1773, 1773, 1534, 1485, 1864, 1490, 1562, 1667, 1578, 1816, 1500, 1811, 1513, 1485, 1790, 1693, 1840, 1480, 1880, 1672, 1902, 1453, 1667, 1840, 1502, 1502]
----Iteration 2----
x_Moead_Rfts_Worst=[1791, 1791, 1194, 1359, 1041, 1691, 1359, 1691, 1685, 1653, 1691, 1691, 1695, 1695, 1700, 1824, 1359, 1176, 1176, 1104, 1304, 1304, 1322, 1191, 1267, 1685, 1517, 1392, 1546, 1627, 1647, 1647, 1804, 1575, 1613, 1647, 1720, 1738, 1739, 1748, 1720, 1824, 1748, 1887, 1932, 1892]
y_Moead_Rfts_Worst=[442, 442, 322, 611, 775, 532, 611, 532, 199, 586, 532, 532, 631, 631, 516, 493, 611, 675, 675, 751, 746, 746, 573, 658, 736, 199, 538, 684, 514, 546, 605, 646, 239, 709, 590, 646, 540, 457, 426, 531, 540, 493, 531, 427, 394, 403]
z_Moead_Rfts_Worst=[1362, 1362, 1749, 1680, 1481, 1557, 1680, 1557, 1727, 1430, 1557, 1557, 1394, 1394, 1571, 1355, 1680, 1662, 1662, 1611, 1466, 1466, 1689, 1665, 1503, 1727, 1737, 1575, 1744, 1503, 1432, 1415, 1721, 1573, 1454, 1415, 1513, 1571, 1651, 1440, 1513, 1355, 1440, 1414, 1699, 1531]
----Iteration 3----
x_Moead_Rfts_Worst=[1830, 1830, 1636, 1812, 1812, 1812, 1914, 1828, 1830, 1912, 1914, 1914, 1949, 1929, 1949, 1584, 1555, 1803, 1793, 1770, 1728, 1773, 1748, 1617, 1597, 1770, 1852, 1748, 1773, 1799, 1751, 1793, 1773, 1803, 1812, 1783, 1798, 1773, 1807, 1907, 1801, 1837, 1903, 1895, 1862, 1907, 1870, 1927, 1926, 1912, 1927, 1932, 1982, 2013, 2004, 2025]
y_Moead_Rfts_Worst=[559, 559, 363, 578, 578, 578, 456, 639, 559, 489, 456, 456, 422, 474, 422, 374, 422, 562, 586, 621, 617, 757, 805, 332, 340, 574, 607, 667, 757, 415, 582, 586, 757, 428, 578, 598, 743, 757, 741, 422, 579, 751, 453, 464, 703, 422, 685, 416, 440, 489, 416, 437, 418, 675, 679, 461]
z_Moead_Rfts_Worst=[1734, 1734, 1797, 1775, 1775, 1775, 1726, 1613, 1734, 1664, 1726, 1726, 1653, 1632, 1653, 1835, 1806, 1781, 1765, 1733, 1752, 1637, 1656, 1819, 1802, 1794, 1699, 1740, 1637, 1785, 1784, 1765, 1637, 1782, 1775, 1744, 1666, 1637, 1639, 1763, 1703, 1606, 1732, 1716, 1587, 1763, 1518, 1739, 1712, 1664, 1739, 1685, 1618, 1576, 1563, 1615]
----Iteration 5----
x_Moead_Rfts_Worst=[1357, 1288, 1329, 1363, 1363, 1398, 1651, 1675, 1585, 1391, 1740, 1700, 1779, 1724, 1705, 1784, 1789, 1752, 1740, 1768, 1812, 1782, 1789, 1887, 1887, 1870, 1887]
y_Moead_Rfts_Worst=[477, 505, 500, 505, 505, 494, 568, 595, 444, 523, 509, 557, 463, 506, 532, 386, 440, 488, 509, 491, 428, 484, 468, 400, 400, 394, 400]
z_Moead_Rfts_Worst=[2121, 2083, 2075, 2070, 2070, 2118, 1936, 1900, 2057, 2067, 1972, 1988, 2050, 2040, 1983, 2159, 2089, 2049, 1972, 1981, 2121, 2040, 1966, 2091, 2091, 2140, 2091]
----Iteration 7----
x_Moead_Rfts_Worst=[1328, 1280, 1263, 1707, 1591, 1559, 1389, 1559, 1379, 1535, 1563, 1664, 1591, 1707, 1647, 1737, 1667, 1738, 1696, 1842, 1865, 1865, 1914]
y_Moead_Rfts_Worst=[625, 754, 517, 932, 918, 928, 433, 928, 476, 746, 883, 811, 918, 932, 689, 914, 821, 714, 686, 904, 890, 890, 849]
z_Moead_Rfts_Worst=[1806, 1733, 1830, 1557, 1631, 1656, 1852, 1656, 1900, 1797, 1681, 1700, 1631, 1557, 1753, 1663, 1674, 1733, 1779, 1571, 1668, 1668, 1662]
----Iteration 1----
x_Moead_Rfts_Worst=[1161, 1287, 1467, 1523, 1467, 1576, 1576, 1467, 1576, 1536, 1161, 1168, 1420, 1394, 1413, 1465, 1443, 1466, 1641, 1576, 1576, 1641, 1663, 1651, 1651, 1175, 1187, 1173, 1161, 1243, 1312, 1330, 1272, 1352, 1314, 1378, 1520, 1286, 1378, 1437, 1344, 1303, 1448, 1443, 1483, 1494, 1438, 1531, 1516, 1520, 1551, 1518, 1542, 1568, 1647, 1585, 1629, 1644, 1624, 1663]
y_Moead_Rfts_Worst=[948, 880, 741, 883, 741, 899, 899, 741, 899, 947, 879, 922, 1121, 1016, 1025, 700, 844, 1099, 948, 899, 899, 948, 1020, 1016, 1016, 748, 886, 916, 948, 1061, 1214, 1130, 1082, 1206, 741, 911, 962, 1128, 1168, 1164, 927, 1045, 720, 844, 966, 1085, 1081, 840, 889, 962, 998, 1059, 869, 820, 964, 842, 1043, 966, 1003, 1020]
z_Moead_Rfts_Worst=[1666, 1695, 1638, 1593, 1638, 1568, 1568, 1638, 1568, 1584, 1732, 1675, 1454, 1610, 1557, 1641, 1700, 1553, 1545, 1568, 1568, 1545, 1489, 1498, 1498, 1764, 1717, 1681, 1666, 1641, 1520, 1486, 1623, 1471, 1736, 1683, 1589, 1551, 1466, 1406, 1657, 1594, 1711, 1700, 1632, 1508, 1556, 1603, 1637, 1589, 1571, 1433, 1594, 1599, 1509, 1568, 1482, 1530, 1567, 1489]
----Iteration 8----
x_Moead_Rfts_Worst=[1564, 1441, 1592, 1572, 1441, 1564, 1714, 1762, 1762, 1670, 1842, 1302, 1353, 1493, 1475, 1469, 1498, 1435, 1662, 1572, 1703, 1725, 1739, 1707, 1748, 1806, 1739, 1742, 1795, 1851, 1879, 1889, 1470, 1406, 1346, 1488, 1440, 1475, 1626, 1544, 1673, 1583, 1470, 1606, 1703, 1739, 1780, 1781, 1675, 1703, 1762, 1817, 1736, 1803, 1851, 1793, 1836, 1879, 1842, 1947, 2034]
y_Moead_Rfts_Worst=[142, 619, 657, 105, 619, 142, 165, 564, 564, 424, 427, 370, 446, 610, 617, 269, 217, 315, 622, 105, 440, 563, 579, 345, 436, 97, 299, 381, 468, 116, 158, 156, 267, 275, 324, 600, 544, 617, 642, 217, 651, 98, 267, 597, 513, 579, 41, 117, 412, 513, 564, 160, 407, 28, 116, 477, 450, 158, 427, 158, 403]
z_Moead_Rfts_Worst=[1533, 1387, 1289, 1573, 1387, 1533, 1434, 1191, 1191, 1455, 1147, 1611, 1552, 1438, 1444, 1615, 1701, 1594, 1302, 1573, 1397, 1282, 1169, 1441, 1336, 1500, 1417, 1413, 1184, 1495, 1457, 1487, 1668, 1629, 1554, 1488, 1510, 1444, 1355, 1685, 1286, 1614, 1668, 1479, 1312, 1169, 1646, 1533, 1421, 1312, 1191, 1474, 1372, 1508, 1495, 1161, 1175, 1457, 1147, 1420, 1376]
----Iteration 9----
x_Moead_Rfts_Worst=[1696, 1559, 1455, 1475, 1429, 1439, 1599, 1488, 1534, 1534, 1482, 1482, 1535, 1696, 1541, 1642, 1722, 1745, 1754, 1754, 1872, 1872, 1872, 1872, 1872, 1872, 1872, 1539, 1490, 1489, 1527, 1482, 1567, 1534, 1439, 1500, 1519, 1606, 1447, 1567, 1646, 1539, 1642, 1567, 1567, 1559, 1667, 1716, 1747, 1873, 1872, 1819, 1815, 1857, 1832, 1854, 1857, 1844]
y_Moead_Rfts_Worst=[-60, 469, -83, -51, 574, 705, -30, 546, 689, 689, 583, 583, 695, -60, 314, 613, -68, -65, 11, 11, 506, 506, 506, 506, 506, 506, 506, 151, 452, 455, 554, 583, 649, 689, 705, 153, 407, 564, 616, 649, 37, 151, 613, 649, 649, 469, 609, 600, 576, 214, 506, 270, 560, 468, 548, 496, 468, 521]
z_Moead_Rfts_Worst=[1581, 1485, 1650, 1617, 1460, 1363, 1613, 1535, 1415, 1415, 1445, 1445, 1394, 1581, 1506, 1441, 1608, 1558, 1548, 1548, 1415, 1415, 1415, 1415, 1415, 1415, 1415, 1601, 1555, 1600, 1512, 1445, 1416, 1415, 1363, 1609, 1572, 1462, 1438, 1416, 1581, 1601, 1441, 1416, 1416, 1485, 1390, 1394, 1336, 1355, 1415, 1541, 1400, 1454, 1416, 1442, 1454, 1433]
----End of Run----
