----Iteration 7----
memory=187.265625,191.5078125,196.2265625,200.1953125,202.28515625,206.84375,210.65625,214.25390625,217.984375,222.0078125
time=22.488306283950806,17.982229709625244,16.122907400131226,19.950493574142456,12.80346965789795,16.256043434143066,21.878034353256226,13.280329465866089,14.196539878845215,11.23069715499878
----Iteration 1----
memory=187.19140625,192.8359375,197.3671875,200.390625,203.01171875,206.9921875,209.95703125,213.6328125,216.35546875,223.421875
time=21.47765874862671,19.93088126182556,20.12740468978882,16.351102113723755,14.964667320251465,14.781456232070923,17.261452436447144,12.773782014846802,13.577135562896729,16.041703701019287
----Iteration 5----
memory=187.75,194.640625,199.2265625,202.1328125,205.83984375,208.30078125,210.984375,214.85546875,219.26171875,224.3828125
time=23.555793046951294,25.641921043395996,20.04909586906433,19.318062782287598,11.73459005355835,16.306434154510498,13.774300813674927,16.04487133026123,13.449066638946533,9.70619821548462
----Iteration 0----
memory=187.265625,192.83984375,197.9296875,201.17578125,203.78515625,207.51953125,210.77734375,214.2421875,218.88671875,224.71484375
time=22.477231979370117,20.89234447479248,19.781179428100586,18.806668996810913,14.218599796295166,17.624844551086426,14.939446687698364,12.419706344604492,16.485641717910767,15.445312261581421
----Iteration 3----
memory=188.94140625,193.58984375,198.43359375,201.3515625,205.40625,208.39453125,212.2890625,215.2421875,219.5078125,224.7734375
time=25.183475255966187,20.905333280563354,20.118037939071655,17.913973569869995,14.791704416275024,17.976480722427368,14.487717151641846,16.207801818847656,14.689218759536743,12.502371072769165
----Iteration 2----
memory=187.25,193.58984375,198.71875,201.3359375,205.95703125,208.9921875,212.8046875,216.02734375,220.0078125,224.984375
time=22.773903608322144,23.98290205001831,20.961177349090576,15.757694482803345,18.11609387397766,16.85425877571106,15.951891422271729,16.661086320877075,12.801324129104614,13.262331485748291
----Iteration 6----
memory=183.484375,192.85546875,197.8125,201.0546875,205.3125,209.15234375,212.94140625,217.2265625,221.9296875,224.875
time=20.47076725959778,21.835108280181885,20.370818853378296,18.991774320602417,17.251001119613647,20.263816356658936,14.022563457489014,19.812095403671265,12.986872673034668,11.258280038833618
----Iteration 4----
memory=187.80859375,193.828125,198.04296875,201.8125,206.64453125,209.20703125,213.68359375,218.06640625,223.3125,224.82421875
time=22.63252878189087,24.098663330078125,16.923515558242798,21.984781742095947,16.91334581375122,18.795486450195312,17.707075595855713,15.143309593200684,13.105468511581421,11.048769235610962
----Iteration 9----
memory=224.90234375,225.0625,225.13671875,225.078125,225.234375,225.31640625,225.83203125,226.52734375,226.54296875,226.48828125
time=9.137212038040161,4.5132715702056885,3.912949562072754,5.137662410736084,4.749851942062378,3.384162664413452,5.327847242355347,2.9817590713500977,3.9977903366088867,3.052669048309326
----Iteration 8----
memory=224.97265625,225.0,225.15625,225.10546875,225.23828125,225.70703125,226.0546875,226.55078125,226.55078125,226.55078125
time=10.470782995223999,5.159367084503174,4.301003694534302,5.101518630981445,4.794513940811157,4.084989547729492,5.555662393569946,5.4210264682769775,3.144970655441284,1.8871731758117676
