----Iteration 1----
x_Moead_Rfts_Worst=[19, 416, 72, 358, 384, 399, 415, 389, -173, -124, -125, -108, -119, -153, -68, -74, -125, -114, -25, 40, 164, 102, 240, 361, 245, 247, 281, 358, 398, 384, 462, -124, 0, 0, -97, 56, -68, -44, -53, 84, -68, 125, 0, 162, 134, 167, 212, 189, 185, 212, 260, 247, 308, 345, 453, 488, 448, 441, 453, 19, -64, -78, -8, -29, -57, -84, -8, -36, -48, 49, -81, -37, -29, 144, 182, 71, -5, 183, 258, 116, 211, 208, 216, 371, 330, 290, 371, 311, 440, 392, 448, 371, 415, 541]
y_Moead_Rfts_Worst=[590, -43, 543, 155, -28, 87, 134, 159, 299, 286, 379, 410, 413, 576, 616, 644, 549, 577, 618, 198, 91, 388, 492, 217, 492, 493, 344, 238, 91, 213, 335, 286, 183, 183, 412, 588, 616, 654, 384, 163, 616, 90, 183, 481, 533, 563, 171, 214, 312, 171, 476, 493, 310, 170, 393, 331, 434, 113, 393, 151, 253, 265, 344, 548, 582, 231, 344, 371, 613, 177, 411, 479, 548, 58, 82, 348, 397, 59, 78, 387, 535, 553, 288, 109, 159, 437, 26, 329, 380, 320, 434, 109, 221, 302]
z_Moead_Rfts_Worst=[57, 285, 89, 242, 329, 311, 248, 227, 479, 520, 404, 382, 332, 220, 161, 103, 257, 218, 43, 451, 501, 247, 57, 219, 55, 9, 73, 195, 312, 216, 48, 520, 619, 619, 374, 176, 161, -30, 388, 577, 161, 503, 619, 116, 91, -6, 426, 389, 278, 426, 119, 9, 196, 282, 33, 76, 12, 263, 33, 632, 553, 485, 452, 235, 216, 557, 452, 415, 189, 550, 351, 307, 235, 516, 505, 407, 358, 514, 498, 374, 8, 35, 338, 456, 435, -45, 503, 175, 69, 89, 12, 456, 195, 180]
----Iteration 2----
x_Moead_Rfts_Worst=[177, 193, 180, 219, -4, 168, 88, 193, 193, 454, 377, 449, 450, 490, 195, 49, 103, 70, 46, 50, 161, 85, 309, 167, 233, 233, 249, 238, 309, 426, 390, 393, 378, 448, 490, 162, 240, 151, 187, 76, 40, 84, 165, 94, 125, 240, 190, 429, 328, 390, 373, 335, 412, 311, 429, 387, 429, 479, 257, 137, 93, 83, 45, 85, 210, 190, 195, 183, 94, 254, 226, 138, 335, 232, 367, 314, 372, 364, 367, 402, 412, 387, 412, 443, 464, 402, 442, 480, 448, 498]
y_Moead_Rfts_Worst=[672, 641, 512, 513, 300, 508, 527, 641, 622, 314, 497, 388, 340, 291, 467, 578, 601, 716, 295, 555, 650, 673, 297, 646, 439, 439, 493, 600, 297, 376, 325, 393, 461, 493, 291, 197, 291, 523, 500, 611, 628, 696, 468, 557, 696, 291, 417, 307, 288, 325, 476, 568, 276, 508, 307, 547, 307, 448, 290, 473, 547, 598, 626, 660, 294, 575, 152, 330, 393, 268, 352, 556, 344, 618, 242, 587, 513, 567, 242, 545, 276, 547, 276, 373, 422, 545, 511, 330, 493, 378]
z_Moead_Rfts_Worst=[-39, -73, 254, 252, 481, 298, 310, -73, -39, 338, 137, 221, 271, 291, 367, 299, 146, 62, 496, 308, 100, 110, 408, 142, 369, 369, 265, 0, 408, 337, 397, 324, 290, 19, 291, 559, 467, 373, 326, 197, 178, 101, 380, 303, 34, 467, 418, 394, 426, 397, 344, 31, 416, 249, 394, 33, 394, 68, 489, 389, 308, 207, 205, 139, 460, 249, 519, 470, 436, 496, 421, 263, 399, 15, 444, 239, 222, 157, 444, 112, 416, 33, 416, 386, 110, 112, 88, 330, 19, 270]
----Iteration 7----
x_Moead_Rfts_Worst=[117, -50, 102, 457, 153, 157, -60, 164, 135, -10, 157, 181, 246, 246, 178, 200, 290, 318, 290, 290, 474, 474, 457, 466, 474, 505, 54, 71, 71, 96, 37, -72, 4, -44, -10, 174, 308, 107, 222, 224, 257, 274, 200, 260, 296, 290, 308, 337, 308, 337, 436, 428, 502, 466, 469, 490, 15, 16, 33, 33, 13, 77, 39, 4, 92, 135, 254, 181, 115, 219, 272, 291, 290, 310, 427, 427, 362, 354, 411, 451, 483, 6, 22, -6, 108, 141, -25, -98, 130, 60, 99, 129, 161, 251, 159, 257, 201, 224, 272, 263, 281, 313, 422, 329, 412, 431, 512, 513]
y_Moead_Rfts_Worst=[466, 552, 346, 294, 476, 542, 628, 423, 591, 626, 542, 575, 365, 365, 469, 559, 539, 438, 539, 539, 325, 325, 294, 333, 325, 280, 266, 424, 424, 458, 467, 565, 606, 651, 626, 578, 298, 434, 545, 548, 331, 341, 559, 506, 550, 310, 298, 496, 298, 496, 347, 355, 221, 333, 213, 283, 279, 382, 446, 446, 458, 492, 586, 606, 333, 591, 333, 392, 464, 518, 321, 457, 310, 515, 332, 332, 462, 470, 288, 343, 263, 310, 354, 464, 532, 549, 397, 493, 545, 332, 314, 540, 577, 311, 436, 563, 571, 439, 468, 558, 307, 421, 432, 504, 342, 451, 365, 329]
z_Moead_Rfts_Worst=[309, 240, 381, 240, 284, 221, 172, 319, 175, 153, 221, 178, 302, 302, 269, 206, 142, 201, 142, 142, 218, 218, 240, 223, 218, 267, 476, 375, 375, 327, 328, 230, 191, 164, 153, 157, 327, 350, 202, 193, 349, 280, 206, 201, 111, 328, 327, 152, 327, 152, 263, 268, 272, 223, 303, 197, 494, 467, 420, 420, 370, 312, 202, 191, 411, 175, 375, 350, 314, 223, 374, 248, 328, 199, 300, 300, 112, 117, 339, 202, 287, 518, 479, 423, 288, 244, 469, 373, 252, 434, 431, 270, 209, 450, 328, 129, 165, 309, 208, 189, 403, 275, 264, 157, 275, 91, 143, 181]
----Iteration 5----
x_Moead_Rfts_Worst=[-110, 177, 148, 41, 67, 100, -67, 155, 178, 148, 212, 219, 160, 177, 148, 107, 101, 120, 78, 78, 185, -56, 230, 46, 247, 142, 120, 161, 158, 289, 257, 348, 365, 348, 327, 414, 367, 428, 342, 345, 460, 545, 512, 198, 198, 226, 124, 83, 32, -49, -88, 156, 115, 65, 223, -41, 282, 223, 343, 343, 317, 149, 265, 196, 460, 393, 298, 312, 414, 342, 439, 410, 381, 342, 451, 485, 451, 463, 434, 491, 440, 502, 460, 515]
y_Moead_Rfts_Worst=[487, 264, 307, 431, 427, 435, 521, 299, 241, 307, 156, 171, 173, 264, 307, 357, 385, 370, 409, 409, 256, 437, 144, 469, 191, 335, 370, 320, 348, 173, 207, 321, 152, 321, 380, 110, 124, 61, 370, 338, 75, 72, 119, 106, 106, 183, 290, 340, 418, 481, 527, 256, 306, 396, 491, 485, 456, 491, 159, 159, 184, 284, 359, 409, 75, 274, 403, 415, 110, 370, 113, 286, 329, 370, 162, 41, 162, 132, 175, 126, 168, 133, 143, 119]
z_Moead_Rfts_Worst=[142, 472, 423, 299, 304, 273, 131, 406, 481, 423, 512, 498, 482, 472, 423, 402, 390, 366, 359, 359, 467, 219, 511, 106, 457, 411, 366, 387, 321, 428, 391, 292, 418, 292, 224, 471, 433, 517, 249, 162, 452, 340, 330, 528, 528, 475, 453, 432, 334, 213, 131, 490, 469, 395, 76, 101, 167, 76, 447, 447, 426, 432, 295, 249, 452, 383, 250, 236, 471, 249, 415, 310, 261, 249, 370, 412, 370, 289, 240, 278, 250, 252, 328, 249]
----Iteration 0----
x_Moead_Rfts_Worst=[255, 184, 321, 321, 440, 440, 440, 440, 321, 321, 320, 413, 272, -5, 25, -8, 51, 375, 163, 212, 260, 322, 413, 532, 463, 503, 484, 484, 503, 231, -5, 23, 25, 53, 53, 101, 280, 44, 151, 151, 323, 201, 413, 314, 249, 375, 322, 307, 463, 419, 503, 400, 562, 484, 594, 240, 295, 380, -5, -5, 79, 106, 126, 366, 295, 92, 182, 380, 238, 256, 295, 249, 458, 452, 381, 302, 328, 458, 419, 374, 350, 484, 419, 437, 419, 660, 633, 566, 594, 605, 623, 639, 642, 332, 80, 44, 247, 376, 155, 80, 168, 127, 234, 413, 306, 392, 317, 257, 266, 334, 413, 350, 372, 482, 484, 382, 463, 583, 532, 463, 582, 558, 488, 599, 664, 642, 656]
y_Moead_Rfts_Worst=[574, 444, 567, 567, 471, 471, 471, 471, 567, 567, 590, 491, 329, 631, 691, 612, 666, 398, 453, 579, 508, 569, 491, 395, 524, 354, 443, 481, 354, 379, 631, 667, 691, 740, 740, 753, 423, 675, 655, 655, 423, 647, 365, 416, 667, 398, 569, 625, 524, 552, 354, 584, 336, 443, 321, 280, 327, 357, 631, 631, 661, 712, 719, 307, 365, 627, 673, 357, 530, 616, 658, 667, 338, 366, 454, 567, 607, 338, 552, 588, 589, 443, 552, 540, 552, 172, 151, 301, 321, 207, 273, 294, 184, 358, 539, 675, 314, 283, 579, 539, 601, 613, 686, 365, 492, 535, 548, 618, 607, 645, 365, 589, 617, 299, 443, 597, 524, 274, 433, 524, 297, 445, 461, 395, 218, 184, 320]
z_Moead_Rfts_Worst=[282, 449, 278, 278, 316, 316, 316, 316, 278, 278, 269, 311, 517, 433, 368, 454, 320, 487, 432, 308, 375, 271, 311, 349, 281, 394, 330, 285, 394, 496, 433, 414, 368, 316, 316, 286, 459, 396, 287, 287, 452, 241, 477, 455, 109, 487, 271, 195, 281, 267, 394, 254, 346, 330, 302, 568, 536, 508, 433, 433, 423, 307, 246, 524, 491, 415, 241, 508, 411, 275, 134, 109, 487, 475, 382, 300, 231, 487, 267, 249, 239, 330, 267, 266, 267, 403, 424, 387, 302, 421, 340, 312, 404, 516, 511, 396, 566, 525, 479, 511, 418, 442, 199, 477, 408, 368, 339, 268, 280, 116, 477, 239, 118, 448, 330, 135, 281, 364, 304, 281, 355, 248, 290, 269, 379, 404, 198]
----Iteration 4----
x_Moead_Rfts_Worst=[324, 424, 410, 410, 424, 230, 359, 329, 319, 323, 330, 394, 382, 411, 424, 456, 424, 424, 176, 189, 163, 295, 295, 295, 340, 355, 379, 354, 379, 383, 357, 382, 416, 459, 428, 437, 222, 224, 119, 149, 163, 258, 301, 174, 325, 301, 359, 288, 295, 256, 325, 360, 310, 393, 355, 350, 359, 359, 379, 395, 405, 516, 514, 483, 520, 233, 222, 258, 211, 168, 233, 231, 249, 239, 224, 363, 328, 308, 295, 258, 237, 268, 379, 393, 374, 363, 365, 379, 413, 417, 379, 516, 509, 413, 483, 499, 546]
y_Moead_Rfts_Worst=[306, 278, 427, 427, 278, 529, 195, 483, 483, 342, 568, 348, 453, 345, 278, 424, 436, 436, 599, 583, 402, 552, 387, 552, 227, 477, 197, 420, 488, 389, 498, 278, 324, 367, 460, 449, 399, 611, 632, 518, 402, 448, 623, 497, 621, 623, 195, 245, 387, 551, 621, 172, 304, 237, 477, 518, 532, 532, 488, 166, 282, 288, 338, 419, 325, 212, 399, 448, 566, 596, 212, 365, 420, 464, 611, 599, 231, 327, 387, 448, 563, 540, 197, 237, 269, 599, 280, 488, 239, 456, 488, 288, 388, 239, 419, 300, 286]
z_Moead_Rfts_Worst=[429, 346, 217, 217, 346, 392, 562, 293, 333, 391, 273, 328, 225, 311, 346, 227, 209, 209, 329, 332, 563, 318, 499, 318, 549, 304, 533, 312, 269, 324, 270, 459, 364, 292, 178, 173, 577, 319, 263, 464, 563, 479, 256, 451, 284, 256, 562, 572, 499, 355, 284, 571, 525, 504, 304, 283, 247, 247, 269, 499, 413, 345, 270, 253, 268, 615, 577, 479, 437, 408, 615, 573, 556, 451, 319, 239, 605, 538, 499, 479, 390, 366, 533, 504, 491, 239, 496, 269, 475, 186, 269, 345, 272, 475, 253, 294, 332]
----Iteration 3----
x_Moead_Rfts_Worst=[305, 287, 356, 391, 380, 447, 447, 447, 237, 240, 323, 359, 343, 506, 502, 517, 243, 240, 322, 227, 353, 325, 325, 476, 456, 466, 420, 467, 485, 467, 439, 489, 506, 581, 522, 581, 536, 545, 575, 646, 243, 302, 233, 130, 322, 269, 183, 321, 321, 459, 546, 487, 456, 523, 552, 542, 485, 553, 525, 595, 605, 655]
y_Moead_Rfts_Worst=[432, 470, 412, 497, 493, 488, 488, 488, 596, 532, 565, 485, 567, 331, 418, 335, 507, 532, 398, 469, 618, 380, 380, 251, 534, 408, 443, 538, 509, 538, 544, 287, 331, 319, 468, 319, 428, 474, 419, 371, 507, 452, 664, 678, 398, 482, 669, 669, 669, 220, 269, 380, 453, 244, 241, 318, 509, 449, 504, 275, 419, 417]
z_Moead_Rfts_Worst=[397, 377, 398, 300, 308, 296, 296, 296, 402, 412, 323, 326, 294, 386, 349, 378, 478, 412, 483, 510, 208, 456, 456, 427, 281, 374, 393, 273, 265, 273, 284, 401, 386, 380, 326, 380, 322, 307, 345, 371, 478, 536, 449, 382, 483, 499, 434, 357, 357, 449, 426, 424, 368, 448, 438, 382, 265, 285, 254, 379, 308, 356]
----Iteration 6----
x_Moead_Rfts_Worst=[177, 212, 480, 497, 466, 497, 483, 209, 209, 212, 209, 209, 233, 296, 306, 313, 454, 209, 233, 208, 235, 218, 364, 278, 341, 369, 329, 450, 463, 463, 124, 182, 254, 191, 208, 208, 224, 341, 252, 299, 323, 304, 382, 400, 436, 375, 403, 422, 489, 463, 489, 510, 463, 525]
y_Moead_Rfts_Worst=[506, 310, 293, 271, 316, 288, 275, 309, 482, 310, 482, 482, 340, 482, 397, 431, 249, 482, 340, 586, 449, 528, 411, 494, 202, 370, 443, 385, 334, 295, 442, 383, 446, 472, 586, 586, 448, 202, 642, 446, 461, 609, 319, 388, 448, 546, 428, 452, 238, 334, 238, 252, 334, 286]
z_Moead_Rfts_Worst=[291, 425, 206, 205, 156, 64, 179, 432, 305, 425, 305, 305, 401, 287, 379, 377, 254, 305, 401, 289, 371, 290, 347, 288, 399, 368, 297, 359, 183, 239, 420, 438, 396, 336, 289, 289, 409, 399, 211, 370, 326, 285, 377, 300, 233, 271, 296, 214, 314, 183, 314, 249, 183, 97]
----Iteration 8----
x_Moead_Rfts_Worst=[190, 111, 379, 352, 342, 387, 448, 413, 448, 36, 105, 76, -76, 156, 342, 297, 284, 398, 388, 388, 432, 388, 438, 57, -76, -118, -118, 80, 74, 74, 108, 225, 122, 209, 269, 269, 182, 209, 370, 323, 323, 390, 333, 400, 376, 390, 399, 425, -73, 166, -104, -133, -64, -64, 234, 225, -133, 141, 148, 195, 166, 370, 331, 212, 184, 184, 285, 247, 185, 184, 351, 364, 282, 322, 366, 317, 390, 335, 413, 431, 432]
y_Moead_Rfts_Worst=[232, 110, 171, 395, 370, 172, 344, 412, 344, 120, 178, 221, 629, 168, 370, 494, 541, 155, 426, 265, 380, 426, 324, 251, 629, 709, 709, 658, 693, 693, 310, 526, 645, 651, 168, 168, 556, 651, 93, 319, 319, 95, 569, 408, 489, 95, 141, 401, 258, 600, 654, 697, 786, 786, 211, 526, 697, 731, 594, 619, 697, 93, 106, 406, 648, 686, 339, 449, 578, 686, 207, 384, 570, 643, 145, 360, 95, 505, 115, 365, 364]
z_Moead_Rfts_Worst=[545, 619, 475, 407, 447, 420, 338, 341, 338, 627, 607, 558, 253, 612, 447, 340, 238, 483, 304, 412, 354, 304, 360, 562, 253, 231, 231, 184, 179, 179, 555, 408, 198, 85, 546, 546, 379, 85, 550, 530, 530, 521, 161, 377, 334, 521, 506, 352, 577, 308, 294, 245, 176, 176, 595, 408, 245, 162, 335, 291, 122, 550, 568, 500, 99, 54, 516, 459, 339, 54, 529, 418, 176, 105, 547, 478, 521, 330, 501, 401, 378]
----Iteration 9----
x_Moead_Rfts_Worst=[193, 254, 254, 254, 402, 311, 402, 132, 254, 330, 435, 402, 391, 430, 479, 87, 90, 37, 207, 247, 249, 193, 230, 254, 377, 314, 298, 377, 314, 439, 470, 503, 508, 541, 125, -42, 59, 170, 229, 167, 263, 214, 297, 298, 254, 405, 314, 298, 351, 336, 423, 428, 454, 534, 570, 129, 229, 229, 92, -1, -36, 126, 108, 276, 212, 147, 164, 164, 373, 187, 132, 326, 384, 254, 249, 171, 406, 414, 254, 414, 363, 314, 431, 353, 363, 517, 496, 527, 565, 572]
y_Moead_Rfts_Worst=[407, 400, 400, 400, 153, 316, 153, 454, 400, 253, 161, 153, 189, 190, 132, 481, 500, 507, 245, 399, 441, 447, 368, 400, 124, 341, 372, 124, 341, 96, 111, 119, 89, 97, 130, 512, 479, 479, 244, 460, 257, 391, 214, 372, 400, 181, 341, 372, 291, 347, 166, 262, 143, 198, 180, 134, 96, 96, 271, 462, 503, 542, 466, 114, 340, 453, 573, 573, 207, 309, 389, 60, 94, 400, 441, 443, 122, 123, 400, 123, 311, 341, 111, 314, 311, 104, 220, 197, 21, 64]
z_Moead_Rfts_Worst=[167, 148, 148, 148, 269, 162, 269, 173, 148, 240, 238, 269, 224, 222, 222, 219, 198, 164, 320, 196, 127, 81, 218, 148, 360, 128, 162, 360, 128, 331, 316, 285, 271, 240, 477, 365, 292, 66, 362, 87, 304, 227, 351, 162, 148, 248, 128, 162, 214, 79, 268, 197, 232, 164, 183, 451, 545, 545, 469, 386, 377, 163, 333, 532, 316, 315, 152, 152, 423, 437, 332, 511, 441, 148, 127, 104, 424, 398, 148, 398, 116, 128, 338, 162, 116, 224, 209, 212, 287, 284]
----End of Run----
