----Iteration 1----
-119,169147;-160,473-136;258,16875;1,26310;22,75255;18,21978;37,355-82;50,239-71;-80,164179;131,251-96;255,66115;-38,359136;-190,204155;-143,167164;
-2,250113;-64,291101;-102,218126;-52,280112;-83,404-21;-80,33399;-119,196201;-52,280112;-183,49759;-87,4296;-83,404-21;101,9275;5,182181;116,25210;23,320-17;-72,342-75;10,166145;49,17274;41,275-5;41,275-5;85,18249;176,13760;257,-77220;258,1159;176,251-39;
-2,250113;-102,218126;-52,280112;-83,404-21;-119,196201;-52,280112;-183,49759;-87,4296;-83,404-21;101,9275;5,182181;116,25210;23,320-17;10,166145;49,17274;41,275-5;41,275-5;85,18249;176,13760;257,-77220;258,1159;176,251-39;-178,224219;-135,232217;-145,332123;-119,42726;-119,42726;-119,42726;-67,448-60;-178,224219;-54,366112;-119,42726;-52,280112;-71,393-10;-52,280112;-28,26854;23,320-17;-39,341-25;148,-34285;108,101111;10,17979;26,302-44;38,328-51;92,137127;163,-18220;54,152162;104,270-48;163,-18220;206,80143;220,15815;176,251-39;314,-5155;223,208-29;315,7394;331,26133;
-2,250113;-52,280112;-83,404-21;-119,196201;-52,280112;-183,49759;-87,4296;-83,404-21;101,9275;5,182181;116,25210;10,166145;49,17274;257,-77220;258,1159;-178,224219;-135,232217;-145,332123;-119,42726;-119,42726;-119,42726;-67,448-60;-178,224219;-54,366112;-119,42726;-52,280112;-71,393-10;-52,280112;-28,26854;148,-34285;108,101111;92,137127;54,152162;104,270-48;206,80143;314,-5155;315,7394;331,26133;-135,232217;-207,256208;-145,332123;-145,332123;-69,37687;-67,448-60;-67,448-60;-35,-19339;-158,217254;-151,279178;-68,316128;-54,366112;-83,479-26;145,-53306;-170,246190;148,-34285;-59,89219;-54,366112;33,388-12;109,-21303;81,3407;81,3407;34,35226;174,-38290;32,21492;84,322-20;84,322-20;228,-8274;153,19552;207,261-38;236,-16269;208,148106;300,44109;264,18927;242,24811;267,2086;299,12460;272,13990;
-52,280112;-52,280112;-183,49759;-87,4296;101,9275;49,17274;257,-77220;-178,224219;-135,232217;-178,224219;-52,280112;-52,280112;92,137127;54,152162;315,7394;-135,232217;-35,-19339;-158,217254;145,-53306;33,388-12;109,-21303;81,3407;81,3407;174,-38290;32,21492;84,322-20;84,322-20;153,19552;207,261-38;208,148106;300,44109;264,18927;242,24811;267,2086;299,12460;272,13990;-17,-1327;-180,235320;-180,235320;-145,353216;-96,397179;-89,411166;-102,443193;-61,6318;-10,567-12;106,-54308;96,-42350;-96,397179;183,-72286;1,271171;-53,419130;44,38645;-3,41135;157,19242;18,197240;-16,33593;-10,567-12;154,45230;69,30035;44,38645;247,4285;69,30035;207,261-38;115,29754;346,26204;299,104147;210,280-59;244,132119;300,35179;242,24811;270,15330;317,7587;
-183,49759;54,152162;315,7394;-35,-19339;-158,217254;33,388-12;-17,-1327;-180,235320;-180,235320;-89,411166;-102,443193;-10,567-12;96,-42350;-53,419130;44,38645;18,197240;-10,567-12;44,38645;115,29754;299,104147;210,280-59;317,7587;-156,177417;-195,190435;-126,198385;-63,406219;-46,50657;9,55116;-34,49568;-231,284348;-51,440126;5,49666;49,18322;-63,406219;-16,363229;9,55116;9,55116;22,335231;30,136213;43,272118;82,272104;129,32811;86,35644;73,117155;309,-46321;156,285-31;243,27295;129,32811;397,-27277;313,177132;272,229144;361,64309;381,9293;
33,388-12;-180,235320;-180,235320;-102,443193;96,-42350;44,38645;18,197240;44,38645;210,280-59;-156,177417;-195,190435;-126,198385;-63,406219;-231,284348;5,49666;-63,406219;-16,363229;22,335231;30,136213;43,272118;82,272104;129,32811;86,35644;243,27295;129,32811;397,-27277;272,229144;381,9293;-177,169435;-290,237392;-298,263377;-160,349286;-111,393249;-113,496164;-3,495171;-17,544125;-26,5926;29,553-13;-126,175404;-260,235379;-298,263377;-45,424207;19,59057;-50,28374;-126,198385;-64,348312;-65,384274;-16,363229;38,505-14;129,32811;38,505-14;251,88215;58,357-15;243,27295;192,30071;104,34025;243,27295;315,199173;416,-43285;368,77344;383,56157;397,-27277;
-180,235320;-180,235320;-102,443193;96,-42350;-156,177417;-195,190435;-126,198385;-63,406219;-231,284348;-63,406219;-16,363229;22,335231;-177,169435;-290,237392;-298,263377;-3,495171;-26,5926;-126,175404;-260,235379;-298,263377;-45,424207;19,59057;-126,198385;-64,348312;-65,384274;-16,363229;315,199173;416,-43285;368,77344;-89,434300;-89,434300;-99,521176;-1,58886;-27,79406;-117,461263;33,539140;36,566136;85,-56371;72,54389;94,-23351;23,299269;95,47458;122,-46355;142,187297;153,4857;147,155253;160,47621;191,46493;252,31880;358,155242;329,180186;281,275129;384,-28329;399,87311;324,245158;327,264137;415,134248;389,159227;
-63,406219;-63,406219;-3,495171;-45,424207;19,59057;-64,348312;-65,384274;416,-43285;368,77344;-89,434300;-89,434300;-99,521176;-1,58886;-117,461263;33,539140;36,566136;72,54389;95,47458;142,187297;147,155253;191,46493;252,31880;358,155242;281,275129;384,-28329;399,87311;324,245158;327,264137;415,134248;389,159227;-173,299479;-124,286520;-125,379404;-108,410382;-119,413332;-117,461263;-101,499231;-153,576220;-68,616161;-74,644103;-125,549257;-114,577218;-25,61843;40,198451;-107,367403;18,58872;164,91501;-22,268422;-9,335316;59,366296;102,388247;123,5385;108,205339;95,47458;167,51019;247,80365;115,305218;240,49257;324,105330;361,217219;245,49255;247,4939;286,67347;281,34473;254,451-32;358,238195;292,423-30;398,91312;384,213216;462,33548;410,281112;447,34523;481,31956;466,32931;481,31956;
-63,406219;-63,406219;-45,424207;19,59057;416,-43285;368,77344;-89,434300;-89,434300;-117,461263;72,54389;358,155242;384,-28329;399,87311;324,245158;327,264137;415,134248;389,159227;-173,299479;-124,286520;-125,379404;-108,410382;-119,413332;-117,461263;-101,499231;-153,576220;-68,616161;-74,644103;-125,549257;-114,577218;-25,61843;40,198451;-107,367403;164,91501;-22,268422;-9,335316;59,366296;102,388247;123,5385;167,51019;240,49257;324,105330;361,217219;245,49255;247,4939;286,67347;281,34473;358,238195;398,91312;384,213216;462,33548;410,281112;-124,286520;0,183619;0,183619;-97,412374;-115,548222;56,588176;-68,616161;-44,654-30;-53,384388;-132,479259;84,163577;-68,616161;125,90503;0,183619;-110,598171;162,481116;134,53391;167,563-6;212,171426;189,214389;185,312278;220,37460;212,171426;260,476119;247,4939;201,502-16;267,42387;308,310196;281,92371;345,170282;453,39333;343,89338;488,33176;448,43412;469,237158;441,113263;453,39333;
19,59057;416,-43285;72,54389;358,155242;384,-28329;399,87311;415,134248;389,159227;-173,299479;-124,286520;-125,379404;-108,410382;-119,413332;-153,576220;-68,616161;-74,644103;-125,549257;-114,577218;-25,61843;40,198451;164,91501;102,388247;240,49257;361,217219;245,49255;247,4939;281,34473;358,238195;398,91312;384,213216;462,33548;-124,286520;0,183619;0,183619;-97,412374;56,588176;-68,616161;-44,654-30;-53,384388;84,163577;-68,616161;125,90503;0,183619;162,481116;134,53391;167,563-6;212,171426;189,214389;185,312278;212,171426;260,476119;247,4939;308,310196;345,170282;453,39333;488,33176;448,43412;441,113263;453,39333;19,151632;-64,253553;-78,265485;-8,344452;-29,548235;-57,582216;-84,231557;-8,344452;-36,371415;-48,613189;49,177550;-81,411351;-37,479307;-29,548235;144,58516;182,82505;71,348407;-5,397358;183,59514;258,78498;116,387374;211,5358;208,55335;216,288338;371,109456;330,159435;290,437-45;371,26503;311,329175;440,38069;392,32089;448,43412;371,109456;415,221195;541,302180;
----Iteration 2----
8,21478;-90,238252;51,224-27;175,60-11;43,201204;17,384-30;12,292-16;34,301-97;-234,482-96;134,170226;-116,278161;-78,396-200;-135,34314;-132,30827;-121,42256;
-7,287108;-44,381-23;49,429-28;49,429-28;-165,368198;-132,315143;88,430-30;49,429-28;63,191125;88,430-30;44,458-44;63,191125;88,430-30;63,191125;71,35149;88,430-30;48,281265;63,191125;116,32988;116,32988;
48,281265;-29,374206;31,49220;31,49220;-29,374206;-156,119270;-29,374206;10,387199;31,49220;97,509-2;27,48131;27,48131;48,281265;97,509-2;97,509-2;133,365197;97,509-2;102,46819;73,472138;192,405107;192,405107;166,43086;235,298236;205,377149;
133,365197;73,472138;235,298236;-66,511113;-66,511113;-32,541104;-32,541104;-27,166338;-7,437207;76,381295;-32,541104;27,394254;-17,422240;144,218336;147,237315;147,237315;112,391270;133,52544;176,55933;138,271319;112,391270;133,52544;174,140303;183,462104;255,453142;176,55933;255,276263;250,382182;212,419153;264,266268;252,325228;255,453142;
73,472138;235,298236;-32,541104;-32,541104;-27,166338;76,381295;-32,541104;144,218336;147,237315;147,237315;112,391270;176,55933;138,271319;112,391270;183,462104;255,453142;176,55933;255,276263;250,382182;264,266268;252,325228;255,453142;-134,472182;-117,506158;59,350317;76,381295;-32,541104;83,56497;76,381295;81,465256;-59,517150;81,465256;151,392268;221,53772;125,428211;255,453142;212,281263;221,53772;151,392268;275,46081;246,50332;259,286260;246,50332;317,227296;255,453142;272,428153;357,173331;
144,218336;147,237315;147,237315;176,55933;138,271319;183,462104;176,55933;83,56497;81,465256;81,465256;151,392268;221,53772;221,53772;151,392268;246,50332;246,50332;357,173331;-28,189433;61,302368;96,422304;81,465256;81,465256;47,508209;47,508209;6,59086;135,423302;46,479229;96,282379;52,290396;75,352352;135,423302;103,464298;81,465256;215,560-4;96,282379;81,465256;136,435220;174,552200;221,53772;337,453155;300,477102;300,477102;338,417193;357,173331;420,260291;354,346284;390,262304;381,278294;390,262304;
144,218336;176,55933;176,55933;83,56497;221,53772;221,53772;246,50332;246,50332;6,59086;96,282379;52,290396;103,464298;215,560-4;96,282379;174,552200;221,53772;337,453155;300,477102;300,477102;338,417193;354,346284;43,238479;43,238479;72,383369;72,383369;95,393361;80,62244;51,665-5;45,693-17;101,241400;92,470266;73,163460;66,284392;6,66262;177,672-39;193,641-73;95,393361;169,59712;95,63010;126,207360;170,403313;156,438321;180,512254;219,513252;254,54228;176,55933;300,477102;388,217349;277,426168;259,50149;322,476144;339,451155;373,408202;451,304309;421,306322;
176,55933;176,55933;83,56497;52,290396;174,552200;337,453155;338,417193;354,346284;95,393361;51,665-5;45,693-17;101,241400;73,163460;66,284392;6,66262;177,672-39;193,641-73;95,393361;169,59712;95,63010;156,438321;180,512254;219,513252;176,55933;388,217349;339,451155;373,408202;48,197500;-4,300481;122,378384;92,401370;77,444322;168,508298;53,573100;82,65986;13,693-7;55,261492;161,474300;88,527310;191,418332;193,641-73;181,476292;281,5637;193,622-39;352,240396;283,450312;281,5637;322,432309;284,460307;333,498176;454,314338;377,497137;388,217349;388,217349;415,332341;449,388221;345,558115;450,340271;399,522108;402,50481;490,291291;
174,552200;73,163460;177,672-39;193,641-73;169,59712;180,512254;219,513252;48,197500;-4,300481;122,378384;92,401370;168,508298;55,261492;161,474300;88,527310;193,641-73;181,476292;281,5637;193,622-39;283,450312;281,5637;322,432309;284,460307;333,498176;454,314338;377,497137;415,332341;449,388221;345,558115;450,340271;399,522108;402,50481;490,291291;86,368409;195,467367;49,578299;103,601146;27,624156;70,71662;55,261492;46,295496;70,324448;50,555308;73,163460;161,650100;85,673110;309,297408;96,519305;167,646142;233,439369;233,439369;249,493265;238,6000;366,220434;309,297408;426,376337;284,460307;292,533144;278,58134;390,325397;393,393324;378,461290;342,509117;402,50481;415,332341;448,49319;462,369190;490,291291;463,365223;
174,552200;177,672-39;193,641-73;169,59712;180,512254;219,513252;-4,300481;168,508298;55,261492;88,527310;193,641-73;193,622-39;333,498176;454,314338;377,497137;415,332341;449,388221;345,558115;450,340271;399,522108;402,50481;490,291291;195,467367;49,578299;103,601146;70,71662;55,261492;46,295496;70,324448;50,555308;161,650100;85,673110;309,297408;167,646142;233,439369;233,439369;249,493265;238,6000;366,220434;309,297408;426,376337;292,533144;278,58134;390,325397;393,393324;378,461290;342,509117;402,50481;415,332341;448,49319;462,369190;490,291291;463,365223;162,197559;240,291467;151,523373;187,500326;76,611197;40,628178;84,696101;165,468380;94,557303;125,69634;257,287475;240,291467;123,327435;190,417418;92,581238;429,307394;278,58134;328,288426;390,325397;373,476344;335,56831;412,276416;311,508249;429,307394;387,54733;429,307394;479,44868;
177,672-39;193,641-73;180,512254;219,513252;-4,300481;168,508298;88,527310;193,641-73;193,622-39;454,314338;377,497137;449,388221;450,340271;490,291291;195,467367;49,578299;103,601146;70,71662;46,295496;50,555308;161,650100;85,673110;309,297408;167,646142;233,439369;233,439369;249,493265;238,6000;309,297408;426,376337;390,325397;393,393324;378,461290;448,49319;490,291291;162,197559;240,291467;151,523373;187,500326;76,611197;40,628178;84,696101;165,468380;94,557303;125,69634;240,291467;190,417418;429,307394;328,288426;390,325397;373,476344;335,56831;412,276416;311,508249;429,307394;387,54733;429,307394;479,44868;257,290489;137,473389;93,547308;83,598207;45,626205;85,660139;210,294460;190,575249;195,152519;183,330470;94,393436;254,268496;226,352421;138,556263;335,344399;232,61815;367,242444;314,587239;372,513222;364,567157;367,242444;402,545112;412,276416;387,54733;412,276416;443,373386;464,422110;402,545112;442,51188;480,330330;448,49319;498,378270;
----Iteration 7----
57,10661;90,24314;-18,328-59;83,20929;196,236-164;-63,344-38;155,79101;124,342-84;127,9575;27,321292;136,-237128;55,69116;56,17051;-256,412-148;
129,203249;129,203249;20,35370;82,246239;31,229266;54,310117;82,246239;111,215250;96,275142;129,203249;96,275142;129,203249;126,205275;129,203249;129,203249;121,211254;121,211254;144,193274;159,201236;159,201236;
-25,399-43;-25,399-43;-59,453-74;-25,399-43;14,385121;47,364145;-25,399-43;29,342169;124,322269;63,36388;237,250263;226,277289;178,304154;208,289290;208,289290;226,277289;226,277289;255,243266;
-59,453-74;47,364145;29,342169;124,322269;237,250263;226,277289;178,304154;208,289290;208,289290;226,277289;226,277289;255,243266;70,268312;-11,454-84;42,345168;24,357169;42,345168;85,411136;85,411136;158,160298;124,322269;85,411136;226,277289;226,277289;218,285294;124,322269;208,289290;263,296206;208,289290;272,242270;302,283188;301,208247;302,283188;301,208247;
124,322269;208,289290;208,289290;255,243266;-11,454-84;124,322269;124,322269;208,289290;263,296206;208,289290;272,242270;302,283188;301,208247;302,283188;301,208247;117,225322;53,230332;-20,41751;117,225322;-45,472-40;96,408186;125,413172;209,318266;124,322269;200,297295;147,402255;243,308267;215,287320;200,297295;192,396267;238,285305;254,251237;231,311250;246,301275;217,331225;284,197257;283,220248;282,224219;268,326141;302,283188;
208,289290;208,289290;-11,454-84;208,289290;208,289290;-45,472-40;209,318266;200,297295;147,402255;243,308267;215,287320;200,297295;192,396267;238,285305;231,311250;246,301275;284,197257;268,326141;50,261349;71,269331;-46,320354;-45,472-40;-46,320354;131,184360;65,301320;200,297295;147,402255;146,431286;192,396267;146,431286;215,314278;273,317237;230,295286;245,331245;201,359231;230,295286;272,259357;265,391193;357,252252;371,302236;426,266183;
209,318266;243,308267;215,287320;192,396267;238,285305;246,301275;131,184360;192,396267;245,331245;201,359231;272,259357;357,252252;371,302236;74,356348;117,466309;163,431290;136,474186;-18,589179;-18,589179;18,491137;-1,507109;125,177371;174,433210;-50,552240;102,346381;74,490257;232,315318;221,490176;232,315318;193,373276;192,396267;328,302237;227,426223;358,229261;347,286265;324,343244;268,429198;324,343244;315,386208;371,302236;388,333214;348,348173;387,335155;457,294240;497,268166;
215,287320;192,396267;238,285305;131,184360;192,396267;272,259357;371,302236;74,356348;117,466309;163,431290;-18,589179;-18,589179;125,177371;-50,552240;102,346381;74,490257;232,315318;221,490176;232,315318;193,373276;192,396267;328,302237;227,426223;347,286265;324,343244;324,343244;315,386208;371,302236;348,348173;457,294240;86,179390;74,356348;34,364338;153,476284;104,489243;157,542221;-17,566188;-23,578182;-60,628172;164,423319;135,591175;-10,626153;187,317348;157,542221;181,575178;246,365302;246,365302;178,469269;200,559206;228,517168;290,539142;206,541138;301,321284;225,525166;318,438201;290,539142;347,286265;321,285284;323,327280;284,489159;371,302236;344,346198;343,389152;290,539142;474,325218;371,302236;474,325218;457,294240;417,343220;466,333223;474,325218;505,280267;
192,396267;131,184360;192,396267;272,259357;117,466309;163,431290;-50,552240;102,346381;74,490257;193,373276;192,396267;227,426223;457,294240;153,476284;104,489243;157,542221;-60,628172;164,423319;135,591175;-10,626153;157,542221;181,575178;246,365302;246,365302;178,469269;200,559206;228,517168;290,539142;301,321284;225,525166;318,438201;290,539142;321,285284;323,327280;284,489159;290,539142;474,325218;474,325218;457,294240;466,333223;474,325218;505,280267;92,244431;54,266476;71,424375;71,424375;96,458327;37,467328;104,489243;138,525232;-72,565230;4,606191;-44,651164;32,442378;-10,626153;128,254406;174,578157;113,252413;308,298327;107,434350;222,545202;224,548193;190,571121;257,331349;274,341280;200,559206;260,506201;296,550111;290,310328;308,298327;337,496152;351,320278;308,298327;419,294275;354,398161;337,496152;436,347263;387,386250;349,409185;428,355268;502,221272;466,333223;469,213303;490,283197;
192,396267;192,396267;117,466309;163,431290;-50,552240;102,346381;193,373276;192,396267;457,294240;153,476284;104,489243;157,542221;-60,628172;164,423319;135,591175;-10,626153;157,542221;181,575178;246,365302;246,365302;178,469269;200,559206;228,517168;290,539142;225,525166;318,438201;290,539142;290,539142;474,325218;474,325218;457,294240;466,333223;474,325218;505,280267;92,244431;54,266476;71,424375;71,424375;96,458327;37,467328;104,489243;138,525232;-72,565230;4,606191;-44,651164;-10,626153;128,254406;174,578157;113,252413;308,298327;107,434350;222,545202;224,548193;190,571121;257,331349;274,341280;200,559206;260,506201;296,550111;290,310328;308,298327;337,496152;308,298327;337,496152;436,347263;387,386250;349,409185;428,355268;502,221272;466,333223;469,213303;490,283197;15,279494;16,382467;33,446420;33,446420;13,458370;77,492312;94,528248;39,586202;62,515264;4,606191;89,267424;92,333411;135,591175;161,300399;254,333375;181,392350;115,464314;219,518223;272,321374;291,457248;290,310328;310,515199;427,332300;427,332300;362,462112;354,470117;368,402222;411,288339;367,423144;451,343202;483,263287;513,295168;
117,466309;-50,552240;102,346381;457,294240;153,476284;157,542221;-60,628172;164,423319;135,591175;-10,626153;157,542221;181,575178;246,365302;246,365302;178,469269;200,559206;290,539142;318,438201;290,539142;290,539142;474,325218;474,325218;457,294240;466,333223;474,325218;505,280267;54,266476;71,424375;71,424375;96,458327;37,467328;-72,565230;4,606191;-44,651164;-10,626153;174,578157;308,298327;107,434350;222,545202;224,548193;257,331349;274,341280;200,559206;260,506201;296,550111;290,310328;308,298327;337,496152;308,298327;337,496152;436,347263;428,355268;502,221272;466,333223;469,213303;490,283197;15,279494;16,382467;33,446420;33,446420;13,458370;77,492312;39,586202;4,606191;92,333411;135,591175;254,333375;181,392350;115,464314;219,518223;272,321374;291,457248;290,310328;310,515199;427,332300;427,332300;362,462112;354,470117;411,288339;451,343202;483,263287;6,310518;22,354479;-6,464423;108,532288;141,549244;-25,397469;-98,493373;130,545252;60,332434;99,314431;129,540270;161,577209;251,311450;159,436328;257,563129;201,571165;224,439309;272,468208;263,558189;281,307403;313,421275;422,432264;329,504157;412,342275;431,45191;512,365143;513,329181;
----Iteration 5----
-102,37695;-287,439-149;-116,334201;23,274-7;10,29146;89,3153;215,19199;29,-13199;83,158106;67,23478;124,205-41;9,184143;-56,153150;29,393-11;-2,277147;
-7,182131;-63,163183;-89,167178;-195,27655;-98,22880;-110,25797;-145,27170;-145,27170;-63,163183;-52,167175;-72,198156;-212,274178;-90,144212;-60,151187;-190,202189;-74,26772;-74,26772;-89,167178;-2,156155;-18,112194;-2,156155;-58,19896;60,19241;-14,20747;83,91120;36,134110;3,153140;60,19241;76,12999;117,48167;145,227-81;230,70134;230,70134;230,70134;230,70134;230,70134;230,70134;
-212,274178;-2,156155;-2,156155;3,153140;230,70134;230,70134;230,70134;230,70134;230,70134;230,70134;-76,162218;-50,187213;-47,206192;-47,206192;-95,254173;-95,254173;-179,31423;-100,29251;-43,174212;-13,187210;-36,265158;66,274135;1,125203;-10,92210;24,118206;214,26173;89,109127;126,117126;204,28084;192,107188;183,272102;183,272102;259,78114;213,8789;213,8789;
-212,274178;-50,187213;-47,206192;-47,206192;-13,187210;66,274135;204,28084;183,272102;183,272102;-58,152318;-55,171297;-55,171297;-100,191284;-100,191284;-55,271210;-55,271210;12,292145;20,147261;-74,187289;112,265160;28,179248;134,109208;197,24686;180,330110;225,108222;220,149201;292,101199;311,85207;296,24485;367,79216;338,122167;329,19585;
204,28084;183,272102;183,272102;112,265160;197,24686;180,330110;220,149201;292,101199;296,24485;367,79216;338,122167;-24,315228;90,272319;95,318168;-5,165320;-96,321189;144,313135;-24,315228;195,119267;190,152228;129,160231;260,92270;197,24686;272,104258;272,104258;291,124190;237,245100;283,108250;314,23284;348,95208;310,144173;332,226120;385,67215;340,108186;332,226120;367,79216;364,19477;411,29127;367,79216;
204,28084;183,272102;183,272102;112,265160;180,330110;220,149201;296,24485;367,79216;338,122167;90,272319;95,318168;-5,165320;144,313135;195,119267;190,152228;129,160231;260,92270;272,104258;272,104258;237,245100;283,108250;348,95208;310,144173;332,226120;385,67215;340,108186;332,226120;367,79216;411,29127;367,79216;242,67351;59,357253;120,122303;83,291202;155,358113;136,374105;239,106331;69,284215;144,313135;234,132256;242,67351;229,28877;229,28877;260,92270;315,106225;336,114207;209,266122;267,27574;283,108250;303,22892;303,25227;367,79216;315,125203;360,23386;303,25227;367,79216;391,67158;384,15646;369,19982;409,55157;
204,28084;183,272102;183,272102;180,330110;220,149201;296,24485;367,79216;90,272319;-5,165320;190,152228;129,160231;260,92270;237,245100;332,226120;385,67215;332,226120;367,79216;411,29127;367,79216;242,67351;59,357253;120,122303;83,291202;155,358113;136,374105;239,106331;69,284215;242,67351;229,28877;229,28877;260,92270;209,266122;303,22892;303,25227;367,79216;360,23386;303,25227;367,79216;384,15646;369,19982;409,55157;233,96361;232,119352;-20,157324;-125,247327;-89,416202;48,353261;-8,43588;155,358113;-20,157324;-57,453141;271,89320;271,89320;233,117318;106,170264;69,284215;108,352174;129,362108;129,362108;241,145281;134,158219;200,242148;168,340161;129,362108;129,362108;141,351119;260,92270;205,192181;271,89320;295,28240;279,31374;314,24261;351,135259;369,67221;376,156194;369,19982;382,101162;369,19982;394,90173;
296,24485;367,79216;90,272319;237,245100;332,226120;332,226120;367,79216;367,79216;242,67351;59,357253;242,67351;229,28877;229,28877;209,266122;303,22892;303,25227;367,79216;360,23386;303,25227;367,79216;384,15646;369,19982;409,55157;233,96361;232,119352;-125,247327;-89,416202;48,353261;-8,43588;-57,453141;271,89320;271,89320;241,145281;200,242148;168,340161;205,192181;271,89320;295,28240;279,31374;314,24261;351,135259;376,156194;369,19982;369,19982;394,90173;140,179398;-125,247327;-125,247327;-97,296275;-97,296275;36,364250;48,353261;-110,487142;-61,46989;23,376234;60,45262;207,170372;170,205387;163,248314;122,403222;160,406126;62,41980;157,387147;160,406126;252,142331;222,178297;188,400115;227,36190;271,89320;271,89320;264,161261;230,33074;317,106316;351,135259;388,73275;383,190192;295,28240;388,73275;439,106152;410,145142;360,23386;432,127150;
209,266122;360,23386;384,15646;369,19982;232,119352;-57,453141;271,89320;271,89320;241,145281;168,340161;271,89320;295,28240;279,31374;351,135259;376,156194;369,19982;369,19982;-110,487142;-61,46989;60,45262;207,170372;122,403222;160,406126;157,387147;160,406126;252,142331;222,178297;188,400115;271,89320;271,89320;264,161261;317,106316;351,135259;388,73275;383,190192;295,28240;388,73275;439,106152;410,145142;360,23386;432,127150;177,264472;148,307423;41,431299;67,427304;100,435273;-71,480171;-67,521131;155,299406;178,241481;148,307423;60,45262;267,112406;173,273383;123,396145;173,273383;188,400115;255,262261;231,365101;205,36996;261,29586;352,72332;358,224232;335,265130;380,88275;356,253131;335,265130;437,107207;383,190192;437,107207;383,190192;
360,23386;384,15646;369,19982;-57,453141;376,156194;369,19982;369,19982;-110,487142;122,403222;160,406126;157,387147;160,406126;188,400115;383,190192;410,145142;360,23386;432,127150;177,264472;148,307423;41,431299;67,427304;100,435273;-71,480171;-67,521131;155,299406;178,241481;148,307423;173,273383;123,396145;173,273383;188,400115;358,224232;383,190192;383,190192;212,156512;219,171498;160,173482;177,264472;148,307423;107,357402;101,385390;120,370366;78,409359;78,409359;-100,475185;185,256467;-56,437219;230,144511;46,469106;247,191457;142,335411;120,370366;262,111444;300,177420;161,320387;158,348321;176,381213;221,46276;289,173428;257,207391;338,208321;348,321292;279,382107;365,152418;348,321292;327,380224;414,110471;367,124433;356,258312;428,61517;342,370249;345,338162;460,75452;424,140213;545,72340;512,119330;
-110,487142;177,264472;148,307423;41,431299;67,427304;100,435273;-67,521131;155,299406;178,241481;148,307423;212,156512;219,171498;160,173482;177,264472;148,307423;107,357402;101,385390;120,370366;78,409359;78,409359;185,256467;-56,437219;230,144511;46,469106;247,191457;142,335411;120,370366;161,320387;158,348321;289,173428;257,207391;348,321292;365,152418;348,321292;327,380224;414,110471;367,124433;428,61517;342,370249;345,338162;460,75452;545,72340;512,119330;198,106528;198,106528;226,183475;124,290453;83,340432;32,418334;-49,481213;-88,527131;156,256490;115,306469;65,396395;223,49176;-41,485101;282,456167;223,49176;343,159447;343,159447;317,184426;149,284432;265,359295;196,409249;460,75452;393,274383;298,403250;312,415236;414,110471;342,370249;439,113415;410,286310;381,329261;342,370249;451,162370;485,41412;451,162370;463,132289;434,175240;491,126278;440,168250;502,133252;460,143328;515,119249;
----Iteration 0----
232,201113;193,58116;16,138294;-165,188203;123,43489;132,94153;23,201154;-86,140180;18,321144;
26,421345;-22,486382;64,269412;143,441229;141,494269;79,277378;34,351377;124,463291;167,180328;125,450308;152,172362;191,159344;117,192351;141,494269;235,131358;221,180312;235,131358;
26,421345;-22,486382;64,269412;141,494269;79,277378;34,351377;124,463291;167,180328;125,450308;152,172362;117,192351;141,494269;-7,445390;-44,487340;-15,484348;-15,484348;23,319391;141,494269;141,494269;24,283379;24,283379;78,400322;56,327360;107,496289;140,571286;79,277378;93,380322;141,494269;156,540252;156,540252;176,542223;196,144376;141,494269;156,540252;255,210323;279,350256;218,433248;256,174361;255,210323;
26,421345;-22,486382;64,269412;141,494269;79,277378;34,351377;152,172362;117,192351;141,494269;-7,445390;-44,487340;-15,484348;-15,484348;23,319391;141,494269;141,494269;24,283379;24,283379;140,571286;79,277378;141,494269;156,540252;156,540252;176,542223;196,144376;141,494269;156,540252;255,210323;279,350256;218,433248;256,174361;255,210323;-49,461397;18,477357;-23,457402;-81,338405;49,566316;-4,283422;11,460362;76,579255;64,269412;64,269412;140,571286;107,563317;110,260437;64,330363;138,482323;124,527325;140,571286;185,396331;139,405306;213,535268;215,128404;249,506205;233,116403;282,254299;269,371265;292,254288;301,300273;275,465169;309,227265;
26,421345;-22,486382;64,269412;-7,445390;-44,487340;-15,484348;-15,484348;279,350256;-49,461397;18,477357;-23,457402;11,460362;64,269412;64,269412;110,260437;185,396331;269,371265;301,300273;-49,461397;-8,481352;69,589280;29,292462;29,307452;-48,425435;18,477357;70,242483;-43,433409;198,579266;98,287410;106,509337;150,224453;161,573333;185,523307;255,574282;216,390391;216,390391;185,523307;291,545219;259,187423;259,187423;369,271290;198,579266;307,200393;357,195408;321,319271;357,195408;294,413173;356,265392;298,408190;355,269383;357,195408;337,281384;
-7,445390;-49,461397;-23,457402;-49,461397;69,589280;29,292462;29,307452;70,242483;198,579266;106,509337;150,224453;161,573333;255,574282;216,390391;216,390391;198,579266;357,195408;357,195408;356,265392;355,269383;357,195408;337,281384;29,292462;29,307452;-62,464410;-22,518395;-22,518395;-22,591359;-41,607331;-63,608289;69,589280;186,590255;269,191454;213,529333;216,390391;184,444449;209,503370;234,566300;321,567278;294,531309;299,112433;325,172430;325,315383;264,391330;424,248403;294,531309;321,567278;390,476301;383,255405;424,248403;440,471316;440,471316;440,471316;424,248403;440,471316;
106,509337;161,573333;255,574282;-22,591359;269,191454;213,529333;184,444449;209,503370;234,566300;321,567278;294,531309;325,315383;264,391330;424,248403;294,531309;321,567278;383,255405;424,248403;440,471316;440,471316;440,471316;424,248403;440,471316;208,303485;49,437451;11,527435;11,527435;-24,647405;12,618342;68,653242;47,634284;49,505390;133,596306;236,606269;183,608234;316,169462;213,529333;400,199452;232,396468;294,531309;321,567278;321,567278;320,590269;381,314401;340,464317;413,491311;346,533238;400,199452;409,202420;395,349356;346,533238;400,199452;433,437318;346,533238;433,437318;
161,573333;255,574282;213,529333;184,444449;234,566300;321,567278;294,531309;294,531309;321,567278;440,471316;440,471316;440,471316;440,471316;11,527435;11,527435;-24,647405;68,653242;133,596306;236,606269;183,608234;213,529333;400,199452;294,531309;321,567278;321,567278;320,590269;381,314401;340,464317;413,491311;346,533238;400,199452;346,533238;400,199452;346,533238;272,329517;96,508477;61,522450;-5,631433;25,691368;38,706284;47,725255;-8,612454;-4,649376;70,634333;51,666320;375,398487;163,453432;157,498408;138,526433;212,579308;208,648193;210,611197;260,508375;281,600196;317,494332;322,569271;407,233450;454,235446;424,294449;413,491311;413,529266;477,206438;532,395349;463,524281;413,529266;503,354394;484,443330;484,481285;503,354394;
161,573333;255,574282;213,529333;184,444449;234,566300;321,567278;321,567278;440,471316;440,471316;440,471316;440,471316;11,527435;11,527435;133,596306;236,606269;213,529333;321,567278;321,567278;320,590269;340,464317;413,491311;272,329517;96,508477;61,522450;-5,631433;25,691368;-8,612454;70,634333;51,666320;375,398487;163,453432;157,498408;138,526433;212,579308;208,648193;210,611197;260,508375;281,600196;317,494332;322,569271;454,235446;424,294449;413,491311;477,206438;532,395349;463,524281;503,354394;484,443330;484,481285;503,354394;231,379496;128,468476;-5,631433;23,667414;25,691368;53,740316;53,740316;96,508477;62,551430;101,753286;296,279491;280,423459;44,675396;151,655287;151,655287;323,423452;239,446407;157,520360;201,647241;413,365477;314,416455;299,548321;249,667109;375,398487;322,569271;307,625195;477,206438;463,524281;419,552267;503,354394;400,584254;562,336346;484,443330;571,193352;594,321302;
161,573333;255,574282;184,444449;321,567278;321,567278;440,471316;440,471316;440,471316;440,471316;11,527435;11,527435;133,596306;321,567278;321,567278;320,590269;340,464317;413,491311;272,329517;96,508477;61,522450;-5,631433;25,691368;-8,612454;51,666320;375,398487;163,453432;138,526433;212,579308;208,648193;260,508375;317,494332;322,569271;413,491311;477,206438;532,395349;463,524281;503,354394;484,443330;484,481285;503,354394;231,379496;128,468476;-5,631433;23,667414;25,691368;53,740316;53,740316;96,508477;62,551430;101,753286;280,423459;44,675396;151,655287;151,655287;323,423452;239,446407;201,647241;413,365477;314,416455;299,548321;249,667109;375,398487;322,569271;307,625195;477,206438;463,524281;419,552267;503,354394;400,584254;562,336346;484,443330;594,321302;240,280568;295,327536;380,357508;53,474488;-5,631433;-5,631433;79,661423;106,712307;126,719246;366,307524;295,365491;92,627415;182,673241;380,357508;238,530411;299,548321;256,616275;295,658134;249,667109;458,338487;452,366475;381,454382;302,567300;328,607231;458,338487;419,552267;374,588249;350,589239;484,443330;419,552267;437,540266;419,552267;660,172403;633,151424;566,301387;594,321302;605,207421;623,273340;639,294312;642,184404;
255,574282;184,444449;321,567278;321,567278;440,471316;440,471316;440,471316;440,471316;321,567278;321,567278;320,590269;413,491311;272,329517;-5,631433;25,691368;-8,612454;51,666320;375,398487;163,453432;212,579308;260,508375;322,569271;413,491311;532,395349;463,524281;503,354394;484,443330;484,481285;503,354394;231,379496;-5,631433;23,667414;25,691368;53,740316;53,740316;101,753286;280,423459;44,675396;151,655287;151,655287;323,423452;201,647241;413,365477;314,416455;249,667109;375,398487;322,569271;307,625195;463,524281;419,552267;503,354394;400,584254;562,336346;484,443330;594,321302;240,280568;295,327536;380,357508;-5,631433;-5,631433;79,661423;106,712307;126,719246;366,307524;295,365491;92,627415;182,673241;380,357508;238,530411;256,616275;295,658134;249,667109;458,338487;452,366475;381,454382;302,567300;328,607231;458,338487;419,552267;374,588249;350,589239;484,443330;419,552267;437,540266;419,552267;660,172403;633,151424;566,301387;594,321302;605,207421;623,273340;639,294312;642,184404;332,358516;80,539511;44,675396;247,314566;376,283525;155,579479;80,539511;168,601418;127,613442;234,686199;413,365477;306,492408;392,535368;317,548339;257,618268;266,607280;334,645116;413,365477;350,589239;372,617118;482,299448;484,443330;382,597135;463,524281;583,274364;532,433304;463,524281;582,297355;558,445248;488,461290;599,395269;664,218379;642,184404;656,320198;
----Iteration 4----
-52,97168;-7,358-141;153,169131;-55,42581;-45,67256;124,202-1;-49,25277;40,1719;-86,90198;-9,-77292;-79,23298;-185,33592;-37,337-15;-162,35283;95,81222;-21,26139;-39,87243;24,207118;-90,24387;
81,38917;66,38151;66,38151;81,38917;81,38917;65,42533;65,42533;81,38917;43,259220;81,38917;87,38029;97,36229;115,35028;89,3757;219,132249;115,35028;179,168258;154,243124;126,31978;236,214247;258,222184;126,31978;162,235119;285,221159;
81,38917;81,38917;81,38917;65,42533;65,42533;81,38917;81,38917;219,132249;179,168258;236,214247;258,222184;285,221159;140,297249;140,297249;82,4463;81,469-6;113,198399;125,269364;50,41767;128,188424;158,186411;140,297249;131,328241;124,382166;82,4463;177,165344;132,264340;125,269364;191,110332;251,260230;139,327139;216,166307;236,30863;151,35567;262,30468;202,322154;236,214247;245,180243;256,267189;222,270159;256,267189;
81,469-6;113,198399;125,269364;128,188424;158,186411;132,264340;125,269364;251,260230;256,267189;256,267189;70,280412;70,280412;62,385370;47,395345;144,388184;128,188424;47,395345;59,437278;91,436140;147,458108;167,175406;18,438296;200,201393;45,486232;187,230382;101,309291;94,314315;190,336278;174,377181;147,458108;200,201393;200,201393;247,210325;249,267312;207,327197;197,35585;286,133364;336,344149;190,336278;297,343186;296,249278;
81,469-6;128,188424;70,280412;70,280412;62,385370;144,388184;128,188424;147,458108;45,486232;187,230382;190,336278;147,458108;247,210325;249,267312;207,327197;286,133364;336,344149;190,336278;297,343186;296,249278;89,248425;85,270437;131,348398;62,385370;61,445329;-3,526220;-3,526220;-43,538164;139,221421;37,257467;75,373385;76,435354;50,510158;94,357393;75,373385;26,459302;0,508193;209,204420;131,348398;95,403367;147,458108;155,345355;95,403367;164,456179;197,453123;205,270350;201,381265;246,391157;197,453123;286,133364;209,204420;241,430143;197,453123;267,335195;260,398156;288,268275;270,384113;314,331187;
81,469-6;147,458108;45,486232;147,458108;336,344149;297,343186;296,249278;131,348398;-3,526220;-3,526220;37,257467;75,373385;50,510158;94,357393;75,373385;131,348398;147,458108;155,345355;164,456179;197,453123;201,381265;197,453123;241,430143;197,453123;260,398156;270,384113;314,331187;-13,262452;94,454369;-22,542212;174,326450;54,468336;20,519281;-3,526220;33,503173;53,504150;326,186522;152,419381;94,454369;114,468172;273,242435;326,186522;365,187485;229,358279;201,426226;241,430143;289,334395;256,420168;241,430143;294,341266;323,226478;272,375254;336,344149;365,187485;326,186522;336,344149;366,342136;
147,458108;147,458108;131,348398;131,348398;147,458108;164,456179;197,453123;201,381265;197,453123;241,430143;197,453123;174,326450;20,519281;326,186522;152,419381;114,468172;326,186522;229,358279;201,426226;241,430143;289,334395;241,430143;294,341266;323,226478;272,375254;326,186522;43,229479;106,462421;91,472396;91,472396;61,546247;109,444394;61,546247;326,186522;109,444394;109,444394;109,444394;107,458379;134,470143;250,347413;331,271467;285,319447;378,191495;252,434135;373,232474;324,306429;331,271467;424,278346;390,321299;429,395230;410,427217;410,427217;424,278346;429,395230;
174,326450;289,334395;323,226478;250,347413;331,271467;285,319447;378,191495;373,232474;324,306429;331,271467;424,278346;429,395230;410,427217;410,427217;424,278346;429,395230;287,199540;164,547389;117,561351;127,583200;191,528429;179,539418;164,547389;250,347413;191,528429;230,529392;359,195562;279,266494;191,528429;331,271467;289,348376;329,483293;366,484259;319,483333;323,342391;335,452299;330,568273;335,452299;366,484259;409,219449;399,317354;394,348328;382,453225;411,345311;404,276375;424,278346;456,424227;424,436209;424,436209;
331,271467;373,232474;324,306429;331,271467;424,278346;429,395230;410,427217;410,427217;424,278346;429,395230;164,547389;191,528429;179,539418;164,547389;191,528429;230,529392;359,195562;191,528429;331,271467;329,483293;319,483333;323,342391;330,568273;409,219449;394,348328;382,453225;411,345311;404,276375;424,278346;456,424227;424,436209;424,436209;279,228577;191,528429;144,542391;121,577360;176,599329;189,408481;125,487434;173,362501;189,583332;279,228577;279,228577;293,285530;163,402563;295,552318;279,228577;295,387499;246,498358;295,552318;340,227549;355,477304;361,525238;379,197533;354,420312;379,488269;373,232474;383,389324;357,498270;382,278459;416,324364;459,367292;428,460178;393,234445;393,234445;461,383248;437,449173;
331,271467;324,306429;331,271467;424,278346;410,427217;410,427217;424,278346;191,528429;191,528429;230,529392;359,195562;191,528429;331,271467;329,483293;319,483333;323,342391;330,568273;409,219449;394,348328;382,453225;411,345311;424,278346;456,424227;424,436209;424,436209;279,228577;191,528429;176,599329;189,408481;189,583332;279,228577;279,228577;293,285530;163,402563;295,552318;279,228577;295,387499;246,498358;295,552318;340,227549;355,477304;361,525238;379,197533;354,420312;379,488269;383,389324;357,498270;382,278459;416,324364;459,367292;428,460178;437,449173;236,194588;222,399577;189,408481;191,528429;191,528429;198,562427;155,592398;224,611319;119,632263;149,518464;163,402563;258,448479;301,623256;174,497451;198,562427;198,562427;325,621284;301,623256;359,195562;288,245572;295,387499;256,551355;325,621284;360,172571;310,304525;393,237504;355,477304;350,518283;359,532247;359,532247;379,488269;361,525238;395,166499;405,282413;516,288345;514,338270;483,419253;520,325268;
324,306429;424,278346;410,427217;410,427217;424,278346;230,529392;359,195562;329,483293;319,483333;323,342391;330,568273;394,348328;382,453225;411,345311;424,278346;456,424227;424,436209;424,436209;176,599329;189,583332;163,402563;295,552318;295,387499;295,552318;340,227549;355,477304;379,197533;354,420312;379,488269;383,389324;357,498270;382,278459;416,324364;459,367292;428,460178;437,449173;222,399577;224,611319;119,632263;149,518464;163,402563;258,448479;301,623256;174,497451;325,621284;301,623256;359,195562;288,245572;295,387499;256,551355;325,621284;360,172571;310,304525;393,237504;355,477304;350,518283;359,532247;359,532247;379,488269;395,166499;405,282413;516,288345;514,338270;483,419253;520,325268;233,212615;222,399577;258,448479;211,566437;168,596408;233,212615;231,365573;249,420556;239,464451;224,611319;363,599239;328,231605;308,327538;295,387499;258,448479;237,563390;268,540366;379,197533;393,237504;374,269491;363,599239;365,280496;379,488269;413,239475;417,456186;379,488269;516,288345;509,388272;413,239475;483,419253;499,300294;546,286332;
----Iteration 3----
35,79272;-6,311128;163,49-76;-265,34256;-121,298144;-38,180243;18,100230;-71,32225;92,35517;128,272181;129,180-149;138,154102;-140,370-77;
-82,280253;8,302243;-13,249246;28,267142;19,318117;19,318117;12,35696;119,160175;49,27713;78,132194;293,16199;250,127110;284,195103;284,195103;304,22152;
-110,216364;-88,241323;-110,321290;-110,321290;-110,321290;-88,241323;72,340284;-34,395180;-16,352269;52,318304;71,376246;114,35763;72,340284;269,286156;236,230160;204,275217;281,191158;344,25196;269,286156;269,286156;329,205113;344,25196;344,25196;
344,25196;329,205113;344,25196;344,25196;13,4815;13,4815;-19,47541;300,439313;300,439313;259,403393;270,441342;300,439313;283,408335;279,405364;283,408335;300,439313;300,439313;300,439313;319,357417;334,160273;364,158260;344,25196;364,158260;
300,439313;300,439313;259,403393;270,441342;300,439313;279,405364;300,439313;300,439313;300,439313;319,357417;79,414425;79,414425;79,414425;79,414425;69,451390;62,383447;79,414425;276,434371;215,534268;300,439313;229,523251;310,391418;310,391418;240,520301;300,439313;240,520301;334,396360;409,406339;370,419357;456,363349;456,363349;502,328330;533,334293;476,365320;
300,439313;300,439313;270,441342;300,439313;279,405364;300,439313;300,439313;300,439313;319,357417;79,414425;79,414425;79,414425;79,414425;69,451390;62,383447;79,414425;276,434371;215,534268;300,439313;229,523251;310,391418;310,391418;240,520301;300,439313;240,520301;334,396360;409,406339;370,419357;456,363349;456,363349;502,328330;533,334293;476,365320;69,451390;227,379422;78,497375;245,479322;227,379422;243,502274;240,520301;270,413411;310,391418;310,391418;296,436342;466,375312;542,380278;487,369312;522,330301;496,415297;542,380278;
319,357417;79,414425;79,414425;79,414425;79,414425;62,383447;79,414425;215,534268;310,391418;310,391418;240,520301;240,520301;456,363349;456,363349;227,379422;245,479322;227,379422;243,502274;240,520301;270,413411;310,391418;310,391418;496,415297;212,333439;100,422407;110,513395;188,566370;156,522394;188,566370;100,422407;242,515218;-5,593130;305,432397;287,470377;239,523390;349,378400;356,412398;349,378400;242,515218;411,448357;411,499271;403,393383;391,497300;447,289353;431,450328;478,407338;510,384336;494,419288;554,383336;582,377325;
319,357417;310,391418;310,391418;227,379422;245,479322;227,379422;270,413411;310,391418;310,391418;496,415297;212,333439;110,513395;188,566370;156,522394;188,566370;305,432397;287,470377;239,523390;349,378400;356,412398;349,378400;411,448357;411,499271;403,393383;391,497300;431,450328;478,407338;510,384336;554,383336;582,377325;125,430476;128,449455;141,468444;122,484416;114,561387;146,605363;153,604299;204,455443;279,603309;347,580179;349,378400;303,506312;380,493308;378,535228;462,376382;473,380374;440,454298;447,488296;450,470269;447,488296;493,415322;447,488296;532,431290;556,382344;597,353365;597,353365;582,377325;
319,357417;310,391418;310,391418;270,413411;310,391418;310,391418;305,432397;287,470377;349,378400;356,412398;349,378400;411,448357;403,393383;391,497300;431,450328;510,384336;554,383336;582,377325;125,430476;146,605363;153,604299;279,603309;347,580179;349,378400;380,493308;378,535228;462,376382;473,380374;440,454298;447,488296;450,470269;447,488296;447,488296;532,431290;556,382344;597,353365;597,353365;582,377325;215,513431;237,596402;230,606235;246,417458;242,604149;270,413411;234,497459;240,532412;323,565323;359,485326;343,567294;354,540228;398,348391;506,331386;435,510283;518,216437;506,388343;493,453277;437,509268;502,418349;493,453277;517,335378;575,415304;596,376356;
270,413411;305,432397;287,470377;349,378400;356,412398;349,378400;411,448357;391,497300;431,450328;582,377325;279,603309;349,378400;380,493308;462,376382;473,380374;447,488296;447,488296;447,488296;582,377325;215,513431;237,596402;246,417458;270,413411;240,532412;323,565323;359,485326;343,567294;506,331386;518,216437;502,418349;517,335378;596,376356;243,507478;215,513431;240,532412;222,588412;205,614423;203,664344;173,666357;322,398483;227,469510;163,527424;205,614423;315,640253;265,576325;353,618208;325,380456;325,380456;288,560356;444,275417;476,251427;456,534281;455,279409;466,408374;420,443393;467,538273;485,509265;467,538273;439,544284;489,287401;506,331386;581,319380;522,468326;513,503254;513,503254;581,319380;536,428322;545,474307;575,419345;646,371371;
305,432397;287,470377;356,412398;391,497300;380,493308;447,488296;447,488296;447,488296;237,596402;240,532412;323,565323;359,485326;343,567294;506,331386;502,418349;517,335378;243,507478;240,532412;322,398483;227,469510;353,618208;325,380456;325,380456;476,251427;456,534281;466,408374;420,443393;467,538273;485,509265;467,538273;439,544284;489,287401;506,331386;581,319380;522,468326;581,319380;536,428322;545,474307;575,419345;646,371371;243,507478;302,452536;233,664449;130,678382;322,398483;269,482499;183,669434;321,669357;321,669357;459,220449;546,269426;487,380424;456,453368;523,244448;552,241438;542,318382;485,509265;553,449285;525,504254;595,275379;605,419308;655,417356;
----Iteration 6----
-265,32269;48,199146;69,251-6;-32,27239;-64,24847;-31,23434;-36,204101;-6,2330;38,141238;161,22017;-83,27971;-81,25778;61,271-160;-118,248112;-61,39039;-137,19248;63,12136;-39,2805;-52,296-58;182,5389;67,14873;165,14014;224,-52171;12,268-24;65,22484;3,162221;55,262-79;
48,274179;-62,376-43;-157,394-79;48,274179;34,319173;114,348121;114,348121;82,130331;67,173283;48,274179;114,348121;88,106296;71,338160;114,348121;148,147235;148,147235;172,271157;172,271157;172,271157;172,271157;
126,409196;126,409196;126,409196;184,372188;190,205338;190,205338;190,205338;184,372188;225,322209;233,201372;236,281304;219,250326;261,247264;
190,205338;190,205338;190,205338;225,322209;233,201372;236,281304;219,250326;261,247264;123,329264;94,131389;174,110391;68,219343;214,461260;233,201372;236,319259;200,271329;214,461260;236,281304;240,330175;214,461260;233,239327;240,330175;258,167332;261,247264;
233,201372;219,250326;94,131389;174,110391;214,461260;233,201372;200,271329;214,461260;214,461260;233,239327;258,167332;196,507228;158,233331;166,509241;94,85403;195,229370;76,251361;233,201372;219,420281;219,420281;250,232350;263,392295;278,320318;280,365233;255,411281;324,337247;
233,201372;219,250326;94,131389;174,110391;214,461260;233,201372;200,271329;214,461260;214,461260;233,239327;258,167332;196,507228;158,233331;166,509241;94,85403;195,229370;76,251361;233,201372;219,420281;219,420281;250,232350;263,392295;278,320318;280,365233;255,411281;161,297325;197,430282;197,430282;196,507228;195,229370;76,251361;149,417312;207,504278;207,504278;207,504278;195,229370;233,201372;206,378316;227,474224;227,474224;250,232350;227,474224;263,392295;227,474224;278,320318;373,347264;
233,201372;214,461260;233,201372;214,461260;214,461260;233,201372;219,420281;219,420281;250,232350;263,392295;280,365233;255,411281;197,430282;197,430282;149,417312;207,504278;207,504278;207,504278;233,201372;206,378316;250,232350;263,392295;373,347264;66,157432;148,329352;106,383323;190,473300;207,504278;105,158430;177,506291;212,310425;207,504278;243,481231;243,481231;225,278398;212,400293;243,481231;250,232350;288,349334;219,420281;220,517242;250,438213;288,349334;252,428176;297,315330;288,349334;433,336196;390,302207;433,336196;433,336196;433,336196;433,336196;433,336196;433,336196;433,336196;
250,232350;207,504278;207,504278;207,504278;250,232350;373,347264;66,157432;148,329352;190,473300;207,504278;105,158430;177,506291;212,310425;207,504278;243,481231;243,481231;225,278398;243,481231;250,232350;220,517242;433,336196;390,302207;433,336196;433,336196;433,336196;433,336196;433,336196;433,336196;433,336196;67,323361;190,473300;207,504278;225,278398;243,481231;234,263384;285,433339;243,481231;243,223359;292,468272;301,353344;324,376330;333,418293;359,367312;333,418293;301,391299;420,298286;424,370200;480,293206;497,271205;466,316156;497,28864;483,275179;
207,504278;207,504278;207,504278;373,347264;207,504278;177,506291;212,310425;207,504278;433,336196;390,302207;433,336196;433,336196;433,336196;433,336196;433,336196;433,336196;433,336196;207,504278;234,263384;285,433339;324,376330;333,418293;359,367312;333,418293;420,298286;424,370200;480,293206;497,271205;466,316156;497,28864;483,275179;209,309432;209,482305;204,523284;221,554262;212,310425;209,482305;209,482305;233,340401;221,554262;246,520222;221,554262;217,373381;296,482287;246,520222;332,321348;306,397379;299,502270;320,472242;320,472242;377,179352;354,323346;331,351331;313,431377;330,459218;407,256321;368,424261;420,298286;424,370200;368,424261;429,264282;454,249254;433,336196;
177,506291;212,310425;234,263384;285,433339;333,418293;333,418293;480,293206;497,271205;466,316156;497,28864;483,275179;209,309432;209,482305;221,554262;212,310425;209,482305;209,482305;233,340401;221,554262;246,520222;221,554262;296,482287;246,520222;306,397379;299,502270;320,472242;320,472242;313,431377;330,459218;368,424261;368,424261;454,249254;217,232406;223,440390;209,482305;221,554262;233,340401;208,586289;235,449371;218,528290;364,411347;317,490269;278,494288;341,202399;369,370368;368,424261;329,443297;450,385359;463,334183;463,295239;
177,506291;212,310425;480,293206;497,271205;466,316156;497,28864;483,275179;209,309432;209,482305;212,310425;209,482305;209,482305;233,340401;296,482287;306,397379;313,431377;454,249254;209,482305;233,340401;208,586289;235,449371;218,528290;364,411347;278,494288;341,202399;369,370368;329,443297;450,385359;463,334183;463,295239;124,442420;182,383438;254,446396;191,472336;208,586289;208,586289;224,448409;341,202399;252,642211;299,446370;323,461326;304,609285;382,319377;400,388300;436,448233;375,546271;403,428296;422,452214;489,238314;463,334183;489,238314;510,252249;463,334183;525,28697;
----Iteration 8----
-25,272200;132,242238;6,37241;18,268-1;-33,311-108;-253,30848;-173,373-11;396,11263;-117,21256;-104,277121;75,245-166;-44,28274;283,-12598;25,-68288;-252,346-7;-174,34527;
-142,39666;20,299208;49,256257;-62,347185;-62,347185;-142,39666;-62,347185;-62,347185;-18,319199;28,243261;52,282211;64,271222;91,266137;91,266137;64,271222;107,202332;154,181309;134,197247;91,266137;179,147269;197,135268;
-142,39666;49,256257;-142,39666;107,202332;154,181309;134,197247;179,147269;197,135268;-11,198365;5,242326;5,242326;-22,349221;-182,45734;-147,43745;5,242326;-67,388164;-22,349221;-115,395176;13,234321;-67,388164;32,202334;32,273279;25,367195;25,367195;-22,349221;-22,349221;74,342245;74,342245;75,34883;107,202332;188,250137;99,308205;122,248315;150,273219;150,273219;166,317180;239,182255;
74,342245;74,342245;99,308205;150,273219;150,273219;74,257364;-51,277436;52,325256;-47,414215;-47,414215;6,385271;-32,460198;40,342318;-32,460198;6,476159;25,441170;74,257364;-1,272451;71,410200;128,236355;45,279407;39,336425;169,186376;200,401146;180,399175;200,90351;223,369204;193,408107;289,261338;
74,257364;52,325256;-47,414215;-47,414215;-32,460198;40,342318;-32,460198;6,476159;25,441170;74,257364;71,410200;45,279407;39,336425;200,401146;180,399175;193,408107;289,261338;20,286464;-23,316435;-23,316435;-76,347456;39,393240;40,428213;-32,460198;-51,476190;-12,516160;38,274463;23,228480;40,342318;25,410284;18,514147;38,274463;57,526129;54,238447;78,218424;-14,286484;-10,347303;102,52252;68,230396;102,52252;219,146416;238,114429;77,291358;180,399175;238,114429;160,414105;239,217408;232,382217;300,215378;335,252363;275,352246;381,302309;381,302309;400,270322;
-47,414215;-47,414215;40,342318;39,336425;200,401146;180,399175;20,286464;-23,316435;-23,316435;-76,347456;39,393240;40,428213;-12,516160;38,274463;23,228480;40,342318;25,410284;18,514147;38,274463;57,526129;54,238447;78,218424;-14,286484;180,399175;239,217408;232,382217;300,215378;275,352246;381,302309;381,302309;400,270322;71,180499;23,228480;-53,318448;-76,385411;-76,385411;-184,391358;120,465191;100,489206;73,57090;-21,58266;87,144483;28,210470;65,238445;103,56877;-76,347456;-184,391358;-184,391358;39,393240;212,106484;98,299420;12,348329;9,372316;73,57090;142,52583;243,293352;125,488105;253,176427;180,399175;193,439125;155,45058;275,130406;273,208382;250,370216;274,158437;372,276333;412,262366;365,338325;393,291320;
40,342318;39,336425;20,286464;-23,316435;-23,316435;-76,347456;40,428213;38,274463;23,228480;40,342318;25,410284;38,274463;57,526129;54,238447;-14,286484;381,302309;381,302309;400,270322;71,180499;23,228480;-53,318448;-76,385411;-76,385411;100,489206;73,57090;-21,58266;87,144483;28,210470;65,238445;103,56877;-76,347456;212,106484;98,299420;12,348329;9,372316;73,57090;142,52583;125,488105;274,158437;372,276333;412,262366;365,338325;393,291320;-56,91524;-53,318448;-23,316435;-91,395386;-120,438337;-45,456311;-74,499262;-3,542187;212,106484;-53,318448;-120,438337;-79,540241;-76,385411;-105,428362;-50,497290;48,577153;119,53261;148,190481;37,341392;212,106484;242,183430;274,293384;276,318350;282,401255;219,472201;208,475151;165,484165;305,247427;219,472201;321,211411;316,242421;330,177407;350,181396;412,262366;365,338325;307,383285;299,446191;282,401255;337,232383;413,351295;398,361270;419,326307;419,326307;
20,286464;-76,347456;-14,286484;-76,385411;-76,385411;100,489206;73,57090;-21,58266;103,56877;-76,347456;73,57090;412,262366;-120,438337;-74,499262;-3,542187;-120,438337;-79,540241;-76,385411;-105,428362;-50,497290;48,577153;219,472201;208,475151;219,472201;412,262366;141,188582;-105,428362;-38,527248;59,61944;190,232545;-24,294527;-29,417374;98,57650;159,277496;168,554106;111,110619;221,155576;144,358455;76,523223;179,551156;201,484202;179,551156;284,92532;252,245520;277,303453;198,535164;379,171475;352,395407;219,472201;342,370447;313,458324;354,408345;387,172420;448,344338;413,412341;448,344338;
-76,347456;-14,286484;-76,385411;-76,385411;-76,347456;412,262366;-74,499262;-3,542187;-76,385411;-105,428362;-50,497290;48,577153;412,262366;141,188582;-105,428362;-38,527248;190,232545;-24,294527;-29,417374;168,554106;111,110619;221,155576;144,358455;179,551156;179,551156;284,92532;252,245520;277,303453;379,171475;352,395407;342,370447;313,458324;354,408345;387,172420;448,344338;413,412341;448,344338;36,120627;105,178607;76,221558;205,278528;-24,332482;-24,332482;-36,455353;-76,629253;111,643100;159,65670;156,168612;-58,427356;221,155576;133,560152;279,223510;269,311471;179,551156;342,370447;297,494340;284,541238;312,281500;398,155483;313,458324;388,426304;388,265412;329,427290;432,380354;427,252394;388,426304;438,324360;
-76,385411;-76,385411;412,262366;-76,385411;412,262366;141,188582;190,232545;111,110619;221,155576;144,358455;379,171475;352,395407;342,370447;387,172420;448,344338;413,412341;448,344338;36,120627;105,178607;76,221558;-76,629253;159,65670;156,168612;221,155576;342,370447;297,494340;284,541238;398,155483;388,426304;388,265412;432,380354;427,252394;388,426304;438,324360;57,251562;27,358498;-76,629253;-118,709231;-104,735139;-68,363482;-118,709231;80,658184;74,693179;74,693179;136,596244;108,310555;225,526408;122,645198;209,65185;269,168546;269,168546;182,556379;231,61786;209,65185;370,93550;323,319530;323,319530;231,61786;259,505302;390,95521;333,569161;400,408377;376,489334;390,95521;399,141506;425,401352;
190,232545;111,110619;379,171475;352,395407;342,370447;387,172420;448,344338;413,412341;448,344338;36,120627;105,178607;76,221558;-76,629253;156,168612;342,370447;297,494340;284,541238;398,155483;388,426304;388,265412;432,380354;388,426304;438,324360;57,251562;-76,629253;-118,709231;-118,709231;80,658184;74,693179;74,693179;108,310555;225,526408;122,645198;209,65185;269,168546;269,168546;182,556379;209,65185;370,93550;323,319530;323,319530;390,95521;333,569161;400,408377;376,489334;390,95521;399,141506;425,401352;-73,258577;166,600308;-104,654294;-133,697245;-64,786176;-64,786176;234,211595;225,526408;-133,697245;141,731162;148,594335;195,619291;166,697122;370,93550;331,106568;212,406500;184,64899;184,68654;285,339516;247,449459;185,578339;184,68654;351,207529;364,384418;282,570176;322,643105;366,145547;317,360478;390,95521;335,505330;413,115501;431,365401;432,364378;
----Iteration 9----
115,2318;-117,35546;-80,35368;88,78109;-100,284114;-124,174184;101,340-73;-61,30931;150,192-79;169,1419;127,5399;82,281117;144,11427;-176,442-127;133,-8545;-66,106444;65,157209;-53,162167;
-98,234173;-99,239198;-79,350157;-79,350157;-133,37227;-133,37227;-153,3733;-73,322169;13,114283;-73,322169;13,114283;-33,149302;-79,350157;101,210132;61,22499;24,31214;8,34830;100,130250;83,201185;101,210132;-11,25734;100,130250;101,210132;56,23293;142,91257;118,133244;101,210132;139,168216;178,155198;
13,114283;13,114283;-33,149302;101,210132;100,130250;83,201185;101,210132;100,130250;101,210132;142,91257;118,133244;101,210132;139,168216;178,155198;-89,218287;-46,222241;-131,38152;-3,70322;-89,218287;32,353186;-79,373156;13,114283;-11,349232;-29,366147;-8,37964;-46,222241;27,321234;74,32390;-8,37964;100,130250;27,321234;142,91257;86,179204;63,232177;148,143220;148,143220;209,190175;166,146214;187,181186;209,190175;209,190175;225,159141;267,120148;269,73198;251,151182;251,151182;
83,201185;139,168216;178,155198;32,353186;-79,373156;-11,349232;-8,37964;27,321234;-8,37964;27,321234;148,143220;148,143220;209,190175;166,146214;187,181186;209,190175;209,190175;225,159141;267,120148;269,73198;251,151182;251,151182;-44,357261;-44,357261;-12,358194;-70,380144;-53,407143;-22,356303;29,282324;-14,355248;-11,349232;124,366161;34,375128;81,252274;164,119272;124,366161;124,366161;170,91284;123,169251;114,180234;146,239168;168,281112;164,119272;124,366161;218,136235;256,114190;303,16342;209,190175;298,75197;250,194100;295,131109;298,75197;311,10075;298,75197;298,75197;
139,168216;178,155198;27,321234;27,321234;148,143220;148,143220;209,190175;166,146214;187,181186;209,190175;209,190175;251,151182;251,151182;-53,407143;-22,356303;29,282324;81,252274;164,119272;123,169251;114,180234;164,119272;218,136235;303,16342;209,190175;295,131109;-68,271326;6,400233;-8,167351;76,414142;76,414142;27,147362;67,254326;26,374261;60,395195;111,387175;44,220332;150,369172;150,369172;150,369172;109,261208;196,334153;150,369172;198,112346;218,136235;150,369172;196,334153;229,71337;244,61362;257,206154;234,312108;248,240158;282,125257;248,240158;374,122176;320,103212;270,173110;350,122180;374,122176;
-22,356303;29,282324;81,252274;164,119272;123,169251;114,180234;164,119272;303,16342;-68,271326;6,400233;27,147362;67,254326;26,374261;60,395195;111,387175;44,220332;150,369172;150,369172;150,369172;196,334153;150,369172;198,112346;150,369172;196,334153;229,71337;244,61362;282,125257;374,122176;350,122180;374,122176;-97,188383;-54,222372;-22,356303;-22,356303;163,382136;97,386241;97,501150;18,181366;20,397261;6,400233;44,220332;67,254326;40,354280;60,395195;110,451137;57,291258;181,324221;214,332190;113,370233;110,451137;244,61362;200,408119;229,71337;183,377141;282,125257;240,164250;214,332190;234,345141;243,311137;280,310122;335,135194;335,135194;280,310122;285,288195;355,107212;335,135194;
-22,356303;29,282324;81,252274;123,169251;114,180234;-68,271326;6,400233;27,147362;67,254326;26,374261;60,395195;111,387175;44,220332;198,112346;229,71337;244,61362;-97,188383;-54,222372;-22,356303;-22,356303;97,386241;97,501150;18,181366;20,397261;6,400233;44,220332;67,254326;40,354280;60,395195;57,291258;181,324221;214,332190;113,370233;244,61362;200,408119;229,71337;240,164250;214,332190;285,288195;-71,279326;-10,381286;135,473152;20,140399;-51,241351;-22,356303;193,407167;135,473152;223,53380;244,61362;71,175336;244,61362;220,111388;91,350244;160,439112;160,439112;200,125306;180,156298;181,324221;152,370174;203,42798;203,42798;226,121311;240,164250;203,42798;254,400148;257,159297;246,228221;231,363168;254,400148;285,320157;254,400148;402,153269;311,316162;402,153269;440,131224;440,131224;
-22,356303;81,252274;6,400233;67,254326;26,374261;60,395195;-97,188383;-22,356303;-22,356303;97,386241;97,501150;20,397261;6,400233;67,254326;40,354280;60,395195;57,291258;181,324221;214,332190;113,370233;200,408119;240,164250;214,332190;285,288195;135,473152;20,140399;-22,356303;193,407167;135,473152;220,111388;91,350244;160,439112;160,439112;180,156298;181,324221;203,42798;203,42798;240,164250;203,42798;254,400148;257,159297;231,363168;254,400148;285,320157;254,400148;402,153269;311,316162;402,153269;440,131224;440,131224;64,266343;-7,402286;53,394243;132,454173;220,111388;159,47574;54,305326;131,175387;107,246375;119,355204;172,399185;203,42798;254,400148;270,369114;326,153362;270,369114;374,105381;374,105381;330,253240;327,274128;435,161238;327,274128;402,153269;391,189224;352,202242;430,190222;479,132222;468,168177;
-22,356303;81,252274;67,254326;26,374261;-22,356303;-22,356303;97,386241;97,501150;20,397261;67,254326;40,354280;57,291258;181,324221;113,370233;285,288195;135,473152;-22,356303;193,407167;135,473152;220,111388;91,350244;181,324221;254,400148;254,400148;254,400148;402,153269;311,316162;402,153269;440,131224;440,131224;64,266343;-7,402286;53,394243;132,454173;220,111388;159,47574;54,305326;131,175387;107,246375;254,400148;326,153362;374,105381;374,105381;330,253240;327,274128;435,161238;327,274128;402,153269;391,189224;352,202242;430,190222;479,132222;468,168177;-43,425333;53,394243;87,481219;70,450241;90,500198;37,507164;153,54433;141,65422;24,176452;81,95439;80,235400;156,45695;190,214342;207,245320;247,399196;249,441127;193,44781;230,368218;254,400148;377,124360;346,169311;314,341128;298,372162;374,105381;400,109349;377,124360;372,173279;335,266136;337,311117;314,341128;439,96331;356,226196;470,111316;503,119285;508,89271;541,97240;
-22,356303;67,254326;-22,356303;-22,356303;97,386241;97,501150;67,254326;113,370233;135,473152;-22,356303;193,407167;135,473152;220,111388;91,350244;254,400148;254,400148;254,400148;402,153269;311,316162;402,153269;64,266343;132,454173;220,111388;159,47574;54,305326;131,175387;107,246375;254,400148;326,153362;374,105381;374,105381;330,253240;435,161238;402,153269;391,189224;352,202242;430,190222;479,132222;87,481219;70,450241;90,500198;37,507164;153,54433;141,65422;24,176452;80,235400;156,45695;207,245320;247,399196;249,441127;193,44781;230,368218;254,400148;377,124360;346,169311;314,341128;298,372162;374,105381;400,109349;377,124360;372,173279;337,311117;314,341128;439,96331;470,111316;503,119285;508,89271;541,97240;125,130477;80,235400;-59,456367;-42,512365;59,479292;170,47966;156,73412;229,244362;54,305326;90,404263;167,46087;357,74403;374,105381;263,257304;214,391227;297,214351;298,372162;254,400148;405,181248;314,341128;298,372162;400,109349;351,291214;337,311117;336,34779;423,166268;428,262197;454,143232;534,198164;570,180183;
193,407167;254,400148;254,400148;254,400148;402,153269;311,316162;402,153269;132,454173;254,400148;330,253240;435,161238;402,153269;391,189224;430,190222;479,132222;87,481219;90,500198;37,507164;207,245320;247,399196;249,441127;193,44781;230,368218;254,400148;377,124360;314,341128;298,372162;377,124360;314,341128;439,96331;470,111316;503,119285;508,89271;541,97240;125,130477;-42,512365;59,479292;170,47966;229,244362;167,46087;263,257304;214,391227;297,214351;298,372162;254,400148;405,181248;314,341128;298,372162;351,291214;336,34779;423,166268;428,262197;454,143232;534,198164;570,180183;129,134451;229,96545;229,96545;92,271469;-1,462386;-36,503377;126,542163;108,466333;276,114532;212,340316;147,453315;164,573152;164,573152;373,207423;187,309437;132,389332;326,60511;384,94441;254,400148;249,441127;171,443104;406,122424;414,123398;254,400148;414,123398;363,311116;314,341128;431,111338;353,314162;363,311116;517,104224;496,220209;527,197212;565,21287;572,64284;
