----Iteration 7----
-38,423388;-714,644372;4,356433;267,131332;-38,442342;177,-56391;140,420359;-324,-74792;114,193525;-134,301545;65,-26762;-9,43353;-396,346756;-413,4804;-121,498534;-166,382561;-171,38742;-163,168633;-553,329872;-248,134704;-29,375384;5,425-86;
-227,378599;32,505399;-173,422561;33,495376;-536,80833;-212,439495;-83,202644;-44,161666;34,370620;-44,161666;160,543336;-18,377639;272,482448;210,262533;277,285518;272,482448;
160,543336;272,482448;272,482448;-433,338978;-391,388965;-281,2881006;-334,3131056;-394,333968;-313,2941041;-96,629504;-96,629504;111,361822;-46,527542;160,543336;-127,196881;99,251838;65,384748;91,596528;-101,110928;-86,334854;99,251838;272,482448;146,369814;370,402684;345,420660;385,391680;320,422653;346,401734;
-281,2881006;-334,3131056;-313,2941041;111,361822;370,402684;385,391680;346,401734;-420,3691033;-238,694864;-192,838581;-250,495991;-286,5091029;-286,5091029;-153,797545;-218,658958;29,767565;-128,782564;83,344996;68,423996;228,696789;-155,799610;163,774506;130,743549;254,658821;228,696789;83,344996;226,337851;116,256882;228,696789;228,696789;228,696789;262,650788;304,643802;254,658821;262,650788;357,287722;394,428672;376,516641;394,428672;410,476664;394,428672;
-334,3131056;-313,2941041;-420,3691033;-192,838581;-286,5091029;-286,5091029;-218,658958;29,767565;68,423996;228,696789;163,774506;130,743549;254,658821;228,696789;228,696789;228,696789;228,696789;262,650788;304,643802;254,658821;262,650788;-385,3341052;-145,673931;-238,760925;-152,818794;90,2011030;-142,756851;-88,785804;-102,803775;63,2461052;-145,673931;-145,673931;23,746809;-86,770625;119,3561002;-54,627889;-27,5781020;49,741834;224,700807;128,731830;119,3561002;254,658821;193,731770;130,386922;254,658821;299,670778;262,650788;345,605840;343,641815;304,643802;393,547772;367,559861;367,559861;437,597723;444,594745;
-286,5091029;-286,5091029;29,767565;68,423996;163,774506;130,743549;254,658821;254,658821;-238,760925;-152,818794;-142,756851;-88,785804;-102,803775;63,2461052;23,746809;-27,5781020;49,741834;224,700807;128,731830;254,658821;130,386922;254,658821;345,605840;343,641815;444,594745;86,1931277;-189,4011289;-207,4391254;-201,720951;-290,723933;-234,734891;-102,885680;8,2581324;-152,818794;-71,3961228;-14,5491021;14,796776;209,804454;86,1931277;86,1931277;-63,3641202;5,3721093;166,501884;27,711968;103,3841041;65,658857;224,700807;10,2271237;169,3621019;307,739770;194,350994;318,657855;309,703795;395,590856;378,645714;375,566865;490,574754;441,617725;
-152,818794;-88,785804;-102,803775;63,2461052;23,746809;-27,5781020;49,741834;128,731830;86,1931277;-189,4011289;-102,885680;8,2581324;-152,818794;-71,3961228;-14,5491021;14,796776;209,804454;86,1931277;86,1931277;-63,3641202;5,3721093;27,711968;103,3841041;10,2271237;169,3621019;309,703795;8,2581324;-125,4601283;-187,4841235;-215,4941244;-258,5121224;-142,7791010;-250,968890;-306,918907;-250,968890;-134,6201162;-112,6501115;-69,975678;111,1761252;-142,7791010;-57,4401141;-110,6481079;-100,757971;164,814596;159,1851205;155,1921212;-14,5491021;265,781806;206,795751;170,1491149;233,783766;189,797571;183,1341105;321,749786;445,460995;334,705687;438,6451010;445,460995;524,700909;
-152,818794;-88,785804;23,746809;49,741834;128,731830;8,2581324;-152,818794;-71,3961228;14,796776;8,2581324;-187,4841235;-142,7791010;-250,968890;-306,918907;-250,968890;-134,6201162;-112,6501115;111,1761252;-142,7791010;-110,6481079;-100,757971;265,781806;321,749786;438,6451010;524,700909;-118,3671377;-93,4791296;-198,6131294;-198,6131294;-134,6201162;-200,7191116;-175,8011025;-202,826981;-63,982722;-118,3671377;-306,918907;107,2631296;-85,4461327;-63,982722;342,826775;123,852558;81,874542;408,683946;136,876537;222,4551210;352,715966;377,2541224;342,826775;425,6731064;342,826775;388,7121051;440,5361092;497,5711080;537,723895;570,636994;508,5741048;570,636994;
-142,7791010;-250,968890;-306,918907;-250,968890;-142,7791010;-100,757971;265,781806;321,749786;524,700909;-118,3671377;-93,4791296;-198,6131294;-198,6131294;-175,8011025;-63,982722;-118,3671377;-306,918907;107,2631296;-85,4461327;-63,982722;342,826775;408,683946;222,4551210;377,2541224;342,826775;342,826775;388,7121051;537,723895;9,3361340;-68,4391299;-198,6131294;-249,6161195;-196,8291124;45,3101388;-114,7041177;-18,3431292;-171,5671263;202,3141266;192,951848;217,2351363;377,2541224;317,843800;361,2661187;364,6761149;467,6771139;356,742993;467,6771139;537,723895;388,7121051;546,5781108;613,6631037;613,6631037;
524,700909;-118,3671377;-93,4791296;-198,6131294;-198,6131294;-175,8011025;-118,3671377;-85,4461327;342,826775;222,4551210;377,2541224;342,826775;342,826775;537,723895;-68,4391299;-198,6131294;-196,8291124;45,3101388;-114,7041177;202,3141266;192,951848;217,2351363;377,2541224;356,742993;537,723895;613,6631037;613,6631037;11,4051372;-124,5581329;-221,6581302;-261,7111207;-244,8291174;-271,8541130;-271,8541130;-314,10471043;-263,1062956;-236,1016925;142,2711353;-149,6781282;-183,1013975;-45,937884;11,1033815;238,2481296;-112,7861071;343,782925;192,951848;473,6841183;323,875789;450,7131092;296,7641000;307,808877;340,862750;448,7011208;343,782925;366,824766;335,858837;439,821746;473,6841183;473,6841183;465,750875;480,6281141;482,773704;560,5381154;484,737729;666,6231108;693,6061062;
-118,3671377;-198,6131294;-198,6131294;-118,3671377;342,826775;342,826775;342,826775;537,723895;-198,6131294;-196,8291124;45,3101388;192,951848;217,2351363;356,742993;537,723895;11,4051372;-124,5581329;-221,6581302;-261,7111207;-271,8541130;-271,8541130;142,2711353;-149,6781282;11,1033815;343,782925;192,951848;323,875789;296,7641000;448,7011208;343,782925;366,824766;335,858837;465,750875;666,6231108;693,6061062;-124,4301413;-209,6171364;-193,7081210;-216,8341182;-207,8751112;-189,11131049;15,4001374;-14,5231372;105,8471115;-96,10591013;-68,1055926;-211,8071159;105,8641083;147,960914;96,1010885;418,5221352;364,7401190;129,8621074;197,950789;418,5221352;219,906826;315,894734;248,906779;459,5491319;497,6841200;456,7201136;456,7201136;377,872763;480,5231303;563,6081268;458,819887;440,829765;484,812814;563,6081268;621,5941137;662,6701065;662,6701065;695,7011022;
----Iteration 1----
-385,357582;-64,271479;-188,176713;-144,406481;182,250630;-220,645557;255,-151166;-13,382432;-542,220689;-439,776278;-69,290434;249,282364;52,317252;291,34126;38,561404;-575,466618;
34,392715;247,372711;-77,445680;28,422778;33,642544;193,327829;252,360820;262,367781;301,353765;280,401553;315,316742;339,271628;339,271628;336,295644;375,254608;304,355501;364,302620;375,254608;
34,392715;247,372711;28,422778;33,642544;193,327829;252,360820;262,367781;301,353765;315,316742;-145,712501;-117,567669;-19,541814;-117,567669;-115,707474;-26,684580;173,355886;84,370831;312,635572;326,598549;266,359713;326,598549;358,552594;398,303651;384,336615;398,303651;
193,327829;252,360820;262,367781;301,353765;315,316742;-145,712501;-117,567669;-19,541814;-117,567669;-115,707474;-26,684580;173,355886;312,635572;-126,544826;-319,546747;-224,570681;-145,712501;-127,735362;126,426923;-145,712501;-101,698316;70,521843;-19,541814;225,644408;136,505795;280,519736;216,663569;303,267787;267,284807;303,267787;259,547709;436,602658;354,271766;436,602658;436,602658;477,566690;461,630631;488,588658;461,630631;644,463691;553,521649;676,417736;
-127,735362;-124,7241151;-172,786458;-137,819443;171,467929;-133,779425;115,3701133;-16,6241157;43,612964;-34,6851012;206,661779;45,662925;82,575917;171,467929;197,505885;243,444809;269,607775;204,498886;239,477879;550,730667;663,579740;450,374905;695,533785;602,657694;615,596555;716,567758;663,579740;723,564780;
-124,7241151;115,3701133;-16,6241157;550,730667;695,533785;602,657694;716,567758;723,564780;-87,7601146;-166,8651132;35,783952;55,5431112;-87,7601146;-87,7601146;3,823921;45,803898;57,853795;55,5431112;186,7811064;247,625939;513,822671;521,813629;507,711794;550,730667;501,5801006;621,599763;578,688559;654,651747;512,5421006;695,533785;695,533785;669,632738;678,545830;732,615750;
-124,7241151;-87,7601146;-166,8651132;-87,7601146;-87,7601146;186,7811064;501,5801006;512,5421006;732,615750;-77,6991237;-67,6741261;-53,6781226;-35,6501270;-87,7601146;-161,8461148;-184,8911110;-184,8911110;-184,8911110;-7,6371202;96,858991;76,880948;119,5571156;218,5041180;206,5431158;4,6611134;191,687981;122,807881;556,892665;574,899663;218,682932;288,4901041;431,6601013;383,4721048;573,868728;512,5421006;568,694882;568,694882;573,868728;689,723801;655,471858;683,502853;719,693772;738,602842;738,602842;
-166,8651132;186,7811064;-161,8461148;-184,8911110;-184,8911110;-184,8911110;-7,6371202;96,858991;76,880948;218,5041180;122,807881;556,892665;574,899663;573,868728;573,868728;-13,7131281;-41,7921289;135,7491179;-167,8551220;-167,8551220;396,943794;533,923667;-64,7991225;-161,8461148;423,913816;220,4751220;218,5041180;178,7151157;95,7621104;378,936796;243,6851170;543,870694;584,909654;532,892732;594,891651;644,822727;681,5021091;681,5021091;752,5791009;726,6701028;731,700986;821,744878;830,728864;801,798844;769,589890;814,821830;
186,7811064;-184,8911110;-184,8911110;-184,8911110;556,892665;574,899663;-13,7131281;-41,7921289;135,7491179;-167,8551220;-167,8551220;396,943794;-64,7991225;423,913816;178,7151157;95,7621104;378,936796;243,6851170;584,909654;594,891651;681,5021091;681,5021091;821,744878;801,798844;814,821830;-112,6551311;-66,7981273;294,939996;265,982901;308,1004855;291,1029813;21,7011274;-156,8711156;289,969950;229,6441220;95,7621104;45,7631077;351,849966;304,8861023;406,953785;365,6731157;540,931733;377,6471134;540,931733;681,5021091;603,874791;681,5021091;749,839751;694,5471066;733,831813;756,7181033;732,796949;844,732936;844,732936;875,734842;898,730843;
-41,7921289;396,943794;423,913816;821,744878;801,798844;814,821830;-112,6551311;-66,7981273;294,939996;265,982901;289,969950;351,849966;304,8861023;406,953785;365,6731157;377,6471134;603,874791;749,839751;756,7181033;732,796949;844,732936;844,732936;898,730843;-100,7071301;34,8151262;34,8151262;25,8241251;57,8871229;-144,9491406;242,8631100;239,9041076;343,969938;266,7061264;65,7911242;383,1078873;296,7011237;249,7221290;82,8151212;307,976948;246,8561093;361,859957;552,952756;347,7631203;654,5481122;576,7241046;534,940805;652,921696;562,898795;654,5481122;654,5481122;630,891743;739,864727;708,877713;654,5481122;696,5471093;709,5921068;754,837843;844,732936;827,814792;777,831768;827,529965;827,529965;858,763842;875,735893;902,742817;
821,744878;294,939996;265,982901;289,969950;351,849966;304,8861023;365,6731157;377,6471134;603,874791;756,7181033;732,796949;844,732936;844,732936;898,730843;34,8151262;34,8151262;25,8241251;57,8871229;-144,9491406;242,8631100;239,9041076;343,969938;266,7061264;65,7911242;383,1078873;296,7011237;249,7221290;82,8151212;307,976948;246,8561093;361,859957;552,952756;347,7631203;654,5481122;576,7241046;534,940805;562,898795;654,5481122;654,5481122;630,891743;739,864727;708,877713;654,5481122;696,5471093;709,5921068;844,732936;858,763842;875,735893;902,742817;-7,7861318;23,7811291;-23,8881362;-8,9061265;-113,9781375;307,976948;383,1078873;-74,9111258;-101,9561327;396,1073844;247,7351250;82,8151212;273,8921069;442,1026869;317,7681230;324,5991330;483,947791;606,981738;572,993745;576,6211108;391,844912;772,947710;645,950742;721,1010707;664,5581113;838,848851;735,876774;717,6661046;696,5471093;885,586920;772,947710;830,6581048;909,804791;874,715924;909,804791;
----Iteration 5----
-37,517124;188,401427;14,169690;44,260593;-202,360549;221,127396;118,66701;-319,372565;-197,358506;-412,672215;-239,132709;-59,514392;-527,519478;-376,411713;63,135443;-75,275625;-114,54380;-244,467563;-325,539390;-285,566198;
-263,518283;-353,605370;-228,500332;-4,459698;-4,459698;118,347617;142,436553;180,475538;180,475538;180,475538;
142,436553;180,475538;180,475538;180,475538;-387,641468;-355,639508;-27,630717;-69,548821;-5,564720;62,464879;37,536714;110,527559;37,536714;85,473642;168,503493;275,382700;275,382700;313,421685;313,421685;331,428683;
-69,548821;-372,587998;-462,684751;-332,626900;-332,626900;-32,499871;49,657772;72,569678;49,657772;30,510834;72,569678;47,430954;102,521759;280,547608;244,553476;220,632669;288,468895;347,494825;294,522703;366,444880;393,470801;433,447806;
47,430954;280,547608;244,553476;220,632669;288,468895;347,494825;366,444880;393,470801;433,447806;-33,510949;-147,6711083;-147,6711083;-343,745942;-335,851913;-56,461966;-93,829922;-93,829922;-56,461966;-260,6981042;54,798743;59,354957;71,382918;62,527899;-18,875892;60,796832;216,282915;222,566674;109,665594;336,540842;180,571724;159,645625;159,645625;292,448856;338,465847;305,545759;305,545759;433,447806;502,480778;422,509792;481,485775;481,485775;481,485775;502,480778;481,485775;481,485775;
-147,6711083;-147,6711083;-335,851913;-93,829922;-93,829922;54,798743;-18,875892;60,796832;502,480778;481,485775;481,485775;481,485775;502,480778;481,485775;481,485775;-251,7001123;-251,7001123;-171,820994;-93,829922;-220,998758;-76,3961103;-203,7381092;-171,820994;-262,948771;-28,4341072;109,4041079;-147,6711083;-93,829922;-140,936867;138,3641108;161,506969;105,551974;-17,804872;24,831839;149,3001032;56,774841;119,817631;69,845657;80,799640;258,330986;196,727729;404,465961;297,623763;260,707690;122,757604;398,507918;428,551887;390,656752;369,661749;391,637708;437,501875;428,551887;
-147,6711083;-147,6711083;-335,851913;-93,829922;-93,829922;54,798743;-18,875892;60,796832;502,480778;502,480778;-251,7001123;-251,7001123;-171,820994;-93,829922;-220,998758;-203,7381092;-171,820994;-147,6711083;-93,829922;-140,936867;138,3641108;161,506969;105,551974;-17,804872;24,831839;56,774841;196,727729;297,623763;260,707690;398,507918;428,551887;390,656752;369,661749;391,637708;437,501875;428,551887;-71,5041140;-283,7461078;-180,7731003;-127,869899;-241,971848;-208,975830;-208,975830;-235,986811;83,4781154;-202,6671120;-93,793997;-93,829922;-205,981784;138,3641108;-99,6881066;-8,877794;-106,922759;136,4491095;-72,737948;124,894504;126,739829;123,908690;138,845520;210,3301036;412,467963;218,588872;287,687756;354,493987;238,647780;245,712755;245,727640;264,726631;352,663727;330,704609;447,472930;484,501794;
-147,6711083;-147,6711083;-93,829922;-93,829922;-18,875892;-251,7001123;-251,7001123;-171,820994;-93,829922;-220,998758;-203,7381092;-171,820994;-147,6711083;-93,829922;-140,936867;161,506969;105,551974;297,623763;398,507918;428,551887;390,656752;369,661749;391,637708;437,501875;428,551887;-283,7461078;-180,7731003;-241,971848;-208,975830;-208,975830;-235,986811;83,4781154;-202,6671120;-93,793997;-93,829922;-205,981784;-99,6881066;-8,877794;-106,922759;136,4491095;-72,737948;124,894504;126,739829;123,908690;138,845520;412,467963;218,588872;287,687756;354,493987;352,663727;330,704609;447,472930;484,501794;-63,4481238;-268,7321155;-196,7491050;-189,7411014;-97,878971;-182,964873;-135,1002732;-223,7591039;114,4121144;53,5071161;-35,883842;139,3661115;-39,5681194;-20,754930;72,834893;148,3961113;193,761824;263,776784;323,3821029;256,714811;369,3761078;357,399992;333,683752;311,763652;269,785691;412,467963;330,704609;300,806670;412,526911;448,460953;430,584845;505,496797;
-147,6711083;-147,6711083;-93,829922;-93,829922;-18,875892;-251,7001123;-251,7001123;-171,820994;-93,829922;-203,7381092;-171,820994;-147,6711083;-93,829922;-140,936867;161,506969;105,551974;398,507918;428,551887;390,656752;369,661749;391,637708;437,501875;428,551887;-283,7461078;-180,7731003;-241,971848;-208,975830;-208,975830;83,4781154;-202,6671120;-93,793997;-93,829922;-99,6881066;-8,877794;136,4491095;124,894504;123,908690;138,845520;412,467963;287,687756;354,493987;352,663727;447,472930;-63,4481238;-268,7321155;-196,7491050;-189,7411014;-97,878971;-182,964873;-135,1002732;-223,7591039;114,4121144;53,5071161;-35,883842;-39,5681194;-20,754930;72,834893;148,3961113;193,761824;263,776784;256,714811;333,683752;269,785691;412,467963;300,806670;412,526911;448,460953;430,584845;-337,6081230;-268,7321155;-241,7391103;-135,861986;-209,1031788;-177,1030738;-93,793997;-114,851988;-97,878971;-109,996827;-125,1013723;80,4441194;6,5721163;-171,820994;-47,945845;122,3671139;147,3681117;-35,801988;-28,920781;223,577929;155,748894;193,761824;414,3921068;233,5041036;369,4111091;320,4191049;352,638858;376,595866;346,769748;312,794528;344,627892;381,748700;555,541846;417,612695;515,547858;474,571862;
-147,6711083;-147,6711083;-93,829922;-93,829922;-18,875892;-93,829922;-203,7381092;-147,6711083;-93,829922;428,551887;428,551887;-180,7731003;-241,971848;-208,975830;-208,975830;83,4781154;-202,6671120;-93,793997;-93,829922;-99,6881066;-8,877794;123,908690;412,467963;354,493987;-97,878971;-182,964873;-135,1002732;53,5071161;-39,5681194;-20,754930;72,834893;193,761824;256,714811;412,467963;412,526911;448,460953;430,584845;-337,6081230;-135,861986;-177,1030738;-93,793997;-114,851988;-97,878971;-109,996827;80,4441194;6,5721163;-47,945845;-35,801988;193,761824;414,3921068;233,5041036;369,4111091;376,595866;346,769748;344,627892;555,541846;515,547858;474,571862;-39,4561266;-219,7101219;-225,7591198;-137,8311002;-131,917902;-41,989828;-183,7661087;-179,1077799;11,5291180;6,5721163;-117,854986;-9,943873;92,1041731;334,3231152;32,5441115;153,731988;136,803922;117,886726;173,978614;291,4901102;176,751974;180,960625;359,3241130;318,4191191;252,634915;387,796715;369,4111091;320,4541062;365,697875;285,830792;370,590971;373,829679;376,654850;409,812711;468,732766;429,779665;523,528907;549,515940;551,481900;
-147,6711083;-147,6711083;-93,829922;-93,829922;-18,875892;-93,829922;-203,7381092;-147,6711083;-93,829922;83,4781154;-93,793997;-93,829922;-99,6881066;412,467963;354,493987;-97,878971;-182,964873;53,5071161;-39,5681194;-20,754930;72,834893;193,761824;412,467963;-135,861986;-177,1030738;-93,793997;-114,851988;-97,878971;6,5721163;-47,945845;-35,801988;193,761824;414,3921068;233,5041036;369,4111091;346,769748;555,541846;-39,4561266;-219,7101219;-225,7591198;-131,917902;-41,989828;-183,7661087;-179,1077799;11,5291180;6,5721163;-9,943873;92,1041731;334,3231152;32,5441115;153,731988;136,803922;173,978614;291,4901102;176,751974;180,960625;359,3241130;318,4191191;387,796715;369,4111091;320,4541062;365,697875;285,830792;370,590971;373,829679;409,812711;429,779665;549,515940;551,481900;-241,6951284;-106,8421080;-142,8681032;-220,947888;-91,1017854;111,1043705;-218,6941260;-225,7591198;261,4771216;-184,7351194;-117,856986;-148,901941;34,974806;147,1021741;230,3921276;-56,6701076;64,937789;135,1015742;318,4191191;177,5051077;154,798922;123,813914;255,912656;250,915555;294,4381151;255,663970;355,722851;256,876672;345,4101141;333,692898;385,857640;369,3721099;328,860635;412,467963;495,630959;458,742814;425,799704;495,630959;530,669939;474,740829;
----Iteration 0----
-4,426231;-41,459543;242,75160;314,106157;-247,222827;-208,803-89;222,402672;-2,337712;-283,662263;-202,496521;-474,520409;-67,55428;260,438106;-242,417606;
-254,266885;-281,283931;-281,283931;228,384727;210,377729;430,439669;388,389682;457,422623;430,439669;136,558731;457,422623;412,432671;444,439590;367,454651;430,439669;430,439669;481,358540;481,358540;
-254,266885;-281,283931;-281,283931;457,422623;136,558731;457,422623;444,439590;120,485791;63,642283;-216,544748;-27,537881;402,494753;402,494753;420,438830;437,538706;437,538706;465,466582;465,466582;438,483628;497,431558;
-281,283931;-281,283931;136,558731;-216,544748;-27,537881;437,538706;437,538706;95,516776;378,592528;325,655364;80,711315;80,711315;109,493904;95,516776;357,634410;325,655364;445,482843;488,504797;445,482843;534,627341;446,423887;465,448862;481,507797;554,566540;492,464779;519,458731;671,607455;671,607455;671,607455;671,607455;683,585407;
-27,537881;80,711315;80,711315;445,482843;488,504797;445,482843;446,423887;465,448862;481,507797;-66,311981;-17,314938;225,525919;225,525919;107,586803;99,601774;352,679516;352,679516;-17,314938;277,584834;264,586696;465,448862;436,498857;478,524812;461,539716;426,577598;352,679516;439,539784;483,438859;502,479824;481,507797;512,430798;584,506734;490,484786;512,430798;586,564580;584,506734;650,520611;627,528688;699,618544;682,662563;699,618544;
-27,537881;481,507797;225,525919;225,525919;107,586803;99,601774;352,679516;352,679516;277,584834;478,524812;352,679516;439,539784;481,507797;181,3851121;185,498925;251,546878;102,585841;320,711542;188,3821143;181,3851121;133,5231162;328,497999;345,522901;320,711542;202,3491179;328,497999;536,696389;353,475958;381,449950;381,459942;448,524888;355,491951;531,363973;400,490915;587,503831;550,404938;595,487936;597,414930;769,543753;769,672744;743,505797;751,536755;769,672744;786,628725;769,543753;
478,524812;181,3851121;320,711542;188,3821143;181,3851121;133,5231162;320,711542;202,3491179;536,696389;448,524888;587,503831;595,487936;597,414930;769,672744;769,672744;786,628725;188,3821143;143,4211143;276,5211021;360,5311009;360,5311009;275,780547;199,3821141;359,5201072;428,593933;438,603924;335,748502;370,3071125;327,2581262;199,3821141;522,702422;364,3561104;359,5201072;370,3071125;463,4961046;522,702422;370,3071125;463,4961046;560,443983;587,503831;752,629797;774,662686;670,440847;666,480865;732,690692;779,582798;786,628725;670,440847;
320,711542;133,5231162;320,711542;536,696389;595,487936;769,672744;769,672744;786,628725;143,4211143;360,5311009;360,5311009;275,780547;359,5201072;428,593933;438,603924;335,748502;327,2581262;522,702422;359,5201072;463,4961046;522,702422;463,4961046;560,443983;752,629797;732,690692;786,628725;192,2651265;225,2861199;220,4111155;220,4111155;428,5301030;271,5441031;278,5421013;438,603924;254,785544;327,2581262;428,593933;308,756538;267,2521304;359,5201072;430,557973;484,760457;529,748349;532,3931187;360,5311009;694,667915;510,4311064;763,680615;592,3531136;554,4571049;475,528951;600,3661100;725,645802;600,3661100;671,480941;773,675671;824,623804;805,673711;806,616806;775,639790;741,572854;806,616806;824,623804;
595,487936;359,5201072;327,2581262;359,5201072;192,2651265;327,2581262;267,2521304;359,5201072;694,667915;671,480941;741,572854;153,3111309;165,5661215;94,6531206;295,6661058;649,746688;165,5661215;327,2581262;354,7491042;435,803801;602,1991238;607,4451203;652,4571118;510,5341060;696,734602;581,6111037;756,730626;753,766562;651,2151196;676,2111207;687,703837;791,726700;686,3091152;777,725732;695,2361182;695,2361182;705,2781136;698,2811114;720,3931080;833,439919;757,649838;858,691745;821,702734;846,690781;863,648802;833,439919;846,658831;847,660775;
267,2521304;694,667915;671,480941;741,572854;165,5661215;165,5661215;607,4451203;652,4571118;510,5341060;581,6111037;687,703837;686,3091152;720,3931080;757,649838;858,691745;821,702734;846,690781;863,648802;846,658831;847,660775;227,2761322;104,3751386;139,4191339;95,6551213;382,7611056;506,832982;164,3241333;165,5661215;240,6891113;501,6811079;533,826934;446,6751142;573,895736;613,871691;487,5611273;432,7081106;685,860672;736,839747;714,2861286;658,5051071;788,740798;778,830745;612,581985;725,829831;774,2671228;714,2861286;658,5051071;653,564972;827,804714;858,443939;922,629761;721,3571096;828,651833;881,655800;900,394902;
694,667915;607,4451203;652,4571118;510,5341060;581,6111037;687,703837;720,3931080;757,649838;858,691745;846,690781;863,648802;846,658831;847,660775;104,3751386;95,6551213;382,7611056;240,6891113;446,6751142;573,895736;487,5611273;432,7081106;736,839747;714,2861286;658,5051071;788,740798;778,830745;725,829831;774,2671228;714,2861286;658,5051071;922,629761;721,3571096;828,651833;881,655800;168,3521372;61,7141221;474,6661134;382,7611056;374,7761027;620,874741;620,874741;198,2691369;116,6731202;477,7371077;561,870995;468,6081365;685,908717;549,3441307;474,6661134;509,7101087;627,858933;714,2861286;478,6261094;553,7041050;630,802948;678,781921;706,851628;620,6281010;787,3121203;907,810739;801,2871208;818,3201086;881,655800;810,3341199;928,559977;884,578995;907,810739;914,608961;928,559977;
----Iteration 3----
-78,562181;-272,203634;-98,155500;-116,354494;-99,318466;88,143641;-117,397221;-454,294742;-314,387736;-61,357320;-207,683194;-30,293416;29,291314;-288,61653;-249,199589;168,148250;-399,504506;153,60494;-239,755297;56,167211;-83,573-45;-254,616364;-136,587404;33,197475;-201,448466;196,346179;31,239345;
-67,447190;1,348422;-253,357641;-257,397659;-257,397659;-221,337818;-82,222942;-256,372799;-314,387736;-251,367578;-110,254932;-92,255873;-92,255873;-92,255873;7,158915;119,155837;-5,180963;182,273575;119,155837;130,445376;172,138874;182,273575;196,346179;184,235419;
7,158915;119,155837;182,273575;119,155837;172,138874;182,273575;-326,626631;-326,626631;-378,7541075;-285,602627;-67,519866;-285,602627;-2,276963;-99,310876;-34,500839;-34,500839;20,433811;315,471423;66,345660;293,471425;119,155837;209,253643;209,253643;339,452463;288,482559;339,452463;
-378,7541075;-334,740779;-330,700598;-289,676594;-238,672848;-454,789921;-227,642728;388,628915;320,532985;388,628915;451,609932;406,590946;480,605943;435,636899;480,605943;480,605943;
-378,7541075;388,628915;320,532985;388,628915;435,636899;-27,2151023;-300,759977;-433,799951;-259,735973;-259,735973;-56,3051008;-35,705937;-259,735973;-290,779900;23,2161009;-220,694995;23,2161009;-94,5671024;349,669893;107,213999;351,639904;107,213999;351,639904;351,639904;349,669893;349,669893;435,636899;516,552894;501,611973;501,611973;
435,636899;435,636899;501,611973;501,611973;-90,8561005;-244,8351032;-280,8591086;-219,861988;-59,8221032;126,2951136;-90,8561005;-24,755941;160,6731035;-24,755941;-37,8221030;372,6921006;182,4781059;302,5731024;335,741956;401,6881017;372,6921006;458,617926;459,621912;550,5681002;550,5681002;518,595947;
335,741956;550,5681002;550,5681002;518,595947;-256,9171252;-222,9121289;-186,9001251;-163,8831323;5,8871211;209,9241189;218,8681300;84,9411130;272,8411312;278,7241056;236,8481322;344,4921182;390,3761191;427,6691047;427,6691047;362,699961;526,3171221;422,6941047;545,4601142;510,6541013;443,6851003;422,6941047;506,6261042;585,4241169;533,5491066;589,4521140;
335,741956;-163,8831323;5,8871211;209,9241189;218,8681300;272,8411312;278,7241056;236,8481322;344,4921182;422,6941047;510,6541013;443,6851003;422,6941047;585,4241169;-94,9331311;49,9691177;132,9581148;-31,8991249;71,9561171;194,9331162;209,9241189;209,9241189;382,4221277;183,9421165;272,8411312;272,8411312;236,8481322;537,3661301;448,3951257;397,716970;620,5141155;463,6631031;537,3661301;672,3761240;459,6831070;629,4001245;607,5351117;739,3651184;595,6501077;
209,9241189;218,8681300;272,8411312;236,8481322;510,6541013;585,4241169;132,9581148;194,9331162;209,9241189;209,9241189;183,9421165;272,8411312;272,8411312;236,8481322;397,716970;620,5141155;607,5351117;595,6501077;27,9411347;51,9941200;27,10131160;159,4721579;159,4721579;123,8561432;112,9651228;69,9741222;53,9951184;445,4731556;490,4791534;445,4731556;490,4791534;309,8391325;553,4551511;475,5451544;365,8251155;571,4271555;397,716970;374,7241068;611,4111456;524,6311487;493,6521189;476,7051136;635,4121406;635,4121406;671,4001368;731,4641063;741,3321324;711,4841108;762,3871273;
209,9241189;218,8681300;236,8481322;510,6541013;194,9331162;209,9241189;209,9241189;183,9421165;236,8481322;595,6501077;27,9411347;51,9941200;27,10131160;123,8561432;112,9651228;53,9951184;309,8391325;475,5451544;365,8251155;571,4271555;611,4111456;524,6311487;493,6521189;476,7051136;635,4121406;635,4121406;671,4001368;731,4641063;741,3321324;711,4841108;762,3871273;221,5841667;188,6891507;152,8521443;78,8871388;19,9721275;63,9931261;123,8561432;-14,9791309;170,9811198;99,9861251;78,8871388;508,5401620;401,7251462;309,8391325;309,8391325;280,8431314;561,4691570;508,5401620;347,7851323;588,4171559;608,4751544;499,6501524;561,4691570;507,6411482;611,6171255;653,5751219;730,3751342;711,4841108;730,3751342;
209,9241189;218,8681300;209,9241189;209,9241189;183,9421165;27,9411347;51,9941200;27,10131160;123,8561432;112,9651228;53,9951184;309,8391325;365,8251155;524,6311487;476,7051136;731,4641063;711,4841108;762,3871273;78,8871388;19,9721275;63,9931261;123,8561432;-14,9791309;170,9811198;99,9861251;78,8871388;508,5401620;309,8391325;309,8391325;508,5401620;499,6501524;507,6411482;611,6171255;653,5751219;711,4841108;250,5961716;200,6081587;207,7831464;207,7831464;207,7831464;160,8541445;107,8831399;-16,9551314;261,4241731;324,3771695;251,5731713;160,8541445;210,9211201;204,9421164;508,5401620;510,5731578;276,8301360;283,8551337;261,8791157;510,5731578;471,6611493;355,8061331;509,5961581;510,5731578;463,6671507;472,7251175;422,7691569;370,7891105;630,4761587;630,4761587;592,5591525;648,4771553;591,5621499;691,4491498;600,6681368;719,3741460;709,5451190;657,5721336;757,3781434;
----Iteration 2----
161,337232;182,281264;-136,518355;-115,416355;-176,305627;240,-30499;-322,558649;-125,182678;-14,167614;153,206282;-13,452286;41,344202;-232,299852;-116,277648;-129,549304;114,335473;-215,579592;-74,410593;-107,222597;-323,652311;
-93,560729;-314,696575;-327,644645;-314,696575;16,404950;-314,696575;36,416947;39,473903;-16,507929;7,494857;39,473903;-16,507929;-16,507929;7,494857;82,428907;
-93,560729;-327,644645;16,404950;36,416947;-201,589903;-246,612869;-356,664779;-330,677712;-80,4031005;-174,596883;-154,617815;-371,734583;-205,727618;38,2651039;4,454985;-174,596883;-215,629826;4,454985;-154,617815;-154,617815;89,3251018;119,354982;-28,536977;89,3251018;143,390969;119,354982;76,402945;143,528938;134,343978;143,390969;
-246,612869;-356,664779;-174,596883;-154,617815;-205,727618;-174,596883;-215,629826;-154,617815;-154,617815;143,528938;101,4521097;-174,596883;-174,596883;-246,612869;-344,737704;134,4301082;101,4521097;-174,596883;-327,674775;-205,727618;101,4521097;-259,762689;-188,705571;101,4521097;75,4701073;-175,706563;75,4701073;2,5901003;-154,617815;-211,697742;75,4701073;2,5901003;229,2711065;173,411991;18,494982;351,365905;351,365905;211,499849;337,484860;256,495960;337,484860;351,365905;351,365905;351,365905;351,365905;
143,528938;101,4521097;134,4301082;101,4521097;101,4521097;-259,762689;101,4521097;75,4701073;75,4701073;2,5901003;75,4701073;2,5901003;229,2711065;173,411991;351,365905;351,365905;211,499849;337,484860;256,495960;337,484860;351,365905;351,365905;351,365905;351,365905;101,4521097;88,4731059;-266,804783;134,4301082;88,4731059;-77,849663;135,3981094;-43,5451011;-77,849663;174,3571116;-77,849663;268,2301087;174,3571116;61,631964;50,699998;183,3631066;306,346952;302,408876;111,628916;211,499849;111,628916;166,567786;306,346952;323,317910;424,524848;398,542824;405,539824;
2,5901003;2,5901003;229,2711065;256,495960;-77,849663;-43,5451011;-77,849663;-77,849663;268,2301087;61,631964;50,699998;111,628916;111,628916;424,524848;398,542824;405,539824;128,5071160;-144,757851;128,5071160;33,825833;199,4511137;128,5071160;50,699998;199,4511137;128,5071160;201,536947;265,565877;231,4111014;180,601836;162,649887;314,365994;265,565877;398,542824;345,521861;398,542824;372,391929;509,417889;505,389918;
2,5901003;2,5901003;256,495960;-77,849663;-43,5451011;-77,849663;-77,849663;61,631964;50,699998;424,524848;398,542824;405,539824;128,5071160;128,5071160;33,825833;199,4511137;128,5071160;50,699998;199,4511137;128,5071160;201,536947;265,565877;231,4111014;265,565877;398,542824;345,521861;398,542824;509,417889;505,389918;167,4661182;169,5091151;128,5071160;147,701945;207,725919;11,771835;33,825833;66,666962;266,4021130;127,5371157;57,790799;305,2521117;95,758915;154,696936;183,731889;322,2081098;208,521982;131,741895;331,3631059;265,565877;211,604799;385,3121058;365,3451033;355,404942;413,600807;413,600807;364,616793;487,4011003;463,486900;445,585762;472,568749;
50,699998;50,699998;169,5091151;127,5371157;413,600807;413,600807;487,4011003;463,486900;133,5261171;140,740950;-10,792977;-6,839849;101,5721126;172,719996;198,4741199;290,5551140;101,5721126;290,5991057;238,879772;334,5471138;376,5971125;385,814906;412,722981;373,838929;389,774888;528,3911144;453,545956;533,436989;517,682735;510,685713;549,658780;
127,5371157;133,5261171;101,5721126;198,4741199;290,5551140;101,5721126;334,5471138;376,5971125;385,814906;110,6191117;96,892909;140,5311148;263,893830;217,5151164;257,870840;327,6401096;280,919823;381,840940;410,805919;410,805919;424,8041058;449,7981083;557,788922;589,4631221;589,4631221;578,4961177;594,866899;594,866899;630,5171146;630,5171146;603,6931090;644,5031055;
385,814906;96,892909;263,893830;257,870840;280,919823;381,840940;410,805919;410,805919;424,8041058;449,7981083;589,4631221;589,4631221;578,4961177;594,866899;594,866899;630,5171146;630,5171146;603,6931090;644,5031055;96,892909;96,892909;322,969810;-37,815996;300,824973;377,847947;141,898887;322,969810;277,6691229;477,7311118;445,7001170;485,7861045;618,4261215;572,7331007;567,790968;630,5171146;664,712992;630,5171146;734,601979;734,601979;
385,814906;96,892909;280,919823;381,840940;424,8041058;449,7981083;589,4631221;589,4631221;594,866899;594,866899;630,5171146;630,5171146;603,6931090;644,5031055;96,892909;96,892909;322,969810;-37,815996;300,824973;377,847947;141,898887;322,969810;277,6691229;477,7311118;445,7001170;485,7861045;618,4261215;567,790968;630,5171146;664,712992;630,5171146;734,601979;734,601979;247,7201171;-37,815996;376,887890;202,5501254;69,915928;375,916871;337,5461213;245,7331166;213,814986;336,871951;339,925791;585,5321214;477,7311118;574,7441041;376,887890;421,892847;551,5341221;476,7461089;421,892847;457,875827;699,4401199;585,5321214;492,5881098;574,7441041;526,791998;525,8061026;694,4601158;648,6161042;675,664980;699,4401199;753,4881119;734,601979;713,4941142;
----Iteration 6----
-26,551440;331,202112;148,263337;-244,260610;-354,456573;-119,168623;69,36294;-335,217765;-9,491369;99,131476;56,316319;73,215506;-247,349716;43,-33567;394,405-22;-70,410547;173,259226;51,572185;86,274487;307,-251157;142,297386;-95,111562;-186,391603;76,-173503;
-301,625177;-254,666161;-253,636155;-254,666161;140,505579;-69,394837;-169,493661;33,-71741;203,507542;84,-63619;220,491516;260,462461;245,481486;234,508510;342,607433;342,607433;342,607433;342,607433;
-69,394837;342,607433;342,607433;342,607433;342,607433;-69,394837;-50,657580;-57,711522;-69,394837;-69,394837;40,343953;153,652721;-52,354778;58,1871;230,601603;184,615763;252,80826;257,549650;257,556581;268,757465;342,607433;342,607433;274,550595;357,428477;357,428477;357,428477;
40,343953;230,601603;184,615763;268,757465;113,307935;40,343953;88,727683;53,715716;181,679765;113,307935;113,307935;258,516837;213,637556;239,331896;239,331896;296,550793;213,637556;181,679765;243,238942;230,601603;394,652547;213,637556;306,506679;394,652547;423,457848;475,465579;406,646499;426,606592;539,398712;539,398712;572,376697;
40,343953;230,601603;184,615763;268,757465;40,343953;88,727683;53,715716;181,679765;258,516837;213,637556;296,550793;213,637556;181,679765;243,238942;230,601603;394,652547;213,637556;394,652547;423,457848;426,606592;539,398712;539,398712;572,376697;158,348941;4,712759;-44,747769;-76,725823;181,679765;131,701769;239,583868;394,652547;419,430916;392,475938;405,495852;394,652547;421,646499;434,691474;423,457848;432,450830;432,450830;470,484786;470,484786;441,488775;470,484786;441,488775;484,523757;515,503736;
268,757465;189,3121114;290,4951100;404,4761099;404,4761099;451,4821058;451,4821058;495,5031044;559,6961020;577,748997;736,596884;617,657956;617,657956;577,748997;726,608849;
268,757465;290,4951100;404,4761099;404,4761099;451,4821058;451,4821058;495,5031044;559,6961020;577,748997;736,596884;577,748997;726,608849;229,4411171;116,754727;228,6221135;344,5651031;355,4861094;344,5651031;386,4941058;495,5031044;495,5031044;495,5031044;497,4671069;599,646983;599,646983;650,6451003;650,6451003;599,646983;651,687980;736,596884;733,590954;736,596884;733,590954;726,608849;720,650806;
559,6961020;577,748997;577,748997;229,4411171;228,6221135;497,4671069;650,6451003;650,6451003;733,590954;733,590954;720,650806;273,6201118;162,6271086;133,7071095;333,797963;433,5461158;468,5181144;433,5461158;341,5571116;513,6361059;514,4321094;444,6391032;532,4571078;532,4571078;560,4641039;649,6681006;619,6651024;662,737984;712,722965;709,660997;709,660997;736,647894;
559,6961020;577,748997;577,748997;228,6221135;497,4671069;273,6201118;133,7071095;433,5461158;468,5181144;433,5461158;341,5571116;513,6361059;444,6391032;532,4571078;532,4571078;560,4641039;619,6651024;662,737984;712,722965;709,660997;709,660997;238,3111247;389,5251172;397,5531168;133,7071095;382,780994;302,8161032;340,822966;360,4341221;291,6011083;133,7071095;229,5991132;211,6891093;382,780994;524,778913;433,5461158;397,5531168;481,5361123;483,4451134;537,4331116;483,4451134;619,6651024;575,777933;537,4331116;619,6651024;538,4321109;619,6651024;619,6261032;678,6801007;676,6561015;713,659959;740,640955;763,677898;768,667945;740,640955;768,667945;781,655887;
559,6961020;577,748997;577,748997;433,5461158;468,5181144;433,5461158;513,6361059;619,6651024;662,737984;712,722965;238,3111247;389,5251172;397,5531168;382,780994;302,8161032;340,822966;211,6891093;382,780994;433,5461158;397,5531168;619,6651024;619,6651024;619,6651024;619,6261032;678,6801007;676,6561015;740,640955;763,677898;768,667945;740,640955;768,667945;781,655887;306,2971263;425,4751224;356,4771199;250,6221161;167,7271095;218,7741034;473,826940;392,863831;424,922784;339,5061241;250,6221161;279,6851102;167,7271095;167,7271095;488,862836;418,901787;300,6631156;247,7061052;425,4751224;525,4281203;328,6421131;386,6521050;533,7651036;575,4561150;563,6331115;533,7651036;589,6151139;599,6671039;662,737984;687,778950;686,774964;713,5811061;652,745986;713,5811061;698,7071000;705,761900;721,5721019;711,683984;726,726848;737,6651008;749,544989;821,604947;807,637911;
433,5461158;433,5461158;619,6651024;662,737984;712,722965;389,5251172;397,5531168;382,780994;302,8161032;382,780994;433,5461158;397,5531168;619,6651024;619,6651024;619,6651024;619,6261032;678,6801007;676,6561015;781,655887;425,4751224;250,6221161;218,7741034;250,6221161;300,6631156;425,4751224;525,4281203;328,6421131;533,7651036;563,6331115;533,7651036;589,6151139;662,737984;687,778950;686,774964;652,745986;698,7071000;705,761900;737,6651008;749,544989;344,6031161;300,6631156;129,7321143;182,7651053;328,7801019;436,908992;425,4751224;377,5451264;467,888971;502,965969;506,943934;478,4991177;546,925924;623,4511189;637,5801129;612,7511105;514,781978;506,943934;625,4891171;622,836905;625,842859;697,4151175;721,5471143;637,5791135;747,5291167;712,722965;662,788868;625,842859;723,5851125;747,5291167;805,4791147;738,704989;711,748868;757,5141157;773,737953;837,648957;840,654911;840,654911;
----Iteration 4----
-310,336654;-141,353556;59,467392;37,289555;81,192801;-212,488243;409,61416;-306,232638;-254,698442;17,447528;-230,571414;194,306310;-185,470403;-202,533217;
-650,121697;-193,298483;-298,291580;-650,121697;-285,274613;-224,736306;-162,698345;-407,310669;-199,720382;-238,712460;-191,267600;-246,268626;-221,622547;-23,106559;-67,85573;84,93313;-15,277232;-114,499372;3,80480;-78,437237;16,418128;25,116381;54,258204;18,270242;54,258204;54,258204;
-224,736306;-407,310669;-238,712460;-23,106559;-15,277232;16,418128;18,270242;-214,113789;-280,187851;-272,702529;-272,702529;-309,762510;-306,767505;-272,852401;-230,824395;-228,57831;-402,270693;-216,696557;-496,2301011;-283,756574;-292,703591;-230,824395;-230,824395;-280,187851;-309,224857;-148,711439;-172,727403;-34,248701;-82,549586;-92,667430;-141,672434;-214,113789;-108,313649;-82,549586;-58,643412;-152,322654;-108,313649;-21,128516;18,122529;90,210385;-57,431207;48,79460;81,270214;
-214,113789;-280,187851;-309,762510;-306,767505;-230,824395;-216,696557;-496,2301011;-283,756574;-292,703591;-230,824395;-230,824395;-280,187851;-34,248701;-92,667430;-214,113789;-108,313649;-152,322654;-108,313649;-280,187851;-246,870493;-324,426889;-250,596814;-164,800474;-194,85869;-295,389883;-95,751541;-138,813439;-131,777399;-185,85806;-250,596814;-82,721404;-94,111745;-152,322654;-39,582604;-31,592574;-68,653483;-38,43731;-59,639646;3,245609;27,661466;-94,111745;147,282570;107,322570;164,420313;181,426210;209,256394;232,91438;234,187397;
-214,113789;-496,2301011;-34,248701;-214,113789;-246,870493;-324,426889;-250,596814;-194,85869;-295,389883;-185,85806;-250,596814;-94,111745;-38,43731;-59,639646;3,245609;-94,111745;-269,119945;-297,88950;-348,381911;-223,613766;-223,613766;-297,88950;-178,803684;-332,522904;-137,768682;-106,818654;-171,42890;-234,221857;-240,584849;-223,613766;-106,818654;-76,850609;-137,2913;-223,613766;-89,666684;44,717590;-14,635632;3,752592;-94,111745;-30,288658;44,717590;111,71669;110,681515;110,681515;203,469570;203,469570;203,469570;359,274550;
-496,2301011;-250,596814;-250,596814;-332,522904;-106,818654;-240,584849;-106,818654;-76,850609;44,717590;3,752592;44,717590;111,71669;203,469570;203,469570;203,469570;359,274550;-311,115984;-227,662799;-236,938587;-201,412953;-211,478902;-210,892538;-170,99928;-122,829770;-54,837631;-103,24922;-26,269856;-70,645718;-106,818654;-30,293802;74,691691;3,752592;23,287805;74,691691;95,738512;30,746536;41,67757;74,691691;96,327697;116,688598;116,688598;149,110654;159,565603;139,598649;249,554565;290,530561;290,530561;390,321548;
-496,2301011;203,469570;203,469570;203,469570;-311,115984;-236,938587;-201,412953;-211,478902;-170,99928;-122,829770;-103,24922;74,691691;23,287805;74,691691;95,738512;74,691691;96,327697;116,688598;116,688598;159,565603;139,598649;249,554565;290,530561;290,530561;-162,371917;-172,437866;-233,829958;-199,896820;-186,918618;-216,76982;-211,523894;-155,886784;-199,896820;-148,5936;-87,830709;-9,863653;-132,847738;-52,191894;19,431865;45,774726;-89,779715;24,815623;20,820624;23,287805;19,431865;107,732464;189,161792;186,318740;89,743605;261,681514;250,724532;261,681514;221,311689;250,268660;290,530561;413,495555;261,681514;424,462599;413,495555;
-201,412953;-211,478902;-170,99928;-103,24922;74,691691;74,691691;74,691691;-162,371917;-233,829958;-199,896820;-186,918618;-216,76982;-211,523894;-155,886784;-199,896820;-148,5936;-9,863653;19,431865;45,774726;24,815623;20,820624;19,431865;-356,3971158;-433,4491256;-233,829958;-233,829958;-226,832911;-189,965765;-380,5011229;-279,5351143;-338,7151015;-233,829958;-157,904809;-356,3971158;-315,5621127;-106,846805;-96,868736;-104,870769;-233,829958;-9,826868;-32,853723;10,314915;119,830532;134,424895;234,488744;311,747687;134,424895;311,747687;134,424895;296,454857;357,808617;314,479841;470,588696;437,669627;
-199,896820;-199,896820;-9,863653;19,431865;45,774726;19,431865;-356,3971158;-433,4491256;-189,965765;-380,5011229;-279,5351143;-157,904809;-356,3971158;-315,5621127;-106,846805;-104,870769;-9,826868;10,314915;119,830532;134,424895;134,424895;134,424895;296,454857;470,588696;437,669627;-380,5011229;-315,5621127;-325,5911139;-158,889869;-230,1013805;-189,965765;-325,5911139;-156,8091025;-184,8561005;-315,5621127;-262,5501112;-137,893824;-31,900748;130,928528;-118,925736;-177,6021088;-156,8091025;-126,792909;9,852682;130,928528;-92,2811011;203,909479;134,424895;259,603805;117,648773;124,721747;343,785716;310,630753;479,520855;303,633731;382,781677;365,825696;422,690695;479,520855;
-433,4491256;-380,5011229;-279,5351143;-157,904809;-315,5621127;296,454857;470,588696;437,669627;-380,5011229;-315,5621127;-325,5911139;-158,889869;-230,1013805;-325,5911139;-156,8091025;-184,8561005;-315,5621127;-262,5501112;-177,6021088;-156,8091025;203,909479;259,603805;117,648773;124,721747;479,520855;365,825696;422,690695;479,520855;-356,4981230;-335,5561211;-325,5911139;-285,7531073;-236,7971057;-184,8561005;-203,874992;-14,899850;-224,964826;-325,5271199;-74,967784;-166,8631003;-7,937794;169,937435;-121,810964;49,852881;156,931591;-88,2821036;-88,2821036;148,538904;76,7691021;350,837737;350,837737;208,859475;140,473944;193,461868;200,642849;480,318904;367,677768;387,820695;479,520855;355,605789;387,820695;559,562694;513,368866;502,575791;513,368866;538,489715;559,562694;
-433,4491256;-380,5011229;-380,5011229;-158,889869;-230,1013805;-156,8091025;-184,8561005;-177,6021088;-156,8091025;479,520855;479,520855;-356,4981230;-335,5561211;-285,7531073;-236,7971057;-184,8561005;-203,874992;-224,964826;-325,5271199;-74,967784;-166,8631003;-7,937794;169,937435;-121,810964;49,852881;156,931591;148,538904;76,7691021;350,837737;350,837737;140,473944;479,520855;513,368866;513,368866;538,489715;-293,6061164;-213,6191108;-166,8631003;-11,910853;-311,4531187;-63,986506;-245,5661143;-207,6071115;-188,5111145;-213,6191108;-156,8091025;10,871946;46,907798;12,4231050;304,847842;214,914704;115,389989;314,887640;314,887640;281,287983;435,382943;396,841720;326,881592;339,848781;408,730888;444,806699;502,377953;533,751738;503,696840;477,787672;603,458830;564,633672;489,781624;617,364843;613,618698;618,356779;
----Iteration 9----
228,73-126;-150,544515;198,70421;100,247432;-112,301816;67,280157;174,240705;-250,580-57;58,246517;-70,-35739;-303,647228;20,512501;
27,498658;174,240705;58,363410;34,468673;75,263494;58,363410;75,263494;93,335396;104,292378;
174,240705;34,468673;36,558667;36,558667;-13,555710;129,615555;78,269700;185,536587;128,266652;296,545515;278,623512;310,622462;185,536587;239,633505;310,622462;230,633547;278,623512;328,544465;328,544465;324,593421;328,544465;
129,615555;278,623512;310,622462;239,633505;310,622462;230,633547;278,623512;8,648717;8,648717;28,660714;40,609647;98,635576;98,635576;228,650535;278,623512;245,593816;329,578773;291,620549;339,628457;329,578773;373,595704;360,558752;373,595704;447,589621;447,589621;448,609590;
8,648717;8,648717;28,660714;245,593816;329,578773;339,628457;329,578773;373,595704;360,558752;373,595704;448,609590;70,725626;70,725626;108,639880;70,725626;236,714551;252,563893;252,563893;184,743616;236,714551;252,563893;329,578773;206,699553;266,651564;329,578773;313,522800;329,578773;311,637615;340,530761;360,558752;407,583697;392,526726;422,611662;475,626585;456,599655;524,540569;497,523617;524,540569;
524,540569;524,540569;312,753979;223,792976;413,641930;216,830675;379,679925;414,605946;421,620781;413,641930;453,798727;440,559897;521,757721;440,559897;467,749743;440,559897;520,434754;503,732723;520,434754;503,732723;532,494709;
223,792976;216,830675;453,798727;521,757721;300,7251018;192,828932;229,816929;57,852905;57,852905;57,852905;300,7251018;85,929853;300,7251018;356,734961;356,734961;340,788999;410,795958;356,734961;453,798727;453,798727;422,671989;577,734750;479,760759;428,812772;497,569931;456,645915;548,658850;494,774734;530,635872;550,740798;559,610838;564,691814;666,620748;
223,792976;453,798727;300,7251018;57,852905;57,852905;57,852905;300,7251018;300,7251018;356,734961;356,734961;340,788999;410,795958;356,734961;453,798727;453,798727;422,671989;577,734750;479,760759;428,812772;497,569931;456,645915;548,658850;494,774734;530,635872;550,740798;564,691814;666,620748;348,6741007;300,7251018;179,8151012;106,955877;106,955877;106,955877;69,966866;278,7411061;106,955877;223,924775;359,6391039;179,8151012;198,887792;381,717970;417,834940;435,673943;435,673943;417,834940;405,868816;497,569931;457,609931;435,673943;441,726803;514,805720;527,585894;541,661828;550,788700;514,805720;584,639847;548,658850;564,737746;621,604855;564,737746;635,715784;704,743739;680,770731;
223,792976;300,7251018;300,7251018;300,7251018;356,734961;356,734961;340,788999;410,795958;356,734961;422,671989;497,569931;550,740798;564,691814;300,7251018;179,8151012;106,955877;106,955877;106,955877;69,966866;278,7411061;106,955877;359,6391039;179,8151012;381,717970;417,834940;435,673943;435,673943;417,834940;497,569931;435,673943;527,585894;621,604855;704,743739;680,770731;230,7511096;278,7411061;81,880998;195,990785;306,6881080;104,8551040;241,893882;356,7161027;186,807976;186,807976;197,856898;243,924861;272,902744;478,6201026;481,655959;447,702928;452,856858;448,896876;484,879856;521,550971;563,530948;526,797777;545,827623;612,546906;563,530948;576,717804;669,818743;619,669885;691,737775;644,788794;718,694755;
223,792976;300,7251018;300,7251018;300,7251018;356,734961;356,734961;340,788999;410,795958;356,734961;422,671989;497,569931;300,7251018;179,8151012;106,955877;106,955877;106,955877;278,7411061;106,955877;179,8151012;381,717970;417,834940;417,834940;497,569931;527,585894;621,604855;704,743739;680,770731;230,7511096;278,7411061;81,880998;306,6881080;104,8551040;241,893882;356,7161027;186,807976;186,807976;197,856898;243,924861;272,902744;478,6201026;481,655959;447,702928;452,856858;448,896876;484,879856;521,550971;563,530948;612,546906;563,530948;576,717804;669,818743;619,669885;691,737775;644,788794;718,694755;264,7451080;28,8671041;72,8881027;68,916892;215,990871;215,990871;386,6971062;313,804958;448,896876;477,6161040;477,6161040;478,6201026;435,728962;377,900852;431,881896;515,893825;484,879856;484,879856;551,873818;571,885815;661,503935;619,790795;669,818743;665,707808;665,790772;715,710783;745,770706;715,710783;733,686764;745,770706;
356,734961;356,734961;340,788999;410,795958;356,734961;422,671989;497,569931;179,8151012;106,955877;106,955877;106,955877;278,7411061;106,955877;179,8151012;381,717970;417,834940;417,834940;497,569931;527,585894;621,604855;704,743739;680,770731;230,7511096;278,7411061;306,6881080;243,924861;478,6201026;481,655959;484,879856;521,550971;563,530948;612,546906;563,530948;619,669885;691,737775;264,7451080;68,916892;215,990871;215,990871;386,6971062;477,6161040;477,6161040;478,6201026;435,728962;431,881896;484,879856;484,879856;661,503935;665,707808;715,710783;715,710783;133,8881071;87,9121095;215,990871;359,7141075;203,7931069;159,8601106;206,926886;366,7251029;280,7651014;355,886986;352,914897;404,962840;476,904891;435,6261057;483,861931;434,877917;478,6201026;485,639914;578,927827;650,900775;649,831801;650,900775;650,503937;679,872792;650,503937;763,795690;679,872792;794,700827;774,676842;805,770712;794,700827;794,700827;
----Iteration 8----
-334,670335;166,-1559;121,308393;308,-171230;-440,427623;-28,502598;53,313445;-20,109802;226,179433;14,419484;-67,669622;79,483421;118,377442;-308,364660;-351,147765;254,-143352;
250,306547;359,402419;250,306547;327,439449;333,494438;333,494438;333,494438;333,494438;333,494438;
234,359597;234,359597;212,339633;306,597478;306,597478;306,597478;274,562522;234,359597;356,505534;255,332648;323,546536;337,585446;299,467580;299,467580;402,480421;386,569460;404,444446;
212,339633;255,332648;212,339633;284,643558;240,622572;284,643558;259,479609;311,579563;269,473632;284,643558;275,467613;315,461601;382,586550;345,597539;431,689482;351,527591;391,440610;428,750533;416,489559;431,689482;459,696443;459,696443;416,489559;431,689482;416,489559;448,645463;448,645463;448,645463;448,645463;448,645463;448,645463;
431,689482;428,750533;431,689482;459,696443;459,696443;431,689482;270,495696;289,520671;311,521633;280,711582;316,689618;289,520671;316,689618;316,689618;312,690628;347,785558;402,754504;404,465624;429,748456;402,754504;380,665587;390,760552;429,748456;430,700432;512,496606;512,496606;485,658475;467,689443;489,541614;493,651475;501,659411;512,496606;
428,750533;459,696443;459,696443;347,785558;390,760552;375,609743;339,635695;289,783659;312,738651;343,807593;343,807593;343,807593;343,807593;383,594718;375,609743;406,441750;380,487799;395,789543;349,507820;348,731641;343,807593;390,513763;328,655747;385,563767;390,513763;452,573693;416,756581;428,750533;478,695605;456,757494;452,573693;452,573693;515,684616;515,684616;527,650655;515,684616;530,655422;
375,609743;383,594718;375,609743;380,487799;349,507820;328,655747;385,563767;515,684616;515,684616;527,650655;515,684616;283,738760;247,760724;390,858667;381,457793;283,738760;392,891625;315,746686;338,871629;416,918564;444,437794;446,897531;418,521778;440,538760;407,823569;454,463758;470,504718;456,790600;491,703659;471,758596;474,730715;558,641629;478,745559;537,676619;
375,609743;375,609743;349,507820;328,655747;385,563767;527,650655;283,738760;247,760724;390,858667;283,738760;392,891625;315,746686;338,871629;444,437794;418,521778;440,538760;454,463758;470,504718;491,703659;474,730715;558,641629;322,562817;325,636766;256,721808;392,891625;281,586821;209,740851;247,760724;244,784804;392,891625;392,891625;432,443842;392,559802;474,967572;404,602746;447,950620;454,463758;523,951586;546,858632;482,589696;494,528714;576,593619;562,910550;624,566667;677,620574;677,620574;640,631563;677,620574;
375,609743;375,609743;349,507820;328,655747;385,563767;390,858667;444,437794;418,521778;440,538760;470,504718;474,730715;558,641629;322,562817;325,636766;209,740851;432,443842;392,559802;474,967572;404,602746;447,950620;523,951586;546,858632;482,589696;494,528714;576,593619;562,910550;624,566667;677,620574;677,620574;640,631563;677,620574;171,823861;325,868699;247,891741;325,868699;285,852840;437,917647;432,443842;427,493846;305,662764;363,699739;336,746723;345,874679;513,953598;439,487798;401,605725;518,915645;540,907567;481,484773;540,907567;556,821690;589,860529;556,821690;612,815521;610,851485;576,593619;640,631563;695,627572;
349,507820;432,443842;474,967572;447,950620;523,951586;546,858632;562,910550;285,852840;437,917647;432,443842;427,493846;513,953598;518,915645;540,907567;540,907567;556,821690;589,860529;556,821690;612,815521;610,851485;236,715910;280,871830;254,894791;395,913686;437,917647;318,823868;280,871830;437,917647;498,926603;341,671856;326,828836;485,842797;472,863759;423,879745;461,902717;510,928600;446,612819;484,838811;565,734811;485,842797;496,842785;511,753815;556,821690;561,892577;575,737809;600,827573;698,579783;631,818493;616,755500;687,707763;640,753475;726,661719;744,668717;
474,967572;523,951586;546,858632;285,852840;513,953598;518,915645;556,821690;556,821690;236,715910;395,913686;318,823868;498,926603;472,863759;510,928600;556,821690;698,579783;687,707763;744,668717;245,675925;229,697912;282,830878;283,934866;283,934866;303,878805;468,905767;465,999662;441,953684;478,935671;459,898800;465,999662;519,628882;527,852839;510,860801;465,999662;510,860801;512,905685;584,774827;568,915582;590,935546;680,515810;584,774827;604,693775;566,811880;618,896616;659,826508;719,506789;651,729727;724,628761;737,668729;
