----Iteration 0----
715,2241094;752,-6311499;1071,-6881553;1446,-9031252;1022,-3021161;766,191819;1103,-3731161;1077,30779;1309,-239734;1438,-4201165;1365,-3081106;925,-2761225;767,-1111168;1083,-161892;
941,359677;941,359677;912,338695;912,338695;822,-397907;946,312653;1339,-4391274;1005,325644;1005,325644;915,409649;1142,53892;1244,-406965;1339,-4391274;1244,-406965;
1339,-4391274;915,409649;1142,53892;1339,-4391274;977,362736;977,362736;977,362736;975,-4101321;835,-2091077;1012,339725;1012,339725;1049,229744;1154,-4811433;1138,-4641470;1040,255739;1180,121010;1051,215778;1231,-5561325;1123,84921;1206,71047;1264,-311066;1526,-1051069;1505,-601070;1526,-1051069;1496,-441056;1501,-541008;
915,409649;1142,53892;835,-2091077;1138,-4641470;1180,121010;1123,84921;1206,71047;1264,-311066;1526,-1051069;1505,-601070;1526,-1051069;1496,-441056;1501,-541008;1017,135903;999,375806;1005,402777;999,375806;1039,-5051511;996,-3011447;835,-2091077;1017,135903;1018,335837;1021,400772;1176,-4701433;1019,103848;1021,400772;1205,-4621389;1170,-4461346;1153,183826;1104,285846;996,-3011447;1038,45974;1072,98874;1192,11928;1227,154789;1153,183826;1392,-2571235;1507,-2621335;1505,-601070;1496,-441056;1505,-601070;1505,-601070;
1138,-4641470;1206,71047;1264,-311066;1505,-601070;1496,-441056;999,375806;999,375806;1039,-5051511;996,-3011447;1176,-4701433;1205,-4621389;1153,183826;1104,285846;996,-3011447;1153,183826;1507,-2621335;1505,-601070;1496,-441056;1505,-601070;1505,-601070;954,-5371589;1022,-2521367;1031,324870;1031,324870;981,360811;989,449762;974,-5571586;1048,-4171472;1048,416804;1005,447757;1067,-2561394;1086,-1211222;996,2401027;1161,-5001489;1036,2391031;1090,355848;1161,-5001489;1161,-5001489;1410,-1261259;1104,285846;1306,195735;1271,156803;1378,-3261383;1429,-831135;1271,156803;1436,-2271294;1500,-501107;1569,1051032;1563,-2701305;1531,-911139;1704,281041;1720,1191009;1698,691039;1715,651037;
1138,-4641470;996,-3011447;1176,-4701433;1205,-4621389;1153,183826;1104,285846;996,-3011447;1153,183826;1507,-2621335;1022,-2521367;1048,-4171472;1067,-2561394;1086,-1211222;996,2401027;1036,2391031;1410,-1261259;1104,285846;1271,156803;1378,-3261383;1429,-831135;1271,156803;1436,-2271294;1500,-501107;1563,-2701305;1531,-911139;1704,281041;1720,1191009;1698,691039;1715,651037;1084,-5551658;996,-2511380;947,-861323;974,-991280;968,-961307;1012,2861025;1080,360875;1064,453830;1090,-5601720;1051,-4841590;1083,451222;1014,1881062;1012,2861025;1075,326884;1096,384867;1115,-4601525;986,-1071352;1042,2761021;1185,-4791507;1378,-3261383;1103,-2421305;1103,252847;1333,279758;1333,279758;1298,-2581361;1434,-2191260;1354,611197;1498,-2671358;1640,1231084;1563,-2701305;1600,1171101;1685,127975;1620,-1611153;1720,1191009;
1507,-2621335;1036,2391031;1378,-3261383;1429,-831135;1500,-501107;1563,-2701305;1531,-911139;1704,281041;1720,1191009;1698,691039;1715,651037;947,-861323;974,-991280;968,-961307;1012,2861025;1012,2861025;1042,2761021;1378,-3261383;1354,611197;1498,-2671358;1640,1231084;1563,-2701305;1600,1171101;1685,127975;1720,1191009;1320,-2391758;947,-861323;984,221233;1010,4781043;1020,4951018;957,-621289;1105,1081223;1097,2661007;1118,5671001;1152,-5401763;933,-541246;984,441224;1137,490958;1147,535942;1326,-2751719;1489,-1071356;1359,1161147;1234,252890;1248,477820;1352,2111212;1436,338819;1605,-3441384;1635,177975;1605,-3441384;1605,-3441384;1709,-1091214;1601,1611011;1605,-3441384;1587,-2291277;1605,-3441384;1702,-1361218;1702,-1361218;1736,-40992;1771,-481026;
1720,1191009;1354,611197;1685,127975;1720,1191009;1118,5671001;1137,490958;1147,535942;1359,1161147;1248,477820;1352,2111212;1605,-3441384;1635,177975;1605,-3441384;1605,-3441384;1709,-1091214;1601,1611011;1605,-3441384;1605,-3441384;1702,-1361218;1702,-1361218;1272,-2181844;1272,-2181844;1054,5081056;1247,-1681794;1130,2341304;1236,483790;1366,-1011756;1130,2341304;1096,4281210;1342,452868;1366,-1011756;1315,2041461;1344,2121417;1382,-1021768;1382,-1021768;1512,4021088;1529,3981086;1484,4261123;1529,3981086;1569,-931674;1645,1491102;1601,-2701453;1702,781147;1678,-541216;1727,-1441303;1662,1121082;1724,671145;1782,741072;
1720,1191009;1685,127975;1720,1191009;1118,5671001;1137,490958;1147,535942;1352,2111212;1635,177975;1601,1611011;1054,5081056;1236,483790;1342,452868;1315,2041461;1344,2121417;1382,-1021768;1382,-1021768;1512,4021088;1529,3981086;1484,4261123;1529,3981086;1569,-931674;1645,1491102;1702,781147;1662,1121082;1724,671145;1782,741072;1253,-1371892;1296,-901852;1113,4761116;1152,552933;1377,-101847;1366,1191749;1366,1191749;1102,4431266;1283,481859;1317,1271736;1334,2491415;1135,4091218;1475,4351089;1382,-1021768;1190,3921169;1387,-291648;1366,1191749;1529,3981086;1569,-931674;1533,3201104;1487,-591486;1682,521186;1539,3171077;1539,3171077;1602,-1271626;1769,01400;1846,191264;1816,211308;
1118,5671001;1147,535942;1315,2041461;1512,4021088;1529,3981086;1484,4261123;1529,3981086;1569,-931674;1253,-1371892;1152,552933;1102,4431266;1529,3981086;1569,-931674;1533,3201104;1539,3171077;1539,3171077;1242,2161631;1401,3091430;1159,3791433;1160,4001416;1368,4621244;1174,5251070;1242,2161631;1160,4001416;1181,2461556;1190,3731386;1393,4881188;1368,4621244;1383,4411251;1457,1791876;1499,1771813;1481,4771128;1569,-931674;1609,1971634;1556,3531016;1547,3671054;1547,3671054;1609,1971634;1581,2741119;1808,1901281;1906,891394;1858,1301420;1868,811443;1906,891394;
1118,5671001;1512,4021088;1529,3981086;1529,3981086;1152,552933;1102,4431266;1529,3981086;1533,3201104;1539,3171077;1539,3171077;1401,3091430;1160,4001416;1368,4621244;1174,5251070;1160,4001416;1393,4881188;1368,4621244;1383,4411251;1556,3531016;1547,3671054;1547,3671054;1808,1901281;1906,891394;1858,1301420;1868,811443;1906,891394;1482,1691933;1519,2371843;1539,2651723;1626,2641662;1206,3831475;949,5281160;1087,5841080;1136,4091415;1199,5501002;1519,2371843;1539,2651723;1485,5121179;1519,2371843;1264,3971445;1515,2931823;1511,4161115;1627,-821706;1572,2131881;1780,2791300;1533,3201104;1660,-1161658;1713,3121094;1669,-1461659;1689,-1241610;1694,1361303;1891,751543;1787,1281453;1797,2191253;1891,751543;1797,2191253;1891,751543;1931,771502;1902,1091272;
----Iteration 4----
736,-1511478;1154,-356708;1211,-200570;996,-6431298;1255,-378862;1448,-212696;872,-171768;1047,-2871028;1142,-308799;796,156928;905,-3511401;974,-2501055;1130,-3361129;1049,-12091272;897,-233924;980,-211790;670,-116984;1237,-4661041;934,-29509;1069,-3151265;1373,-637935;
1086,-791168;704,-1261545;1081,-461096;704,-1261545;1066,-851314;1003,-351267;750,-711508;796,581506;1081,-461096;1020,-1901893;1107,-1701459;1021,-1571892;1124,-2051886;1225,-4161218;1168,-363795;1238,-4391748;1238,-4391748;1180,-398756;1252,-4281353;1299,-4541402;1373,-637935;
796,581506;1020,-1901893;1021,-1571892;1124,-2051886;668,111529;860,51443;813,451463;928,-1031790;1074,-2011806;1041,41415;991,-1301849;1074,-2011806;1049,-1261733;1094,541403;1054,-391656;1161,-1701804;1340,-2301871;1398,-2141844;1368,-2041848;1388,-1101721;1397,-2351861;
796,581506;1094,541403;1397,-2351861;961,1761493;1042,-2091914;1065,761376;1193,601374;1193,601374;1094,541403;1193,601374;1395,-801890;1379,-451908;1387,-301886;1325,251870;1395,-801890;1421,-561844;1421,-561844;1402,461851;1470,-301816;
961,1761493;997,-1921964;994,1721526;916,1321546;961,1761493;1013,3021391;1013,3021391;994,1721526;1066,-2072011;1013,3021391;1291,2271370;1328,-351963;1408,1121878;1458,1061808;1453,1221855;1291,2271370;1453,1221855;1454,421935;1453,1221855;1489,91942;1502,831870;1493,851868;
997,-1921964;1066,-2072011;1328,-351963;1489,91942;869,-911997;1243,-2332005;1204,2391793;1172,2411783;1204,2391793;1405,2941780;1366,4591693;1375,4791636;1447,1261884;1375,4791636;1455,5431603;1494,2941668;1450,4001649;1483,881936;1651,2571673;1606,2901696;1606,2901696;1672,1451878;1612,2671668;1694,1951848;1672,1451878;
1489,91942;1483,881936;1651,2571673;1672,1451878;1694,1951848;1672,1451878;1323,-41946;1219,5561747;1366,6181746;1366,6181746;1473,3121767;1284,961902;1465,3481825;1384,6271577;1439,-1182053;1485,-1182037;1399,3971757;1468,5881653;1492,-242013;1403,2321865;1461,3351828;1475,5691661;1533,831904;1465,3481825;1501,5761646;1530,5681598;1530,5681598;1730,2011835;1625,3461707;1562,3961677;1627,2141897;1625,3461707;1562,3961677;1656,1881857;1681,2401820;1625,3461707;1672,1451878;1757,1881792;1730,2011835;1730,2011835;1730,2011835;1730,2011835;1759,1931787;
1489,91942;1483,881936;1672,1451878;1694,1951848;1672,1451878;1366,6181746;1366,6181746;1284,961902;1465,3481825;1439,-1182053;1468,5881653;1492,-242013;1403,2321865;1461,3351828;1475,5691661;1533,831904;1465,3481825;1501,5761646;1530,5681598;1530,5681598;1625,3461707;1562,3961677;1627,2141897;1625,3461707;1562,3961677;1656,1881857;1625,3461707;1672,1451878;1332,4581825;1347,5811750;1405,6601734;1415,6441604;1329,-172017;1479,5201824;1426,6311618;1461,3351828;1435,5501817;1562,-1362018;1545,-862045;1446,3781851;1445,601953;1514,4971813;1514,6511555;1564,-261987;1479,5201824;1661,4641655;1542,5861568;1777,2321814;1746,2611846;1661,4641655;1656,1881857;1740,1841874;1643,4971630;1817,1071885;1726,2741798;1661,4641655;1753,2611755;1686,3071816;1779,1641849;1734,3221741;1779,1641849;1779,1641849;
1694,1951848;1366,6181746;1366,6181746;1468,5881653;1475,5691661;1501,5761646;1627,2141897;1656,1881857;1347,5811750;1405,6601734;1415,6441604;1426,6311618;1545,-862045;1514,4971813;1514,6511555;1661,4641655;1777,2321814;1746,2611846;1661,4641655;1656,1881857;1740,1841874;1817,1071885;1726,2741798;1661,4641655;1753,2611755;1686,3071816;1734,3221741;1324,592022;1262,901979;1216,1032001;1353,7071712;1483,5601972;1534,-522060;1510,6591583;1574,152033;1483,5601972;1568,6011637;1542,6271494;1602,571995;1613,2111952;1504,5371936;1528,5431771;1664,5661624;1696,1281910;1740,1701882;1574,5211678;1629,5571676;1732,1631890;1684,3441853;1760,2881740;1655,5641661;1680,5231645;1732,1631890;1742,3721736;1664,5661624;1794,3821645;1817,1071885;1810,1661855;1794,3821645;
1777,2321814;1746,2611846;1740,1841874;1817,1071885;1726,2741798;1734,3221741;1483,5601972;1534,-522060;1574,152033;1483,5601972;1602,571995;1613,2111952;1504,5371936;1740,1701882;1732,1631890;1760,2881740;1732,1631890;1742,3721736;1794,3821645;1817,1071885;1810,1661855;1794,3821645;1483,5601972;1294,6021942;1263,6231918;1249,6471940;1480,8221494;1602,571995;1483,5601972;1520,6711741;1474,7491758;1545,4492051;1540,4702007;1530,4951887;1520,6711741;1600,2801950;1619,6161819;1659,6201710;1616,741958;1732,1631890;1638,6631666;1648,-121999;1840,921907;1647,6581781;1683,6031621;1705,5961667;1750,5851639;1720,3491926;1921,2051825;1941,2321809;1892,2711794;1954,1661817;
1746,2611846;1740,1841874;1817,1071885;1734,3221741;1534,-522060;1574,152033;1602,571995;1613,2111952;1740,1701882;1732,1631890;1760,2881740;1732,1631890;1742,3721736;1794,3821645;1817,1071885;1810,1661855;1794,3821645;1602,571995;1545,4492051;1540,4702007;1600,2801950;1619,6161819;1732,1631890;1648,-121999;1840,921907;1647,6581781;1705,5961667;1750,5851639;1720,3491926;1941,2321809;1954,1661817;1377,5342009;1560,6671872;1404,8381669;1376,8871637;1436,6281996;1384,6921826;1476,8161818;1480,8231760;1476,8161818;1530,6761984;1517,7771524;1657,1101994;1593,5181939;1643,5221911;1725,5391907;1539,6781793;1584,6291804;1546,7041760;1601,7331691;1701,1311977;1677,4341940;1700,4311937;1702,6881771;1840,921907;1765,6541544;1944,1901847;1746,4421703;1725,5391907;1931,2151850;1765,6541544;1934,2751840;1931,2151850;
----Iteration 6----
1016,87599;1086,-1761578;1178,-349684;876,-691153;1294,-6781329;943,-1641187;1281,-106487;1134,-289876;942,1421021;1660,-470732;975,-531129;1213,-410560;1373,-5761007;1285,-464690;
1060,147946;1065,110886;985,-3501377;890,-2431338;843,-3221502;1042,961032;866,-2201351;1140,441213;1140,441213;1151,151241;1132,891232;1157,-281196;1455,-2411223;1316,-441230;1352,-1961304;1455,-2411223;
985,-3501377;890,-2431338;843,-3221502;866,-2201351;1132,891232;1455,-2411223;1316,-441230;1352,-1961304;1455,-2411223;916,-2681383;985,-3501377;1228,1031218;1128,1761170;1128,1761170;1142,-3431329;1228,1031218;1141,2051139;1142,-3431329;1152,-3601368;1228,1031218;1252,1441190;1252,1441190;1170,341289;1179,471249;1258,861081;1291,-4191368;1285,381101;1285,381101;1518,-771046;1518,-771046;1547,-1031006;1455,-2411223;1518,-771046;1468,-301061;1518,-771046;1518,-771046;
985,-3501377;1455,-2411223;1316,-441230;1352,-1961304;1455,-2411223;916,-2681383;985,-3501377;1228,1031218;1228,1031218;1141,2051139;1152,-3601368;1228,1031218;1252,1441190;1252,1441190;1170,341289;1291,-4191368;1455,-2411223;1468,-301061;943,-2711457;956,-2781461;1059,2571309;1059,2571309;1194,1291260;1153,1901203;956,-2781461;883,-1731575;1153,1901203;1103,-4541496;1059,2571309;1232,721249;1194,1291260;1267,-4611400;1162,-571356;1271,-5391476;1173,-3041321;1258,671182;1287,1261134;1291,-4191368;1355,-651207;1315,551028;1398,311174;1315,551028;1454,-2061242;1482,-311057;1531,-471079;1482,-311057;1561,-701018;1561,-701018;
1228,1031218;1228,1031218;1228,1031218;1252,1441190;1252,1441190;1170,341289;1059,2571309;1059,2571309;1194,1291260;1153,1901203;883,-1731575;1153,1901203;1059,2571309;1232,721249;1194,1291260;1271,-5391476;896,-1801579;1071,1691380;973,2181381;979,1331407;1011,1861406;973,2181381;973,2181381;973,2181381;1036,-2171643;896,-1801579;1033,991472;1071,1691380;1071,1691380;1009,2961329;1152,2171142;1154,2321125;1265,-4361508;1265,-4361508;1252,-4271468;1152,1451305;1152,1451305;1186,1191263;1265,-4361508;1300,1341177;1418,81396;1396,321307;1492,1041194;1417,-801443;1448,-421406;1448,-421406;1468,1081206;1487,611236;1539,-351251;1518,-51223;1568,-431203;
1059,2571309;1059,2571309;883,-1731575;1059,2571309;896,-1801579;1071,1691380;973,2181381;979,1331407;1011,1861406;973,2181381;973,2181381;973,2181381;1036,-2171643;896,-1801579;1033,991472;1071,1691380;1071,1691380;1009,2961329;1152,1451305;1152,1451305;1448,-421406;1448,-421406;1056,-2711617;1036,-2171643;896,-1801579;1033,991472;947,1021448;973,2181381;828,2441390;876,2741357;1033,991472;1224,-3771570;1216,-2821607;1116,231573;1042,2241369;1051,671427;1425,401510;1448,971381;1500,2651222;1437,-21482;1469,2271257;1576,1431294;1493,801351;1566,1441241;1576,1431294;1577,1081275;
1059,2571309;1059,2571309;1059,2571309;1036,-2171643;1033,991472;1009,2961329;1056,-2711617;1036,-2171643;1033,991472;1033,991472;1224,-3771570;1216,-2821607;1116,231573;1448,971381;1500,2651222;1576,1431294;1566,1441241;1576,1431294;1577,1081275;1113,-3631661;1037,-1361579;1104,591552;1071,1731470;993,2831428;1036,2921365;893,1901488;1119,-1981577;1078,1271459;1263,1921439;1055,2391384;1215,2941125;1242,-3131568;1411,1841425;1343,2141354;1500,2651222;1397,-31567;1519,2181252;1473,2781265;1566,1441241;1602,841531;1602,841531;1602,841531;
1602,841531;1602,841531;1602,841531;1245,-1281701;1010,3471415;1028,3061436;1010,3471415;1125,1481701;1552,3211292;1280,-1431719;1245,-1281701;1346,-311651;1154,1551660;1517,3271234;1325,-2491691;1414,460963;1441,-571647;1552,3211292;1461,4041034;1442,436928;1549,3051423;1578,3481230;1547,2641550;1597,3791197;1547,2641550;1585,2411573;1598,3751204;1688,3031508;1688,3031508;
1585,2411573;1688,3031508;1688,3031508;1473,1931764;1464,861878;1332,4891151;1478,621856;1528,321843;1588,4031443;1528,321843;1504,1031793;1473,1931764;1584,3671457;1557,-131873;1460,1251921;1565,2771676;1475,3091549;1681,4361355;1579,261857;1562,301859;1589,1191655;1519,2831635;1598,3411428;1579,261857;1598,3411428;1757,2211568;1729,2251590;1709,4741299;1776,2521535;1853,4191407;1874,3911388;1853,3691419;
1688,3031508;1688,3031508;1464,861878;1557,-131873;1460,1251921;1565,2771676;1519,2831635;1729,2251590;1464,861878;1508,1581815;1525,1961794;1513,2321773;1420,3941553;1703,5501485;1513,2321773;1601,3261625;1602,891799;1513,2321773;1671,5711534;1627,561824;1560,1361861;1601,3261625;1703,5501485;1709,5271457;1672,521835;1673,431794;1707,421864;1602,3011620;1769,5031490;1779,3001562;1788,2141667;1788,2661578;1896,4031426;1902,4301423;1886,4691393;1902,4301423;
1460,1251921;1525,1961794;1513,2321773;1703,5501485;1513,2321773;1513,2321773;1671,5711534;1703,5501485;1707,421864;1769,5031490;1779,3001562;1788,2141667;1788,2661578;1541,1611816;1436,5901500;1503,1691811;1677,5521513;1703,5501485;1542,2051790;1577,5001693;1721,881840;1761,5261480;1702,1011880;1749,5311672;1670,1571902;1793,5051453;1788,2141667;1721,881840;1982,4931502;1982,4931502;
----Iteration 2----
1156,-175907;1025,-931064;872,-74551;753,-50878;834,-5321240;974,-5231203;595,-171322;1311,-9271623;1425,-1771177;
1025,-931064;783,-4271296;783,-4271296;1150,-150922;1087,45747;1088,66730;1063,93890;1063,93890;1073,70929;1196,-84911;1427,-1611199;1427,-1611199;1427,-1611199;
1073,70929;1427,-1611199;1427,-1611199;1427,-1611199;1041,91978;1041,91978;1073,70929;1151,113921;1134,117923;1404,-291516;1151,113921;1404,-291516;1331,251529;1369,41509;1273,671419;1285,571421;1331,251529;1412,-421510;1369,41509;1412,-421510;1404,-291516;1389,-201483;1369,41509;1424,-531490;1440,-361189;1369,41509;
1404,-291516;1404,-291516;1331,251529;1369,41509;1273,671419;1285,571421;1331,251529;1412,-421510;1369,41509;1412,-421510;1404,-291516;1389,-201483;1369,41509;1424,-531490;1369,41509;1317,581416;1248,2311396;1284,951370;1329,481418;1331,251529;1369,41509;1288,941280;1284,951370;1284,951370;1371,-21517;1343,151531;1329,481418;1406,-351524;1412,-421510;1437,-761485;1545,111326;1588,11367;1545,111326;1604,01379;
1404,-291516;1404,-291516;1331,251529;1369,41509;1331,251529;1412,-421510;1369,41509;1412,-421510;1404,-291516;1389,-201483;1369,41509;1424,-531490;1369,41509;1248,2311396;1331,251529;1369,41509;1371,-21517;1343,151531;1406,-351524;1412,-421510;1437,-761485;1604,01379;966,3561415;966,3561415;1193,2371506;1062,-4491584;946,2061535;1172,2641469;1404,-291516;1267,3131374;1298,3471166;1331,251529;1345,1121471;1347,3311196;1406,-351524;1406,-351524;1345,1121471;1420,-591502;1459,281442;1443,771325;1347,3311196;1377,1751347;1470,-61420;1367,161486;1647,-381429;1657,701378;1666,-71407;1668,361363;
1404,-291516;1404,-291516;1331,251529;1369,41509;1331,251529;1412,-421510;1369,41509;1412,-421510;1404,-291516;1369,41509;1369,41509;1331,251529;1369,41509;1371,-21517;1343,151531;1406,-351524;1412,-421510;1604,01379;1193,2371506;1404,-291516;1267,3131374;1331,251529;1406,-351524;1406,-351524;1377,1751347;1647,-381429;1657,701378;1666,-71407;1668,361363;1104,2681631;1104,2681631;1093,2851596;1143,3671510;1316,3701357;1316,3701357;1316,3701357;1129,-4571654;1354,141545;1213,5251385;1292,3841368;1292,3841368;1235,521649;1225,2131554;1176,5371406;1253,3241490;1292,3841368;1213,5251385;1409,-941623;1385,1391507;1304,3681363;1400,4641258;1400,4641258;1400,4641258;1445,-1091559;1433,-671587;1374,5081316;1452,-1061542;1468,-751538;1468,-751538;1544,1251442;1400,4641258;1507,3851296;1494,3961263;1475,-1111515;1596,-51502;1657,701378;1565,2171176;1596,-51502;1622,1131322;1647,1191313;1581,2161188;
1331,251529;1331,251529;1331,251529;1343,151531;1406,-351524;1331,251529;1406,-351524;1406,-351524;1104,2681631;1104,2681631;1093,2851596;1354,141545;1235,521649;1225,2131554;1409,-941623;1445,-1091559;1433,-671587;1374,5081316;1452,-1061542;1468,-751538;1468,-751538;1475,-1111515;1108,2071695;1104,2681631;1071,3051585;1083,4371560;1323,4441503;1040,5391585;1052,5421576;1065,6301462;1130,-3581663;1162,2241656;1104,2681631;1083,4371560;1104,6331436;1188,5861479;1150,6131411;1222,5611518;1276,5551489;1313,-851605;1313,-851605;1323,4441503;1468,-751538;1386,4761342;1491,5031336;1491,5031336;1428,-511569;1460,1461520;1471,4371465;1521,4111395;1491,5031336;1531,4051335;1557,3851312;1693,3161408;1588,3431273;1696,3101508;1696,3101508;1650,3191487;1697,3111505;1762,2891474;1736,3091497;
1235,521649;1225,2131554;1409,-941623;1433,-671587;1108,2071695;1071,3051585;1083,4371560;1323,4441503;1040,5391585;1052,5421576;1065,6301462;1162,2241656;1083,4371560;1104,6331436;1188,5861479;1150,6131411;1222,5611518;1313,-851605;1313,-851605;1323,4441503;1386,4761342;1491,5031336;1491,5031336;1428,-511569;1471,4371465;1521,4111395;1491,5031336;1531,4051335;1696,3101508;1696,3101508;1650,3191487;1697,3111505;1762,2891474;1736,3091497;1155,2711686;1153,2871648;1001,3471653;1001,3471653;1182,6051527;1040,5391585;1065,3081713;1220,991634;1184,2451646;1294,4361547;1277,5601491;1288,-581575;1467,5341319;1480,-871575;1639,61541;1499,4031427;1631,511560;1615,201564;1573,4091316;1599,3891293;1742,3841406;1573,4091316;1756,2891532;1707,3671469;1815,2861518;1806,3791396;1809,2821530;1839,3291451;1843,3081463;1815,3601434;
1471,4371465;1762,2891474;1736,3091497;1001,3471653;1001,3471653;1065,3081713;1184,2451646;1277,5601491;1742,3841406;1756,2891532;1707,3671469;1815,2861518;1806,3791396;1809,2821530;1839,3291451;1843,3081463;1815,3601434;1187,2351713;1180,2821743;1178,2981705;1297,4741629;1251,5851552;1251,5851552;1251,5851552;1134,6511535;1146,6541526;1183,6101529;1272,6081484;1384,6451431;1161,6411501;1354,5521626;1444,5781411;1410,3491590;1448,4701532;1616,5191440;1520,5481425;1717,3251509;1595,5381433;1688,1961707;1701,2941513;1704,3401482;1695,5221420;1666,5141464;1756,2891532;1826,3661429;1738,4851351;1765,2731546;1791,4421362;1791,4421362;1820,3411459;1839,2801486;
1762,2891474;1736,3091497;1756,2891532;1815,2861518;1809,2821530;1843,3081463;1134,6511535;1146,6541526;1384,6451431;1161,6411501;1410,3491590;1717,3251509;1595,5381433;1688,1961707;1756,2891532;1765,2731546;1791,4421362;1791,4421362;1839,2801486;1194,3221749;1185,3641702;1359,6111680;1010,7271529;991,6961551;1186,7441387;1041,7751481;1691,5321557;1359,6111680;1329,7011476;1688,1961707;1691,5321557;1685,1991727;1653,5861430;1721,2371685;1691,5321557;1691,5321557;1695,6311394;1695,6311394;1746,3031572;1700,5161571;1719,5231484;1815,2861518;1761,3761486;1824,4931355;1809,2821530;1846,3861462;1906,3941458;
1791,4421362;1791,4421362;1194,3221749;1359,6111680;1041,7751481;1691,5321557;1359,6111680;1691,5321557;1685,1991727;1653,5861430;1691,5321557;1691,5321557;1695,6311394;1695,6311394;1700,5161571;1824,4931355;1359,6111680;1176,6751662;1176,6751662;1104,7511611;1304,7461466;1304,7461466;1322,5731689;1191,6581665;1267,7361503;1685,1991727;1517,5381737;1392,6841575;1546,5141744;1627,5461503;1647,6051432;1647,6461415;1804,2391721;1575,7091573;1613,5901454;1647,6461415;1720,5401513;1738,4571571;1739,4261651;1748,5311440;1720,5401513;1824,4931355;1748,5311440;1887,4271414;1932,3941699;1892,4031531;
----Iteration 3----
1295,-316968;622,-781128;1237,-2061333;925,65723;706,-341003;993,-791035;1155,-107760;1280,-265325;725,116750;1083,-102796;
1461,-1961378;1437,-1351233;1230,-371471;1291,211443;1368,-111206;1329,101201;1298,111410;1279,561315;1279,561315;1298,111410;1283,811287;1283,811287;1298,111410;1283,811287;1294,131326;1436,-591469;1436,-591469;1404,-381518;1436,-591469;1436,-591469;
1436,-591469;1436,-591469;1404,-381518;1436,-591469;1436,-591469;1385,-251516;1410,-651536;1385,-251516;1363,2191496;1410,-651536;1539,1791426;1539,1791426;1588,2581425;
1588,2581425;1448,2431592;1416,2211612;1437,4501542;1426,4031582;1442,4431530;1442,4431530;1437,4501542;1448,2431592;1462,2321559;1441,2981531;1462,2321559;1445,3311521;1483,1981501;1466,2651549;1638,2191405;1638,2191405;1588,2581425;1640,1531493;1617,1831475;1638,2191405;1638,2191405;
1437,4501542;1426,4031582;1442,4431530;1442,4431530;1437,4501542;1441,2981531;1442,4431530;1372,3541585;1322,4061554;1455,4421524;1437,4501542;1476,4291513;1442,4431530;1485,4061514;1476,4291513;1433,3481545;1489,4391504;1480,2881576;1450,2911636;1489,4391504;1495,3821484;1683,2251516;1734,5041475;1850,4891444;1889,4391473;1890,4251467;
1437,4501542;1442,4431530;1442,4431530;1437,4501542;1442,4431530;1455,4421524;1437,4501542;1476,4291513;1442,4431530;1485,4061514;1476,4291513;1489,4391504;1489,4391504;1683,2251516;1734,5041475;1850,4891444;1889,4391473;1890,4251467;1371,4131670;1457,2741641;1437,4501542;1416,4631553;1454,4821526;1484,4051630;1459,4751514;1451,3351642;1437,4501542;1489,4391504;1489,4391504;1484,4051630;1626,2381542;1594,2541546;1523,3871501;1626,2381542;1763,4311483;1729,5111466;1889,4391473;1889,4391473;1889,4391473;1850,4891444;1924,4061480;1921,4331410;1969,3891450;1969,3891450;
1683,2251516;1734,5041475;1850,4891444;1889,4391473;1890,4251467;1454,4821526;1484,4051630;1484,4051630;1626,2381542;1594,2541546;1626,2381542;1763,4311483;1729,5111466;1889,4391473;1889,4391473;1889,4391473;1850,4891444;1924,4061480;1969,3891450;1969,3891450;1354,4601705;1429,4901692;1447,4321693;1439,4981586;1422,5441587;1417,5511599;1394,5001666;1451,5181547;1510,3911654;1510,3911654;1510,3911654;1510,3911654;1494,4431598;1505,4761515;1524,3801621;1568,3641629;1658,4311531;1763,4311483;1585,3261551;1610,2321546;1629,2071533;1840,4571464;1729,5111466;1889,4391473;1889,4391473;1729,2721503;1924,4061480;1924,4061480;1906,4101460;1965,4381438;1941,4611451;1924,4061480;1941,4611451;1965,4381438;
1734,5041475;1850,4891444;1729,5111466;1850,4891444;1422,5441587;1417,5511599;1840,4571464;1729,5111466;1941,4611451;1941,4611451;1488,5371705;1651,5171725;1413,5381602;1888,4271620;1660,4971650;1660,4971650;1822,5041462;1745,4451601;1822,5041462;1867,4291655;1875,4501506;1881,4181622;1875,4501506;1875,4501506;1939,3811576;1941,4611451;1933,3841603;2014,4391554;
1941,4611451;1941,4611451;1651,5171725;1888,4271620;1867,4291655;1881,4181622;1939,3811576;1941,4611451;1933,3841603;2014,4391554;1611,5281776;1672,5121682;1617,5431767;1743,5691612;1743,5691612;1672,5121682;1686,5011649;1683,1641733;1750,5321638;1788,5301504;1857,3891687;1840,4041719;1867,4291655;1862,5141457;1917,3771669;1862,4351593;1889,5131542;1898,5111469;1917,3771669;1889,5131542;1939,3811576;1924,4681451;1910,4791484;2025,4261568;1976,4341555;2025,4261568;
2014,4391554;1611,5281776;1917,3771669;1917,3771669;2025,4261568;1976,4341555;2025,4261568;1474,4031795;1606,5121781;1830,5591734;1657,5831728;1830,5591734;1757,6671644;1654,6231649;1636,3631797;1812,5781775;1812,5781775;1812,5781775;1757,6671644;1757,6671644;1914,4561726;1828,6391613;1849,5371679;1830,5591734;1912,4891664;1910,6591559;1914,4561726;1914,4561726;1944,6331517;1911,6521537;1949,4221653;1929,4741632;1944,6331517;1971,6011524;1949,4221653;2015,3821579;2015,3821579;
1830,5591734;1830,5591734;1636,3631797;1812,5781775;1812,5781775;1812,5781775;1914,4561726;1828,6391613;1830,5591734;1912,4891664;1914,4561726;1914,4561726;1949,4221653;1929,4741632;1949,4221653;1584,3741835;1555,4221806;1803,5621781;1793,5861765;1770,6211733;1728,6171752;1773,7571637;1748,8051656;1617,3321819;1597,3401802;1770,5741794;1852,6071699;1748,6671740;1773,7571637;1799,4151785;1751,5821784;1793,5861765;1773,7571637;1803,4281782;1812,5781775;1783,5981744;1798,7431666;1773,7571637;1807,7411639;1907,4221763;1801,5791703;1837,7511606;1903,4531732;1895,4641716;1862,7031587;1907,4221763;1870,6851518;1927,4161739;1926,4401712;1912,4891664;1927,4161739;1932,4371685;1982,4181618;2013,6751576;2004,6791563;2025,4611615;
----Iteration 5----
1081,-1131137;552,-401099;1110,-131090;905,-2431269;1095,-3361139;1227,-5241020;1305,-374833;1357,-634854;685,-6321323;561,421022;1271,-519838;1263,-126723;1392,-294761;508,1641168;664,-4021288;820,-1891234;906,-8511347;597,-3781277;919,208998;
1151,1731157;738,-291365;1305,1691298;1367,1191278;1367,1191278;1394,1501194;1338,1521261;1354,1281238;1394,1501194;1394,1501194;
893,3411331;909,2911285;682,-1571504;909,2911285;1352,2631447;944,2901318;944,2901318;1384,2531422;1338,2821392;1338,2821392;1352,2631447;1352,2631447;1352,2631447;1338,2821392;1352,2631447;1352,2631447;1438,2371388;1352,2631447;1444,2011349;
1387,3521546;1387,3521546;1090,2601778;1090,2601778;1310,2811676;1347,2531715;1486,2701644;1367,2461698;1475,3511654;1496,2221642;1505,3071640;1486,2701644;1548,2801614;1548,2801614;1552,2591626;1552,2591626;
1486,2701644;1475,3511654;1505,3071640;1486,2701644;1548,2801614;1548,2801614;1552,2591626;1552,2591626;1177,2991855;1177,2991855;1372,3931589;1283,3061675;1177,2991855;1487,2511727;1462,2761705;1503,3361636;1503,3361636;1348,2931757;1437,2981742;1488,3791625;1487,2511727;1484,3401637;1503,3411562;1436,2311786;1540,2321730;1487,2511727;1505,3071640;1505,3071640;1503,3411562;1591,2871586;1552,2591626;1541,2921643;1595,2661598;1578,2371607;1591,2871586;
1183,2691954;1474,4451660;1474,4451660;1615,4391944;1627,4121908;
1615,4391944;1627,4121908;1180,4031970;1148,4401973;1134,4161992;1477,4621852;1663,2881887;1635,3811939;1624,3311982;1697,3241796;1658,3641897;1658,3641897;1653,3681852;1667,3601864;1658,3641897;1658,3641897;1658,3641897;
1615,4391944;1627,4121908;1477,4621852;1635,3811939;1624,3311982;1697,3241796;1658,3641897;1658,3641897;1653,3681852;1667,3601864;1658,3641897;1658,3641897;1658,3641897;1309,4412043;1326,4761943;1481,4901705;1347,3262087;1492,3192039;1489,3202015;1489,3202015;1498,4571809;1502,4851662;1507,2781996;1532,3201983;1552,4401923;1669,3581946;1669,3581946;1631,3901921;1599,4241970;1635,3811939;1669,3581946;1669,3581946;1669,3581946;1669,3581946;1658,3641897;1664,2891965;1669,3581946;1669,3581946;
1492,3192039;1478,2752059;1357,4772121;1429,5631745;1440,5571794;1288,5052083;1444,5121819;1524,5441754;1418,3902048;1482,5251778;1632,4851976;1632,4851976;1643,4792025;1643,4792025;1632,4851976;1690,4112012;1716,4822008;1825,3861965;1785,4341981;1825,3861965;
1492,3192039;1478,2752059;1357,4772121;1440,5571794;1288,5052083;1444,5121819;1418,3902048;1482,5251778;1632,4851976;1632,4851976;1643,4792025;1643,4792025;1632,4851976;1716,4822008;1825,3861965;1785,4341981;1825,3861965;1375,3542109;1301,4822078;1329,5002075;1363,5052070;1363,5052070;1524,5661759;1389,3982089;1491,2522081;1449,3442058;1369,4222079;1540,4512030;1614,5371759;1621,5181795;1690,4662026;1632,4851976;1632,4851976;1690,4662026;1643,4792025;1716,4822008;1718,4482035;1730,4291995;1716,4822008;1726,4042023;1730,4291995;1730,4291995;1793,3981926;1785,4341981;1825,3861965;1825,3861965;1793,3981926;
1357,4772121;1288,5052083;1329,5002075;1363,5052070;1363,5052070;1398,4942118;1651,5681936;1675,5951900;1585,4442057;1391,5232067;1740,5091972;1700,5571988;1779,4632050;1724,5062040;1705,5321983;1784,3862159;1789,4402089;1752,4882049;1740,5091972;1768,4911981;1812,4282121;1782,4842040;1789,4681966;1887,4002091;1887,4002091;1870,3942140;1887,4002091;
----Iteration 7----
1388,-746725;873,501387;951,2181052;1196,-3951160;1027,-336966;1146,61824;1252,-4451105;1227,-265908;905,-4891284;1184,-27960;1228,-4841116;
1012,771304;982,1251289;958,981318;939,1331306;939,1331306;845,2521341;1061,741285;1101,2201186;983,3721238;1061,741285;1101,2201186;1143,2141137;1137,2151143;1114,2211098;1205,1251110;1205,1251110;1291,2251080;
1288,2971264;1288,2971264;1261,1761387;1241,1701493;1221,2131365;1238,1721511;1209,3471377;1257,3771344;1294,3341228;1241,1701493;1341,3471202;1307,2591242;1341,3471202;1341,3471202;
1261,1761387;1257,3771344;1209,5701264;989,3181543;1268,5051319;1257,5341291;1268,5051319;1257,5341291;1251,2161514;1241,2261545;1195,2861541;1115,2651620;1259,2461513;1253,3841443;1281,5321304;1259,2461513;1259,2461513;1433,4511168;1498,4331309;1498,4331309;
1209,5701264;1241,2261545;1195,2861541;1259,2461513;1253,3841443;1259,2461513;1259,2461513;1209,5701264;1199,5931225;1199,5931225;1279,5621334;1164,741636;1150,3441645;1190,4671508;1316,5501313;1253,3841443;1218,4171465;1274,2191547;1315,1701526;1404,941479;1350,2721432;1467,5111155;1527,4821340;1538,4081401;
1538,4081401;1225,3021576;1118,3081718;1224,3741684;1223,5391611;1208,5721574;1317,541673;1260,2361706;1423,5461445;1332,6521326;1333,2621651;1460,201539;1460,201539;1459,3511475;1527,6231363;1493,3351501;1528,5441397;1528,5441397;1578,6021385;
1224,3741684;1223,5391611;1208,5721574;1317,541673;1260,2361706;1333,2621651;1261,2161683;1175,4841731;1181,4611703;1204,5621597;1218,4561684;1252,4321671;1260,2361706;1255,5251584;1463,6921475;1356,1291648;1255,5251584;1473,6711554;1528,6871526;1356,1291648;1528,6871526;1421,481559;1421,481559;1354,3461647;1528,6871526;1544,6621544;1584,2091552;1633,6291481;1642,5511505;1605,5631526;1642,5511505;
1260,2361706;1175,4841731;1260,2361706;1633,6291481;1642,5511505;1642,5511505;1092,5321751;1076,5861691;1194,6051645;1146,5101771;1127,5281759;1393,7341517;1393,7341517;1274,4771705;1076,5861691;1496,7331550;1401,7631501;1333,1911689;1389,2231684;1293,5651700;1581,5881683;1561,7321543;1569,7231562;1569,7231562;1569,7231562;1729,7081451;1729,7081451;1616,6901589;1745,6321474;1729,7081451;1751,6291447;1790,6521442;1790,6521442;1808,6721410;
1175,4841731;1642,5511505;1642,5511505;1076,5861691;1146,5101771;1127,5281759;1274,4771705;1076,5861691;1293,5651700;1581,5881683;1561,7321543;1569,7231562;1569,7231562;1569,7231562;1729,7081451;1729,7081451;1616,6901589;1729,7081451;1127,5281759;1166,5511754;1130,5641711;1076,5861691;1430,8201596;1168,4771745;1336,3181774;1409,2771708;1413,2321733;1558,6931596;1537,7691586;1462,7741572;1581,5881683;1582,6301659;1569,7231562;1531,6371626;1582,6211682;1586,5811671;1600,4941643;1641,3671565;1697,7541475;1683,3951519;1771,6651493;1721,3431536;1816,6851461;1816,6851461;1816,6851461;1816,6851461;
1336,3181774;1582,6301659;1582,6211682;1721,3431536;1816,6851461;1816,6851461;1816,6851461;1816,6851461;1292,4071808;1328,6251806;1370,7921676;1314,7381759;1280,7541733;1636,8501628;1674,8181653;1350,2121771;1292,4071808;1263,5171830;1658,9001598;1658,9001598;1658,9001598;1658,6041761;1707,9321557;1688,6231640;1749,8041368;1758,4441518;1792,7521516;1774,7851491;
1328,6251806;1280,7541733;1263,5171830;1707,9321557;1591,9181631;1559,9281656;1389,4331852;1559,9281656;1379,4761900;1535,7461797;1563,8831681;1664,8111700;1591,9181631;1707,9321557;1647,6891753;1737,9141663;1667,8211674;1738,7141733;1696,6861779;1842,9041571;1865,8901668;1865,8901668;1914,8491662;
----Iteration 1----
699,-3191514;762,-3801245;656,701056;676,-171117;1329,-213810;1097,-68883;1024,-1041183;1166,-107958;805,64578;702,-2631349;820,-9431436;1297,-2981183;698,-80993;453,1421024;
689,6181201;704,5751179;710,6021150;1049,-1501150;996,273691;996,273691;1091,-1931185;1049,-1501150;917,257905;918,322681;918,322681;1083,-1661176;943,871275;1049,-1501150;996,273691;949,280642;1081,67797;1127,-3521166;1159,-401095;
922,6911349;922,6911349;922,6911349;973,7021293;1154,6861523;1154,6861523;1182,6591474;1278,6841439;
1154,6861523;1154,6861523;1278,6841439;1176,6691573;1189,7301502;1256,7361316;1330,7211426;1330,7211426;1196,7041511;1255,7791406;1314,7221414;1278,6841439;1370,6951366;1370,6951366;1370,6951366;
1154,6861523;1154,6861523;1176,6691573;1189,7301502;1330,7211426;1330,7211426;1196,7041511;1255,7791406;1130,7411512;869,8201351;1010,7991425;1130,7411512;1165,7851491;1195,7961415;1189,7301502;1218,7511484;1287,7481452;1271,7491440;1287,7481452;1327,7291473;1298,7081491;1298,7081491;1317,7491424;1327,7291473;1459,6781378;1298,7081491;1421,6991398;1421,6991398;1421,6991398;1421,6991398;1421,6991398;1421,6991398;1421,6991398;
1176,6691573;1330,7211426;1330,7211426;1195,7961415;1327,7291473;1317,7491424;1327,7291473;1459,6781378;1136,7021607;1106,7461621;1106,7461621;1154,8241503;1167,9211391;1138,9291439;1136,7021607;1147,8391604;1178,8921461;1158,7291590;1178,8921461;1178,8921461;1186,8421465;1261,8281410;1303,7931541;1327,7291473;1428,8011252;1349,7121523;1363,7201485;1375,6791466;1446,7051413;1428,8011252;1410,6291425;1431,7421399;1428,8011252;1410,6291425;1428,8011252;
1459,6781378;1446,7051413;1431,7421399;1125,8161678;1125,8161678;1140,8561661;1174,8991658;1174,8991658;1140,8561661;1173,7581659;1284,9501576;1241,7041683;1334,7661619;1267,9721590;1241,7041683;1316,9881556;1316,9881556;1267,9721590;1334,7661619;1360,7281614;1308,7861642;1294,10051506;1374,8351546;1339,8771440;1347,9261377;1392,8551378;1374,9001339;1368,6711655;1384,7171508;1384,7821453;1544,6531433;1516,6631403;1442,8051292;1473,7011353;1544,6531433;
1174,8991658;1174,8991658;1334,7661619;1334,7661619;1368,6711655;1174,8991658;1161,9481666;1191,9581594;1283,10691493;1206,9371638;1334,7661619;1287,8801695;1353,9291599;1321,9971593;1356,10361546;1334,7661619;1322,8421654;1356,10361546;1467,7411638;1371,8691608;1394,7581633;1423,10581510;1523,8831593;1467,7411638;1576,8991568;1576,8991568;
1174,8991658;1174,8991658;1368,6711655;1174,8991658;1161,9481666;1206,9371638;1287,8801695;1353,9291599;1321,9971593;1356,10361546;1322,8421654;1356,10361546;1467,7411638;1371,8691608;1394,7581633;1523,8831593;1467,7411638;1576,8991568;1576,8991568;1093,8141696;1174,8991658;1141,9971614;1213,9841628;1297,11151469;1291,11181496;1296,8431642;1260,8961679;1340,8151623;1308,8941602;1449,10801543;1467,7411638;1432,8241606;1527,9721535;1452,9851510;1527,9721535;1515,9821533;1579,9171553;1576,8991568;1599,9341542;1536,9471584;1599,9341542;1599,9341542;
1174,8991658;1174,8991658;1174,8991658;1161,9481666;1206,9371638;1287,8801695;1467,7411638;1523,8831593;1467,7411638;1576,8991568;1576,8991568;1174,8991658;1141,9971614;1213,9841628;1297,11151469;1291,11181496;1260,8961679;1467,7411638;1527,9721535;1527,9721535;1515,9821533;1579,9171553;1576,8991568;1536,9471584;1161,8791732;1141,9971614;1215,10471571;1297,11151469;1168,9221675;1420,11211454;1331,9161648;1215,10471571;1394,10161610;1487,7451632;1413,10251557;1465,7001641;1443,8441700;1466,10991553;1641,9481545;1527,9721535;1515,9821533;1576,8991568;1576,8991568;1641,9481545;1631,9501515;1663,10201489;1579,9171553;1651,10161498;1651,10161498;
1161,9481666;1287,8801695;1467,7411638;1523,8831593;1467,7411638;1576,8991568;1576,8991568;1467,7411638;1576,8991568;1536,9471584;1161,8791732;1168,9221675;1420,11211454;1394,10161610;1413,10251557;1465,7001641;1443,8441700;1466,10991553;1641,9481545;1576,8991568;1576,8991568;1641,9481545;1663,10201489;1651,10161498;1651,10161498;1175,7481764;1187,8861717;1173,9161681;1161,9481666;1243,10611641;1312,12141520;1330,11301486;1272,10821623;1352,12061471;1314,7411736;1378,9111683;1520,9621589;1286,11281551;1378,11681466;1437,11641406;1344,9271657;1303,10451594;1448,7201711;1443,8441700;1483,9661632;1494,10851508;1438,10811556;1531,8401603;1516,8891637;1520,9621589;1551,9981571;1518,10591433;1542,8691594;1568,8201599;1647,9641509;1585,8421568;1629,10431482;1644,9661530;1624,10031567;1663,10201489;
----Iteration 8----
1071,-4611052;949,30980;1315,-6471162;847,-2571191;1023,-4561425;627,-2201180;1194,-28766;1019,-10874;1043,-3351167;909,117722;1109,-397894;773,-3081250;1380,-500948;531,164765;1102,-5571207;1436,-378858;1491,108742;
1347,991065;1347,991065;1372,591046;1347,991065;1401,141076;1401,141076;1450,-191093;1364,1051016;1465,-551076;1372,591046;1590,-239876;1619,-158854;
1619,-158854;1202,4321197;1253,3851149;1199,2191250;1447,2361187;1487,2911126;1519,2831088;1573,-1181110;1607,3301070;1607,3301070;1607,3301070;1607,3301070;1607,3301070;1607,3301070;
1199,2191250;1275,4401219;1141,2471257;1293,3931221;1284,4741174;1293,3931221;1498,2971193;1536,2911147;1293,3931221;1293,3931221;1450,3981136;1498,2971193;1498,2971193;1450,3981136;1450,3981136;1451,3381230;1600,1251343;1600,1251343;1515,3031144;1620,3711102;1629,991303;1591,1351270;1620,3711102;1610,3731072;1732,381280;1650,4331049;1624,4041052;1672,3951059;1751,691258;
1498,2971193;1536,2911147;1450,3981136;1498,2971193;1498,2971193;1450,3981136;1450,3981136;1600,1251343;1600,1251343;1515,3031144;1591,1351270;1732,381280;1751,691258;1344,3211312;1345,3691310;1402,5011208;1426,2601270;1527,4641130;1425,4421268;1489,3321184;1482,3421250;1435,4411158;1498,2971193;1607,4711043;1666,1111318;1631,4641082;1607,4711043;1666,1111318;1631,4641082;1695,891345;1721,4111025;1729,3841092;1695,4461126;1705,2771155;1736,3961086;1746,3901043;1760,3521030;
1450,3981136;1450,3981136;1450,3981136;1600,1251343;1600,1251343;1591,1351270;1751,691258;1344,3211312;1345,3691310;1402,5011208;1426,2601270;1527,4641130;1425,4421268;1482,3421250;1435,4411158;1607,4711043;1666,1111318;1631,4641082;1607,4711043;1666,1111318;1631,4641082;1695,891345;1721,4111025;1695,4461126;1705,2771155;1736,3961086;1746,3901043;1344,3211312;1382,2891337;1382,2891337;1106,4231287;1125,4261269;1402,4941237;1350,4731245;1402,5011208;1382,2891337;1382,2891337;1402,5011208;1607,4711043;1598,3321231;1607,4711043;1708,721389;1631,4641082;1701,4061100;1725,791341;1666,1111318;1767,3861146;1678,4481109;1678,4481109;1678,4481109;1780,1351246;1799,401291;1767,3861146;1829,3491108;1842,981208;1805,3561069;1812,1871166;
1600,1251343;1600,1251343;1345,3691310;1402,5011208;1527,4641130;1425,4421268;1607,4711043;1631,4641082;1607,4711043;1631,4641082;1695,891345;1721,4111025;1695,4461126;1402,4941237;1350,4731245;1402,5011208;1402,5011208;1607,4711043;1598,3321231;1607,4711043;1708,721389;1631,4641082;1701,4061100;1725,791341;1678,4481109;1678,4481109;1678,4481109;1780,1351246;1799,401291;1408,3101362;1400,3601358;1260,4511321;1271,5041234;1408,3101362;1255,4841296;1564,4781068;1583,493942;1586,851352;1445,2361336;1408,3101362;1353,3951276;1607,4711043;1522,1811462;1604,2631288;1558,4361253;1568,4491187;1695,891345;1708,721389;1708,721389;1652,2541295;1701,4061100;1609,4651051;1663,2311311;1669,2601246;1797,3921155;1710,4401055;1725,791341;1698,2381273;1779,4031116;1760,681389;1757,1981319;1804,3031181;1949,481260;1801,2851196;1875,3621138;1932,1311261;1932,1311261;1916,2991175;1949,481260;
1425,4421268;1631,4641082;1631,4641082;1721,4111025;1695,4461126;1598,3321231;1631,4641082;1678,4481109;1678,4481109;1678,4481109;1522,1811462;1604,2631288;1558,4361253;1568,4491187;1797,3921155;1710,4401055;1779,4031116;1757,1981319;1949,481260;1801,2851196;1875,3621138;1932,1311261;1932,1311261;1949,481260;1358,3801410;1318,4011387;1371,5331383;1454,4021375;1442,5211258;1686,5091063;1754,991410;1709,2581332;1611,3151275;1582,5021184;1754,991410;1754,991410;1672,3101254;1667,4481212;1701,4141153;1806,951410;1788,1481354;1710,3041208;1820,3771177;1844,891364;1839,961376;1802,3881138;1834,1341294;1949,301346;1840,1201303;1889,3611131;1868,831299;1932,1311261;1900,3671105;1946,3191190;1974,3371187;
1522,1811462;1797,3921155;1757,1981319;1949,481260;1949,481260;1709,2581332;1672,3101254;1667,4481212;1788,1481354;1820,3771177;1834,1341294;1949,301346;1840,1201303;1868,831299;1946,3191190;1974,3371187;1564,1421533;1375,4521487;1408,5741442;1441,6191387;1592,6571289;1572,1051573;1441,6191387;1609,6311271;1564,1421533;1665,6181219;1714,1651434;1762,5641191;1762,5641191;1780,1491456;1788,611473;1670,4241455;1851,1061445;1841,1081415;1780,1491456;1746,4161227;1842,4271147;1852,741400;1943,1471261;1886,3781138;1886,3781138;1932,3301223;1917,3691102;1903,3801135;1946,3191190;
1522,1811462;1949,481260;1949,481260;1949,301346;1946,3191190;1974,3371187;1564,1421533;1441,6191387;1592,6571289;1572,1051573;1441,6191387;1564,1421533;1665,6181219;1714,1651434;1762,5641191;1762,5641191;1670,4241455;1842,4271147;1943,1471261;1932,3301223;1917,3691102;1903,3801135;1946,3191190;1302,3701611;1353,4461552;1428,5311495;1415,5461468;1493,6101438;1475,6171444;1469,2691615;1498,2171701;1639,6371280;1435,3151594;1496,6001331;1662,6221302;1665,6181219;1579,791582;1579,791582;1572,1051573;1585,5231445;1703,4401397;1725,5631282;1739,5791169;1579,791582;1579,791582;1707,3451441;1748,4361336;1806,971500;1739,2991417;1742,3811413;1795,4681184;1851,1161495;1777,3341353;1777,3341353;1879,1581457;1800,2891234;1899,3951232;1819,4421125;1889,1561487;1941,2621250;2013,2871216;
1564,1421533;1441,6191387;1592,6571289;1572,1051573;1441,6191387;1564,1421533;1714,1651434;1762,5641191;1762,5641191;1670,4241455;1842,4271147;1302,3701611;1353,4461552;1493,6101438;1475,6171444;1469,2691615;1498,2171701;1435,3151594;1662,6221302;1572,1051573;1703,4401397;1725,5631282;1739,5791169;1707,3451441;1748,4361336;1806,971500;1739,2991417;1742,3811413;1795,4681184;1851,1161495;1879,1581457;1889,1561487;1470,2671668;1406,2751629;1346,3241554;1488,6001488;1440,5441510;1475,6171444;1626,6421355;1544,2171685;1673,6511286;1583,981614;1470,2671668;1606,5971479;1703,5131312;1739,5791169;1780,411646;1781,1171533;1675,4121421;1703,5131312;1762,5641191;1817,1601474;1736,4071372;1803,281508;1851,1161495;1793,4771161;1836,4501175;1879,1581457;1842,4271147;1947,1581420;2034,4031376;
----Iteration 9----
1383,158922;1214,-155972;909,-6921409;990,-7161117;991,-7201198;1048,-2141038;862,-3911128;1031,-2821092;1476,-842794;679,-681053;786,-2901251;908,-4551346;1293,-417950;739,-2731226;747,-170973;1055,-3841104;742,203578;
1251,-701158;1271,641055;1232,741077;1251,-701158;1232,741077;1236,341072;1300,142803;1212,-601180;1232,741077;1251,-701158;1154,1471099;1236,120941;1269,157800;1232,741077;1253,1161040;1205,186929;1233,178735;1253,1161040;1251,-701158;1265,-231108;1257,711065;1269,157800;1394,-991222;1442,-1401196;1394,-991222;1324,21991;1479,-1521175;1394,-991222;1479,-1521175;
1251,-701158;1271,641055;1232,741077;1251,-701158;1232,741077;1212,-601180;1232,741077;1251,-701158;1154,1471099;1269,157800;1232,741077;1205,186929;1233,178735;1251,-701158;1257,711065;1269,157800;1394,-991222;1394,-991222;1394,-991222;1043,-141226;1215,-501154;1251,-701158;1232,741077;1231,991082;1269,1071033;1232,741077;1045,-431268;1269,157800;1212,-601180;1255,1261053;1232,741077;1295,153988;1396,581121;1344,149818;1344,149818;1396,581121;1396,581121;1482,-481103;1397,5988;1344,149818;1482,-481103;1482,-481103;1448,-321077;1506,-1311204;
1212,-601180;1394,-991222;1394,-991222;1394,-991222;1043,-141226;1045,-431268;1212,-601180;1506,-1311204;1043,-141226;1071,-1791297;1043,-141226;1222,2061061;1139,2111044;1312,-1951267;1476,-2461274;1507,1941147;1487,-2521323;1470,-2021350;1400,-1871259;1507,1941147;1546,1971121;1457,1621158;1546,1971121;1507,1941147;1546,1971121;1531,-2011268;1600,-891157;1546,1971121;1563,-1121200;1600,-891157;1600,-891157;1617,-1081130;
1507,1941147;1470,-2021350;1507,1941147;1546,1971121;1546,1971121;1507,1941147;1546,1971121;1546,1971121;1318,1761246;1485,-2141377;1507,1941147;1523,1791196;1546,1971121;1661,1591212;1568,2471091;1589,-411334;1661,1591212;1620,21256;1703,541247;1654,621234;1734,921210;
1568,2471091;1589,-411334;1703,541247;1654,621234;1734,921210;1519,-1181402;1220,761367;1428,2161332;1459,2431241;1519,-1181402;1354,-11400;1459,2431241;1545,-1671407;1615,301253;1696,1861226;1696,1861226;1696,1861226;1692,161320;1783,1831139;1748,2301166;1734,921210;1831,1741146;
1568,2471091;1428,2161332;1459,2431241;1459,2431241;1696,1861226;1696,1861226;1696,1861226;1692,161320;1748,2301166;1831,1741146;1461,-341476;1443,131474;1256,1701353;1465,2401214;1455,3451317;1488,-511514;1461,-341476;1488,-511514;1461,-341476;1236,1071429;1459,2431241;1455,3451317;1488,-511514;1490,2201304;1465,2401214;1504,2371185;1466,1711322;1653,1731269;1696,1861226;1677,2331196;1765,-801418;1678,431341;1745,1781239;1726,-831444;1706,1751265;1745,1781239;1818,2101153;1765,-801418;1818,2101153;1772,241272;1826,1601157;1765,-801418;1824,-601346;1818,2101153;1817,1271196;1818,2101153;
1692,161320;1831,1741146;1461,-341476;1443,131474;1488,-511514;1461,-341476;1488,-511514;1461,-341476;1488,-511514;1765,-801418;1678,431341;1765,-801418;1772,241272;1826,1601157;1765,-801418;1824,-601346;1402,-501539;1443,131474;1406,1541426;1320,2691449;1406,1541426;1630,5011421;1525,-281471;1669,-1261576;1742,4771318;1750,-731449;1738,-611412;1706,-1031533;1777,-581386;1742,4771318;1742,4771318;1750,-331385;1749,951282;1759,2701255;1823,3271208;1765,-801418;1852,1541210;1839,-121343;1823,3271208;1856,1261179;
1765,-801418;1765,-801418;1765,-801418;1630,5011421;1750,-731449;1738,-611412;1706,-1031533;1765,-801418;1572,3941443;1459,5621423;1464,5411467;1508,6561396;1508,6561396;1630,5011421;1515,-111578;1486,1871515;1487,5271476;1427,5581438;1556,6151370;1696,-601581;1488,4801491;1556,6151370;1706,-1031533;1684,-481544;1602,1401437;1559,4691485;1666,1351433;1781,4801292;1703,5911343;1751,5531367;1751,5531367;1777,5331344;1794,4741329;1856,4561400;1856,4561400;
1765,-801418;1765,-801418;1765,-801418;1765,-801418;1572,3941443;1515,-111578;1556,6151370;1696,-601581;1556,6151370;1559,4691485;1666,1351433;1703,5911343;1751,5531367;1751,5531367;1777,5331344;1455,-831650;1475,-511617;1504,1071562;1429,5741460;1439,7051363;1599,-301613;1488,5461535;1534,6891415;1534,6891415;1482,5831445;1482,5831445;1535,6951394;1476,3331546;1522,4941483;1696,-601581;1541,3141506;1642,6131441;1722,-681608;1745,-651558;1739,5611314;1754,111548;1777,5331344;1739,5611314;1754,111548;1872,5061415;1872,5061415;1872,5061415;1872,5061415;1872,5061415;1872,5061415;1872,5061415;
1696,-601581;1559,4691485;1455,-831650;1475,-511617;1429,5741460;1439,7051363;1599,-301613;1488,5461535;1534,6891415;1534,6891415;1482,5831445;1482,5831445;1535,6951394;1696,-601581;1541,3141506;1642,6131441;1722,-681608;1745,-651558;1754,111548;1754,111548;1872,5061415;1872,5061415;1872,5061415;1872,5061415;1872,5061415;1872,5061415;1872,5061415;1539,1511601;1490,4521555;1489,4551600;1527,5541512;1482,5831445;1567,6491416;1534,6891415;1439,7051363;1500,1531609;1519,4071572;1606,5641462;1447,6161438;1567,6491416;1646,371581;1539,1511601;1642,6131441;1567,6491416;1567,6491416;1559,4691485;1667,6091390;1716,6001394;1747,5761336;1873,2141355;1872,5061415;1819,2701541;1815,5601400;1857,4681454;1832,5481416;1854,4961442;1857,4681454;1844,5211433;
