----Iteration 1----
memory=159.95703125,163.34375,165.69140625,166.77734375,168.80078125,170.46875,171.625,173.22265625,175.4296875,175.859375
time=8.17375373840332,8.348928451538086,9.993535995483398,6.956887722015381,6.777135610580444,7.649842739105225,6.411161184310913,6.104777812957764,7.4609174728393555,4.939538478851318
----Iteration 2----
memory=162.08203125,164.359375,166.25,167.0703125,169.01953125,170.7421875,172.57421875,174.37109375,175.75390625,176.42578125
time=10.1127450466156,10.18786907196045,8.18539547920227,5.871752500534058,6.780723810195923,9.617149591445923,6.682913303375244,7.140862703323364,5.705971717834473,5.2861926555633545
----Iteration 7----
memory=161.64453125,164.35546875,166.17578125,168.40625,170.10546875,171.30859375,173.6875,175.50390625,175.859375,176.953125
time=9.697576999664307,10.551457405090332,8.325063705444336,11.009299278259277,7.181300163269043,5.970369815826416,8.71877384185791,6.593878507614136,4.35731053352356,6.403534889221191
----Iteration 5----
memory=160.65625,163.74609375,165.6640625,166.953125,168.7421875,170.328125,172.5625,174.109375,175.875,177.00390625
time=8.680991649627686,10.017529964447021,7.626617670059204,7.406543493270874,6.4445414543151855,8.178587436676025,9.473884344100952,6.05117654800415,7.818299055099487,7.4705564975738525
----Iteration 0----
memory=162.62109375,164.52734375,166.24609375,168.32421875,170.28515625,172.171875,173.21484375,174.96484375,175.74609375,177.1875
time=11.112096548080444,11.263575792312622,7.837644100189209,8.328134536743164,8.409075260162354,7.806318283081055,6.154592990875244,5.848843812942505,6.935695648193359,7.036474704742432
----Iteration 4----
memory=161.75390625,163.8984375,165.6640625,167.8671875,170.15625,172.00390625,173.7890625,175.59375,176.21484375,177.69921875
time=9.67164659500122,8.572420597076416,8.2208411693573,10.401603937149048,10.661796808242798,7.768496513366699,7.948615789413452,6.636834144592285,5.5289552211761475,6.743170499801636
----Iteration 3----
memory=161.83203125,163.78125,165.6796875,167.89453125,169.8046875,172.0,173.83984375,175.6171875,176.5390625,177.60546875
time=9.435426235198975,8.413543462753296,8.332465410232544,10.354387760162354,8.913907051086426,9.140129089355469,8.230509042739868,6.539745569229126,6.757327556610107,6.3534629344940186
----Iteration 6----
memory=162.80859375,164.62109375,166.37109375,168.578125,171.01171875,172.9765625,175.01171875,176.58203125,177.78125,178.03515625
time=12.114658832550049,10.65129280090332,8.052079677581787,8.911842346191406,11.713657140731812,7.630110025405884,7.625864744186401,9.57167363166809,6.61271595954895,2.882969617843628
----Iteration 8----
memory=177.8046875,177.984375,178.109375,178.21484375,178.33203125,178.37890625,178.3984375,178.4453125,178.51171875,178.54296875
time=8.93747329711914,3.094573974609375,1.752699613571167,2.466381311416626,1.632645845413208,1.392512559890747,1.57332181930542,1.2530620098114014,1.3265764713287354,1.469864845275879
----Iteration 9----
memory=177.91015625,178.1640625,178.234375,178.21875,178.34375,178.41796875,178.3984375,178.51171875,178.53125,178.59375
time=4.849599123001099,2.570425271987915,1.696667194366455,1.764620065689087,1.793337345123291,1.5260393619537354,1.4198498725891113,1.5227251052856445,1.2001962661743164,1.524751901626587
