----Iteration 0----
memory=206.00390625,222.1953125,225.66015625,236.17578125,241.7421875,243.90625,250.89453125,259.2734375,263.33984375,265.46484375
time=25.536603212356567,38.02751350402832,17.99982476234436,27.01150417327881,32.64067983627319,22.743592977523804,28.063572645187378,26.022270679473877,25.722327947616577,20.523197174072266
----Iteration 4----
memory=208.26953125,220.18359375,230.43359375,239.7421875,241.13671875,247.89453125,253.68359375,258.921875,265.171875,268.2109375
time=26.76810622215271,31.782466173171997,37.30606460571289,38.569002866744995,21.89924430847168,25.889547109603882,23.715980768203735,17.909720182418823,22.326743602752686,25.085501432418823
----Iteration 6----
memory=211.1953125,224.2578125,230.359375,238.16796875,241.16796875,245.515625,251.66015625,257.86328125,264.61328125,270.34375
time=31.668716192245483,34.693748474121094,30.351109504699707,32.888675928115845,19.80277132987976,20.62546992301941,23.5697124004364,21.156035900115967,38.92745232582092,27.693256616592407
----Iteration 2----
memory=211.28515625,225.234375,233.58203125,241.85546875,245.10546875,251.5703125,258.36328125,261.36328125,265.15234375,271.15625
time=32.457027435302734,38.49687647819519,31.112335205078125,42.14792490005493,25.011451959609985,25.22725248336792,21.965229988098145,19.410907745361328,23.749446153640747,26.807355165481567
----Iteration 3----
memory=215.109375,222.58203125,232.31640625,241.74609375,246.69921875,251.66015625,258.29296875,263.203125,268.2421875,267.1328125
time=38.519330978393555,26.995285749435425,34.862748861312866,40.7692813873291,33.03246021270752,21.33177924156189,20.89908218383789,27.641254425048828,28.403910398483276,20.336352109909058
----Iteration 5----
memory=208.43359375,224.84765625,233.05859375,239.703125,243.84765625,251.19921875,257.83203125,262.4296875,268.15234375,267.265625
time=27.851784229278564,38.85866093635559,34.16611862182617,31.986180305480957,30.152464151382446,29.645337343215942,21.306544303894043,27.605753660202026,33.14793419837952,21.30162763595581
----Iteration 7----
memory=214.08203125,225.02734375,236.04296875,239.671875,245.1015625,250.7421875,260.34375,265.15234375,267.70703125,265.76171875
time=35.93510580062866,30.703587532043457,41.928897857666016,26.273009538650513,32.83142828941345,22.8864905834198,30.67143750190735,25.89322781562805,25.587528705596924,25.018956899642944
----Iteration 1----
memory=215.15234375,225.31640625,236.18359375,241.8203125,247.6484375,257.86328125,263.53515625,267.703125,267.21875,266.65234375
time=39.39800024032593,40.555837631225586,34.74555420875549,35.43638229370117,31.66260552406311,32.78290247917175,30.580618143081665,28.7571222782135,21.14750075340271,8.769102334976196
----Iteration 8----
memory=267.2890625,264.1015625,264.30859375,260.70703125,260.8828125,260.828125,261.24609375,261.24609375,261.8828125,262.01953125
time=24.22530245780945,12.013042449951172,7.948451519012451,5.497151613235474,4.949486255645752,6.187079429626465,4.233091592788696,6.055230617523193,6.458301305770874,5.261475563049316
----Iteration 9----
memory=265.7890625,264.09375,260.6796875,260.79296875,260.84765625,261.24609375,261.8828125,262.47265625,263.2421875,263.9375
time=22.333895921707153,8.566443681716919,8.080675840377808,7.7153239250183105,8.33875060081482,5.997491836547852,6.81606912612915,8.048696756362915,2.921719551086426,2.1232762336730957
