----Iteration 7----
x_Moead_Rfts_Worst=[-118, -198, -198, -118, 342, 342, 342, 537, -198, -196, 45, 192, 217, 356, 537, 11, -124, -221, -261, -271, -271, 142, -149, 11, 343, 192, 323, 296, 448, 343, 366, 335, 465, 666, 693, -124, -209, -193, -216, -207, -189, 15, -14, 105, -96, -68, -211, 105, 147, 96, 418, 364, 129, 197, 418, 219, 315, 248, 459, 497, 456, 456, 377, 480, 563, 458, 440, 484, 563, 621, 662, 662, 695]
y_Moead_Rfts_Worst=[367, 613, 613, 367, 826, 826, 826, 723, 613, 829, 310, 951, 235, 742, 723, 405, 558, 658, 711, 854, 854, 271, 678, 1033, 782, 951, 875, 764, 701, 782, 824, 858, 750, 623, 606, 430, 617, 708, 834, 875, 1113, 400, 523, 847, 1059, 1055, 807, 864, 960, 1010, 522, 740, 862, 950, 522, 906, 894, 906, 549, 684, 720, 720, 872, 523, 608, 819, 829, 812, 608, 594, 670, 670, 701]
z_Moead_Rfts_Worst=[1377, 1294, 1294, 1377, 775, 775, 775, 895, 1294, 1124, 1388, 848, 1363, 993, 895, 1372, 1329, 1302, 1207, 1130, 1130, 1353, 1282, 815, 925, 848, 789, 1000, 1208, 925, 766, 837, 875, 1108, 1062, 1413, 1364, 1210, 1182, 1112, 1049, 1374, 1372, 1115, 1013, 926, 1159, 1083, 914, 885, 1352, 1190, 1074, 789, 1352, 826, 734, 779, 1319, 1200, 1136, 1136, 763, 1303, 1268, 887, 765, 814, 1268, 1137, 1065, 1065, 1022]
----Iteration 1----
x_Moead_Rfts_Worst=[821, 294, 265, 289, 351, 304, 365, 377, 603, 756, 732, 844, 844, 898, 34, 34, 25, 57, -144, 242, 239, 343, 266, 65, 383, 296, 249, 82, 307, 246, 361, 552, 347, 654, 576, 534, 562, 654, 654, 630, 739, 708, 654, 696, 709, 844, 858, 875, 902, -7, 23, -23, -8, -113, 307, 383, -74, -101, 396, 247, 82, 273, 442, 317, 324, 483, 606, 572, 576, 391, 772, 645, 721, 664, 838, 735, 717, 696, 885, 772, 830, 909, 874, 909]
y_Moead_Rfts_Worst=[744, 939, 982, 969, 849, 886, 673, 647, 874, 718, 796, 732, 732, 730, 815, 815, 824, 887, 949, 863, 904, 969, 706, 791, 1078, 701, 722, 815, 976, 856, 859, 952, 763, 548, 724, 940, 898, 548, 548, 891, 864, 877, 548, 547, 592, 732, 763, 735, 742, 786, 781, 888, 906, 978, 976, 1078, 911, 956, 1073, 735, 815, 892, 1026, 768, 599, 947, 981, 993, 621, 844, 947, 950, 1010, 558, 848, 876, 666, 547, 586, 947, 658, 804, 715, 804]
z_Moead_Rfts_Worst=[878, 996, 901, 950, 966, 1023, 1157, 1134, 791, 1033, 949, 936, 936, 843, 1262, 1262, 1251, 1229, 1406, 1100, 1076, 938, 1264, 1242, 873, 1237, 1290, 1212, 948, 1093, 957, 756, 1203, 1122, 1046, 805, 795, 1122, 1122, 743, 727, 713, 1122, 1093, 1068, 936, 842, 893, 817, 1318, 1291, 1362, 1265, 1375, 948, 873, 1258, 1327, 844, 1250, 1212, 1069, 869, 1230, 1330, 791, 738, 745, 1108, 912, 710, 742, 707, 1113, 851, 774, 1046, 1093, 920, 710, 1048, 791, 924, 791]
----Iteration 5----
x_Moead_Rfts_Worst=[-147, -147, -93, -93, -18, -93, -203, -147, -93, 83, -93, -93, -99, 412, 354, -97, -182, 53, -39, -20, 72, 193, 412, -135, -177, -93, -114, -97, 6, -47, -35, 193, 414, 233, 369, 346, 555, -39, -219, -225, -131, -41, -183, -179, 11, 6, -9, 92, 334, 32, 153, 136, 173, 291, 176, 180, 359, 318, 387, 369, 320, 365, 285, 370, 373, 409, 429, 549, 551, -241, -106, -142, -220, -91, 111, -218, -225, 261, -184, -117, -148, 34, 147, 230, -56, 64, 135, 318, 177, 154, 123, 255, 250, 294, 255, 355, 256, 345, 333, 385, 369, 328, 412, 495, 458, 425, 495, 530, 474]
y_Moead_Rfts_Worst=[671, 671, 829, 829, 875, 829, 738, 671, 829, 478, 793, 829, 688, 467, 493, 878, 964, 507, 568, 754, 834, 761, 467, 861, 1030, 793, 851, 878, 572, 945, 801, 761, 392, 504, 411, 769, 541, 456, 710, 759, 917, 989, 766, 1077, 529, 572, 943, 1041, 323, 544, 731, 803, 978, 490, 751, 960, 324, 419, 796, 411, 454, 697, 830, 590, 829, 812, 779, 515, 481, 695, 842, 868, 947, 1017, 1043, 694, 759, 477, 735, 856, 901, 974, 1021, 392, 670, 937, 1015, 419, 505, 798, 813, 912, 915, 438, 663, 722, 876, 410, 692, 857, 372, 860, 467, 630, 742, 799, 630, 669, 740]
z_Moead_Rfts_Worst=[1083, 1083, 922, 922, 892, 922, 1092, 1083, 922, 1154, 997, 922, 1066, 963, 987, 971, 873, 1161, 1194, 930, 893, 824, 963, 986, 738, 997, 988, 971, 1163, 845, 988, 824, 1068, 1036, 1091, 748, 846, 1266, 1219, 1198, 902, 828, 1087, 799, 1180, 1163, 873, 731, 1152, 1115, 988, 922, 614, 1102, 974, 625, 1130, 1191, 715, 1091, 1062, 875, 792, 971, 679, 711, 665, 940, 900, 1284, 1080, 1032, 888, 854, 705, 1260, 1198, 1216, 1194, 986, 941, 806, 741, 1276, 1076, 789, 742, 1191, 1077, 922, 914, 656, 555, 1151, 970, 851, 672, 1141, 898, 640, 1099, 635, 963, 959, 814, 704, 959, 939, 829]
----Iteration 0----
x_Moead_Rfts_Worst=[694, 607, 652, 510, 581, 687, 720, 757, 858, 846, 863, 846, 847, 104, 95, 382, 240, 446, 573, 487, 432, 736, 714, 658, 788, 778, 725, 774, 714, 658, 922, 721, 828, 881, 168, 61, 474, 382, 374, 620, 620, 198, 116, 477, 561, 468, 685, 549, 474, 509, 627, 714, 478, 553, 630, 678, 706, 620, 787, 907, 801, 818, 881, 810, 928, 884, 907, 914, 928]
y_Moead_Rfts_Worst=[667, 445, 457, 534, 611, 703, 393, 649, 691, 690, 648, 658, 660, 375, 655, 761, 689, 675, 895, 561, 708, 839, 286, 505, 740, 830, 829, 267, 286, 505, 629, 357, 651, 655, 352, 714, 666, 761, 776, 874, 874, 269, 673, 737, 870, 608, 908, 344, 666, 710, 858, 286, 626, 704, 802, 781, 851, 628, 312, 810, 287, 320, 655, 334, 559, 578, 810, 608, 559]
z_Moead_Rfts_Worst=[915, 1203, 1118, 1060, 1037, 837, 1080, 838, 745, 781, 802, 831, 775, 1386, 1213, 1056, 1113, 1142, 736, 1273, 1106, 747, 1286, 1071, 798, 745, 831, 1228, 1286, 1071, 761, 1096, 833, 800, 1372, 1221, 1134, 1056, 1027, 741, 741, 1369, 1202, 1077, 995, 1365, 717, 1307, 1134, 1087, 933, 1286, 1094, 1050, 948, 921, 628, 1010, 1203, 739, 1208, 1086, 800, 1199, 977, 995, 739, 961, 977]
----Iteration 3----
x_Moead_Rfts_Worst=[209, 218, 209, 209, 183, 27, 51, 27, 123, 112, 53, 309, 365, 524, 476, 731, 711, 762, 78, 19, 63, 123, -14, 170, 99, 78, 508, 309, 309, 508, 499, 507, 611, 653, 711, 250, 200, 207, 207, 207, 160, 107, -16, 261, 324, 251, 160, 210, 204, 508, 510, 276, 283, 261, 510, 471, 355, 509, 510, 463, 472, 422, 370, 630, 630, 592, 648, 591, 691, 600, 719, 709, 657, 757]
y_Moead_Rfts_Worst=[924, 868, 924, 924, 942, 941, 994, 1013, 856, 965, 995, 839, 825, 631, 705, 464, 484, 387, 887, 972, 993, 856, 979, 981, 986, 887, 540, 839, 839, 540, 650, 641, 617, 575, 484, 596, 608, 783, 783, 783, 854, 883, 955, 424, 377, 573, 854, 921, 942, 540, 573, 830, 855, 879, 573, 661, 806, 596, 573, 667, 725, 769, 789, 476, 476, 559, 477, 562, 449, 668, 374, 545, 572, 378]
z_Moead_Rfts_Worst=[1189, 1300, 1189, 1189, 1165, 1347, 1200, 1160, 1432, 1228, 1184, 1325, 1155, 1487, 1136, 1063, 1108, 1273, 1388, 1275, 1261, 1432, 1309, 1198, 1251, 1388, 1620, 1325, 1325, 1620, 1524, 1482, 1255, 1219, 1108, 1716, 1587, 1464, 1464, 1464, 1445, 1399, 1314, 1731, 1695, 1713, 1445, 1201, 1164, 1620, 1578, 1360, 1337, 1157, 1578, 1493, 1331, 1581, 1578, 1507, 1175, 1569, 1105, 1587, 1587, 1525, 1553, 1499, 1498, 1368, 1460, 1190, 1336, 1434]
----Iteration 2----
x_Moead_Rfts_Worst=[385, 96, 280, 381, 424, 449, 589, 589, 594, 594, 630, 630, 603, 644, 96, 96, 322, -37, 300, 377, 141, 322, 277, 477, 445, 485, 618, 567, 630, 664, 630, 734, 734, 247, -37, 376, 202, 69, 375, 337, 245, 213, 336, 339, 585, 477, 574, 376, 421, 551, 476, 421, 457, 699, 585, 492, 574, 526, 525, 694, 648, 675, 699, 753, 734, 713]
y_Moead_Rfts_Worst=[814, 892, 919, 840, 804, 798, 463, 463, 866, 866, 517, 517, 693, 503, 892, 892, 969, 815, 824, 847, 898, 969, 669, 731, 700, 786, 426, 790, 517, 712, 517, 601, 601, 720, 815, 887, 550, 915, 916, 546, 733, 814, 871, 925, 532, 731, 744, 887, 892, 534, 746, 892, 875, 440, 532, 588, 744, 791, 806, 460, 616, 664, 440, 488, 601, 494]
z_Moead_Rfts_Worst=[906, 909, 823, 940, 1058, 1083, 1221, 1221, 899, 899, 1146, 1146, 1090, 1055, 909, 909, 810, 996, 973, 947, 887, 810, 1229, 1118, 1170, 1045, 1215, 968, 1146, 992, 1146, 979, 979, 1171, 996, 890, 1254, 928, 871, 1213, 1166, 986, 951, 791, 1214, 1118, 1041, 890, 847, 1221, 1089, 847, 827, 1199, 1214, 1098, 1041, 998, 1026, 1158, 1042, 980, 1199, 1119, 979, 1142]
----Iteration 6----
x_Moead_Rfts_Worst=[433, 433, 619, 662, 712, 389, 397, 382, 302, 382, 433, 397, 619, 619, 619, 619, 678, 676, 781, 425, 250, 218, 250, 300, 425, 525, 328, 533, 563, 533, 589, 662, 687, 686, 652, 698, 705, 737, 749, 344, 300, 129, 182, 328, 436, 425, 377, 467, 502, 506, 478, 546, 623, 637, 612, 514, 506, 625, 622, 625, 697, 721, 637, 747, 712, 662, 625, 723, 747, 805, 738, 711, 757, 773, 837, 840, 840]
y_Moead_Rfts_Worst=[546, 546, 665, 737, 722, 525, 553, 780, 816, 780, 546, 553, 665, 665, 665, 626, 680, 656, 655, 475, 622, 774, 622, 663, 475, 428, 642, 765, 633, 765, 615, 737, 778, 774, 745, 707, 761, 665, 544, 603, 663, 732, 765, 780, 908, 475, 545, 888, 965, 943, 499, 925, 451, 580, 751, 781, 943, 489, 836, 842, 415, 547, 579, 529, 722, 788, 842, 585, 529, 479, 704, 748, 514, 737, 648, 654, 654]
z_Moead_Rfts_Worst=[1158, 1158, 1024, 984, 965, 1172, 1168, 994, 1032, 994, 1158, 1168, 1024, 1024, 1024, 1032, 1007, 1015, 887, 1224, 1161, 1034, 1161, 1156, 1224, 1203, 1131, 1036, 1115, 1036, 1139, 984, 950, 964, 986, 1000, 900, 1008, 989, 1161, 1156, 1143, 1053, 1019, 992, 1224, 1264, 971, 969, 934, 1177, 924, 1189, 1129, 1105, 978, 934, 1171, 905, 859, 1175, 1143, 1135, 1167, 965, 868, 859, 1125, 1167, 1147, 989, 868, 1157, 953, 957, 911, 911]
----Iteration 4----
x_Moead_Rfts_Worst=[-433, -380, -380, -158, -230, -156, -184, -177, -156, 479, 479, -356, -335, -285, -236, -184, -203, -224, -325, -74, -166, -7, 169, -121, 49, 156, 148, 76, 350, 350, 140, 479, 513, 513, 538, -293, -213, -166, -11, -311, -63, -245, -207, -188, -213, -156, 10, 46, 12, 304, 214, 115, 314, 314, 281, 435, 396, 326, 339, 408, 444, 502, 533, 503, 477, 603, 564, 489, 617, 613, 618]
y_Moead_Rfts_Worst=[449, 501, 501, 889, 1013, 809, 856, 602, 809, 520, 520, 498, 556, 753, 797, 856, 874, 964, 527, 967, 863, 937, 937, 810, 852, 931, 538, 769, 837, 837, 473, 520, 368, 368, 489, 606, 619, 863, 910, 453, 986, 566, 607, 511, 619, 809, 871, 907, 423, 847, 914, 389, 887, 887, 287, 382, 841, 881, 848, 730, 806, 377, 751, 696, 787, 458, 633, 781, 364, 618, 356]
z_Moead_Rfts_Worst=[1256, 1229, 1229, 869, 805, 1025, 1005, 1088, 1025, 855, 855, 1230, 1211, 1073, 1057, 1005, 992, 826, 1199, 784, 1003, 794, 435, 964, 881, 591, 904, 1021, 737, 737, 944, 855, 866, 866, 715, 1164, 1108, 1003, 853, 1187, 506, 1143, 1115, 1145, 1108, 1025, 946, 798, 1050, 842, 704, 989, 640, 640, 983, 943, 720, 592, 781, 888, 699, 953, 738, 840, 672, 830, 672, 624, 843, 698, 779]
----Iteration 9----
x_Moead_Rfts_Worst=[356, 356, 340, 410, 356, 422, 497, 179, 106, 106, 106, 278, 106, 179, 381, 417, 417, 497, 527, 621, 704, 680, 230, 278, 306, 243, 478, 481, 484, 521, 563, 612, 563, 619, 691, 264, 68, 215, 215, 386, 477, 477, 478, 435, 431, 484, 484, 661, 665, 715, 715, 133, 87, 215, 359, 203, 159, 206, 366, 280, 355, 352, 404, 476, 435, 483, 434, 478, 485, 578, 650, 649, 650, 650, 679, 650, 763, 679, 794, 774, 805, 794, 794]
y_Moead_Rfts_Worst=[734, 734, 788, 795, 734, 671, 569, 815, 955, 955, 955, 741, 955, 815, 717, 834, 834, 569, 585, 604, 743, 770, 751, 741, 688, 924, 620, 655, 879, 550, 530, 546, 530, 669, 737, 745, 916, 990, 990, 697, 616, 616, 620, 728, 881, 879, 879, 503, 707, 710, 710, 888, 912, 990, 714, 793, 860, 926, 725, 765, 886, 914, 962, 904, 626, 861, 877, 620, 639, 927, 900, 831, 900, 503, 872, 503, 795, 872, 700, 676, 770, 700, 700]
z_Moead_Rfts_Worst=[961, 961, 999, 958, 961, 989, 931, 1012, 877, 877, 877, 1061, 877, 1012, 970, 940, 940, 931, 894, 855, 739, 731, 1096, 1061, 1080, 861, 1026, 959, 856, 971, 948, 906, 948, 885, 775, 1080, 892, 871, 871, 1062, 1040, 1040, 1026, 962, 896, 856, 856, 935, 808, 783, 783, 1071, 1095, 871, 1075, 1069, 1106, 886, 1029, 1014, 986, 897, 840, 891, 1057, 931, 917, 1026, 914, 827, 775, 801, 775, 937, 792, 937, 690, 792, 827, 842, 712, 827, 827]
----Iteration 8----
x_Moead_Rfts_Worst=[474, 523, 546, 285, 513, 518, 556, 556, 236, 395, 318, 498, 472, 510, 556, 698, 687, 744, 245, 229, 282, 283, 283, 303, 468, 465, 441, 478, 459, 465, 519, 527, 510, 465, 510, 512, 584, 568, 590, 680, 584, 604, 566, 618, 659, 719, 651, 724, 737]
y_Moead_Rfts_Worst=[967, 951, 858, 852, 953, 915, 821, 821, 715, 913, 823, 926, 863, 928, 821, 579, 707, 668, 675, 697, 830, 934, 934, 878, 905, 999, 953, 935, 898, 999, 628, 852, 860, 999, 860, 905, 774, 915, 935, 515, 774, 693, 811, 896, 826, 506, 729, 628, 668]
z_Moead_Rfts_Worst=[572, 586, 632, 840, 598, 645, 690, 690, 910, 686, 868, 603, 759, 600, 690, 783, 763, 717, 925, 912, 878, 866, 866, 805, 767, 662, 684, 671, 800, 662, 882, 839, 801, 662, 801, 685, 827, 582, 546, 810, 827, 775, 880, 616, 508, 789, 727, 761, 729]
----End of Run----
