----Iteration 0----
x_Moead=[1590, 1948, 1989, 1320, 1339, 1375, 1493, 1936, 2204]
y_Moead=[1093, 990, 895, 1327, 1283, 1280, 1094, 1088, 891]
----Iteration 1----
x_Moead=[844, 1634, 724, 766, 826, 859, 1012, 1389, 1401, 1468, 1539, 1835, 1916, 2170, 2152]
y_Moead=[933, 808, 1038, 1022, 952, 918, 902, 896, 854, 835, 823, 802, 794, 744, 791]
----Iteration 2----
x_Moead=[2443, 2051, 2078, 2113, 2388, 2636, 2827, 2837, 2877, 2864, 2879]
y_Moead=[1132, 1267, 1237, 1180, 1143, 1115, 1114, 1096, 1024, 1047, 1018]
----Iteration 3----
x_Moead=[2673, 2749, 1783, 1801, 1876, 1920, 1997, 2324, 2654, 2688, 2696, 2744, 2757]
y_Moead=[837, 789, 1184, 1152, 1088, 1058, 997, 943, 861, 823, 800, 796, 787]
----Iteration 4----
x_Moead=[2404, 2410, 2500]
y_Moead=[1021, 998, 961]
----Iteration 5----
x_Moead=[1546, 2245, 2229, 2225, 1301, 1373, 1487, 1510, 1528, 1635, 1818, 1895, 2172]
y_Moead=[1308, 719, 938, 983, 1456, 1409, 1361, 1346, 1311, 1247, 1195, 1176, 1149]
----Iteration 6----
x_Moead=[1819, 1847, 1902, 1783, 1883, 2737, 2738, 2746]
y_Moead=[917, 886, 858, 1077, 864, 844, 813, 804]
----Iteration 7----
x_Moead=[1080, 1082, 1088, 1350, 1376, 1408, 2456, 2599, 2618]
y_Moead=[768, 762, 752, 719, 715, 694, 667, 653, 639]
----Iteration 8----
x_Moead=[2270, 2303, 1436, 1454, 2292, 2581, 1449, 1461, 1728, 1871, 2375, 2492, 2511, 2527, 2535, 2556, 2653, 2680, 2701, 2703]
y_Moead=[1109, 1066, 1300, 1154, 1086, 680, 1243, 1142, 1127, 1117, 1059, 1044, 997, 935, 926, 893, 630, 629, 586, 557]
----Iteration 9----
x_Moead=[1389, 1454, 1118, 608, 809, 2211, 2349]
y_Moead=[859, 847, 927, 939, 931, 815, 681]
----End of Run----
