----Iteration 0----
memory=145.328125,145.328125,145.328125,145.328125,145.328125,145.5859375,145.5859375,145.84375,146.1015625,146.359375
time=0.8056650161743164,1.09474778175354,1.099813461303711,1.0852181911468506,0.9911010265350342,1.0875627994537354,1.121206283569336,1.1621520519256592,1.171201467514038,1.2867717742919922
----Iteration 1----
memory=145.328125,145.328125,145.328125,145.328125,145.328125,145.5859375,145.5859375,145.84375,146.1015625,147.01171875
time=0.9530651569366455,1.0506575107574463,1.1149499416351318,1.079854965209961,1.105215311050415,1.075763463973999,1.1590328216552734,1.143639087677002,1.1349103450775146,1.293095588684082
----Iteration 2----
memory=147.78515625,147.78515625,147.78515625,147.78515625,147.78515625,147.78515625,147.78515625,147.78515625,147.78515625,148.04296875
time=1.0589210987091064,1.4617462158203125,1.2078368663787842,1.238062858581543,1.2068886756896973,1.5336415767669678,1.4677717685699463,1.20097017288208,1.3091676235198975,1.4002726078033447
----Iteration 3----
memory=147.78515625,147.78515625,147.78515625,147.78515625,147.78515625,147.78515625,147.78515625,147.78515625,147.78515625,148.04296875
time=1.4326322078704834,1.2460753917694092,1.3191461563110352,1.1752772331237793,1.3116745948791504,1.5224113464355469,1.1513087749481201,1.3453361988067627,1.1228981018066406,1.3831737041473389
----Iteration 4----
memory=147.78515625,147.78515625,147.78515625,147.78515625,147.78515625,147.78515625,147.78515625,147.78515625,147.78515625,148.30078125
time=1.3871793746948242,1.3764941692352295,1.2229115962982178,1.266932725906372,1.3525702953338623,1.3648827075958252,1.2205030918121338,1.3356058597564697,1.2478394508361816,1.1772944927215576
----Iteration 5----
memory=148.81640625,148.81640625,148.81640625,148.81640625,148.81640625,148.81640625,148.81640625,148.81640625,148.81640625,149.33203125
time=1.1140105724334717,1.3319852352142334,1.2705106735229492,1.269552230834961,1.2676568031311035,1.2043721675872803,1.2218680381774902,1.2691264152526855,1.21437668800354,1.3468990325927734
----Iteration 6----
memory=148.81640625,148.81640625,148.81640625,148.81640625,148.81640625,148.81640625,148.81640625,148.81640625,149.07421875,149.33203125
time=1.0607526302337646,1.4297404289245605,1.3181390762329102,1.2201976776123047,1.3017280101776123,1.2696189880371094,1.33787202835083,1.2784922122955322,1.216747522354126,1.387211561203003
----Iteration 7----
memory=148.81640625,148.81640625,148.81640625,148.81640625,148.81640625,148.81640625,148.81640625,148.81640625,149.33203125,149.33203125
time=1.3934273719787598,1.4523661136627197,1.492882251739502,1.1324210166931152,1.4041969776153564,1.238889217376709,1.3284626007080078,1.3127353191375732,1.3050363063812256,0.8824336528778076
----Iteration 8----
memory=149.33203125,149.33203125,149.33203125,149.33203125,149.33203125,149.33203125,149.33203125,149.33203125,149.33203125,149.33203125
time=0.8495831489562988,1.036996603012085,1.109584093093872,1.1140830516815186,0.9742331504821777,0.8849735260009766,0.9087402820587158,0.9201493263244629,0.93422532081604,0.6289725303649902
----Iteration 9----
memory=149.33203125,149.33203125,149.33203125,149.33203125,149.33203125,149.33203125,149.33203125,149.33203125,149.33203125,149.33203125
time=0.8610270023345947,1.1348035335540771,1.0147438049316406,1.0979881286621094,0.9656949043273926,0.9210476875305176,0.9189777374267578,0.9359750747680664,0.8444168567657471,0.4538240432739258
