----Iteration 1----
x_Moead=[787, 122, 340, 372, 450, 485, 599, 690, 703, 779, 756, 807, 821, 844, 863]
y_Moead=[466, 696, 686, 671, 619, 605, 556, 550, 535, 481, 499, 443, 423, 317, 285]
----Iteration 0----
x_Moead=[317, 278, 304, 343, 384, 595, 671, 890, 913, 931, 232, 302, 346, 381, 419, 446, 447, 508, 580, 602, 603, 648, 653, 662, 737, 785, 833]
y_Moead=[788, 801, 797, 784, 719, 610, 477, 373, 335, 323, 810, 798, 766, 752, 705, 692, 676, 668, 653, 605, 569, 529, 527, 480, 471, 413, 386]
----Iteration 2----
x_Moead=[287, 58, 90, 314, 331, 337, 438, 466, 474, 574, 577, 591, 706, 700, 765, 801]
y_Moead=[705, 732, 720, 690, 687, 663, 655, 571, 561, 558, 550, 530, 501, 529, 480, 412]
----Iteration 4----
x_Moead=[49, 75, 712, 834, 43, 212, 293, 326, 344, 377, 420, 617, 750, 763, 813]
y_Moead=[759, 746, 544, 314, 770, 732, 708, 703, 679, 657, 638, 579, 516, 460, 416]
----Iteration 3----
x_Moead=[445, 246, 474, 542, 644, 804, 293, 316, 330, 369, 429, 434, 626, 727, 779, 850]
y_Moead=[511, 660, 494, 482, 425, 354, 636, 615, 595, 570, 562, 527, 458, 413, 400, 319]
----Iteration 5----
x_Moead=[449, 795, 830, 910, 235, 332, 375, 385, 402, 421, 479, 539, 579, 623, 872, 876, 902, 894]
y_Moead=[500, 414, 400, 286, 597, 582, 562, 529, 522, 506, 498, 493, 461, 421, 361, 329, 313, 321]
----Iteration 6----
x_Moead=[118, 119, 276, 552, 618, 662, 116, 78, 272, 282, 301, 319, 476, 487, 508, 537, 614, 758, 729, 777]
y_Moead=[752, 729, 704, 607, 549, 540, 813, 835, 724, 697, 681, 674, 667, 660, 659, 650, 588, 511, 515, 495]
----Iteration 7----
x_Moead=[486, 833, 824, 560, 603, 799, 818, 325, 539, 618, 625, 631, 760, 810, 899]
y_Moead=[611, 324, 353, 511, 496, 397, 381, 624, 597, 474, 452, 441, 429, 389, 301]
----Iteration 8----
x_Moead=[366, 505, 541, 368, 769, 332, 333, 338, 492, 670, 722, 746, 857, 832, 858, 866]
y_Moead=[657, 574, 560, 654, 441, 764, 741, 661, 638, 554, 544, 504, 383, 417, 360, 349]
----Iteration 9----
x_Moead=[394, 815, 226, 439, 716, 724, 225, 548, 569, 583, 659, 667, 681, 705, 768, 780, 803, 806]
y_Moead=[813, 441, 831, 806, 569, 561, 854, 764, 714, 681, 670, 662, 616, 613, 517, 513, 503, 495]
----End of Run----
