----Iteration 1----
215,598;324,588;
215,598;324,588;409,463;384,480;442,345;427,388;
215,598;324,588;409,463;384,480;378,508;435,439;417,440;495,404;530,384;598,349;
215,598;324,588;409,463;384,480;378,508;435,439;417,440;397,468;448,423;498,418;540,363;530,390;613,357;632,339;658,335;
215,598;324,588;378,508;530,390;613,357;632,339;658,335;445,502;480,465;516,439;558,384;755,299;754,322;
215,598;324,588;378,508;658,335;445,502;755,299;754,322;352,521;491,488;494,487;522,458;536,443;537,407;641,395;812,219;
215,598;324,588;641,395;812,219;373,553;597,543;601,529;676,363;719,356;804,309;774,349;
641,395;373,553;597,543;601,529;804,309;774,349;368,605;625,518;626,482;658,390;728,384;729,371;762,365;815,307;839,257;
373,553;597,543;601,529;804,309;368,605;625,518;626,482;815,307;839,257;29,652;321,619;408,544;787,466;765,474;824,273;
787,466;122,696;340,686;372,671;450,619;485,605;599,556;690,550;703,535;779,481;756,499;807,443;821,423;844,317;863,285;
----Iteration 0----
304,299;253,431;259,407;289,406;344,245;
216,461;253,446;339,434;388,418;434,383;553,327;
216,461;253,446;388,418;434,383;553,327;342,440;526,350;569,300;
216,461;253,446;388,418;342,440;526,350;569,300;59,531;78,499;363,424;406,409;435,400;463,394;591,299;553,335;616,265;
92,606;424,587;505,575;584,446;691,391;754,300;778,250;
424,587;505,575;691,391;112,743;113,720;270,621;494,578;543,547;606,518;648,479;662,430;668,402;828,265;792,372;827,352;
424,587;505,575;691,391;494,578;606,518;648,479;662,430;668,402;792,372;827,352;214,770;305,680;317,669;392,606;418,595;582,548;625,502;655,441;666,408;755,388;891,297;859,320;862,302;
691,391;606,518;648,479;662,430;792,372;827,352;625,502;655,441;755,388;891,297;119,809;317,788;321,649;333,638;453,613;493,584;534,580;545,577;600,569;687,413;769,383;819,370;862,340;926,271;
606,518;648,479;317,788;600,569;769,383;131,809;278,801;304,797;343,784;362,720;384,719;462,614;595,610;638,506;671,477;713,438;727,435;732,423;755,403;804,379;890,373;913,335;931,323;
317,788;278,801;304,797;343,784;384,719;595,610;671,477;890,373;913,335;931,323;232,810;302,798;346,766;381,752;419,705;446,692;447,676;508,668;580,653;602,605;603,569;648,529;653,527;662,480;737,471;785,413;833,386;
----Iteration 2----
302,363;362,285;
302,363;-219,383;327,315;462,305;469,267;
462,305;395,439;399,393;506,277;502,294;
395,439;506,277;502,294;-202,507;-162,462;-143,447;175,443;433,403;456,323;452,369;501,317;
109,557;115,529;461,508;464,493;510,394;549,376;
109,557;115,529;461,508;464,493;134,509;480,462;624,435;598,439;
-84,683;-45,670;239,661;255,630;574,528;563,531;580,500;637,439;675,369;661,389;
239,661;255,630;574,528;563,531;580,500;-36,695;-17,676;293,622;463,557;509,541;626,490;670,479;713,470;717,463;
574,528;563,531;463,557;713,470;717,463;287,705;303,674;309,586;561,554;687,517;688,481;748,450;735,461;
287,705;58,732;90,720;314,690;331,687;337,663;438,655;466,571;474,561;574,558;577,550;591,530;706,501;700,529;765,480;801,412;
----Iteration 4----
15,459;21,411;328,300;314,349;
15,459;-32,466;340,397;305,444;313,409;377,376;
15,459;-32,466;305,444;-51,485;442,432;430,443;537,350;518,366;517,389;558,339;565,310;
-51,485;-153,504;-194,515;-150,488;465,471;494,465;518,462;538,438;573,392;601,350;696,301;
518,462;573,392;696,301;-90,586;-47,556;-26,532;28,499;499,494;552,447;615,370;667,347;711,258;
518,462;499,494;552,447;-167,664;-61,634;-4,619;11,576;190,571;262,564;277,554;341,510;564,436;607,406;684,372;722,357;750,351;
518,462;499,494;552,447;-61,634;-4,619;190,571;262,564;277,554;341,510;564,436;722,357;750,351;-109,668;55,589;367,506;465,505;469,501;676,407;716,394;
518,462;499,494;262,564;277,554;465,505;469,501;89,680;122,630;217,597;243,587;413,541;631,452;719,413;762,383;802,375;
719,413;802,375;49,759;75,746;113,718;115,699;163,693;217,678;322,596;341,547;363,546;712,544;809,337;799,393;834,314;
49,759;75,746;712,544;834,314;43,770;212,732;293,708;326,703;344,679;377,657;420,638;617,579;750,516;763,460;813,416;
----Iteration 3----
34,379;104,347;114,342;166,330;244,314;233,317;
34,379;244,314;-77,395;95,367;158,366;216,357;237,333;311,213;289,304;328,159;
383,460;495,294;
383,460;495,294;1,535;11,491;47,484;492,438;563,269;
383,460;47,484;492,438;28,501;14,551;44,497;505,403;507,396;529,350;619,307;633,258;
383,460;492,438;-40,625;174,579;248,514;277,486;290,475;519,422;577,415;623,311;616,345;641,299;642,283;
174,579;577,415;616,345;641,299;642,283;-52,636;98,626;249,570;338,566;450,470;445,511;568,444;598,368;632,325;703,216;
249,570;338,566;445,511;568,444;246,660;453,489;461,481;526,470;601,433;685,392;640,414;819,219;815,241;805,294;
338,566;445,511;568,444;246,660;685,392;805,294;271,626;474,494;542,482;618,436;644,425;704,378;827,247;804,354;806,275;
445,511;246,660;474,494;542,482;644,425;804,354;293,636;316,615;330,595;369,570;429,562;434,527;626,458;727,413;779,400;850,319;
----Iteration 5----
-23,469;175,461;190,451;233,437;289,324;278,327;354,261;320,279;346,272;
-13,480;97,475;250,468;291,435;313,383;375,332;521,278;506,321;
-13,480;97,475;521,278;506,321;281,469;296,459;360,402;415,334;557,231;606,201;622,170;
97,475;281,469;296,459;360,402;557,231;606,201;622,170;-4,485;377,356;483,348;523,334;579,230;627,167;612,177;641,154;
622,170;483,348;523,334;627,167;641,154;35,486;34,509;364,483;368,474;439,394;447,353;576,294;614,259;662,128;
641,154;35,486;34,509;364,483;439,394;428,478;536,357;551,325;576,297;638,290;672,148;737,123;715,124;
34,509;364,483;428,478;209,490;446,460;474,454;519,385;564,384;639,336;798,158;
34,509;364,483;428,478;446,460;474,454;267,508;521,440;538,409;605,400;631,396;758,338;771,328;783,317;832,141;813,204;
474,454;521,440;166,579;178,574;261,572;373,543;449,500;462,489;470,481;795,414;830,400;910,286;
449,500;795,414;830,400;910,286;235,597;332,582;375,562;385,529;402,522;421,506;479,498;539,493;579,461;623,421;872,361;876,329;902,313;894,321;
----Iteration 6----
-80,480;214,415;209,447;208,470;232,121;320,90;
279,560;308,517;354,459;428,63;466,35;
279,560;308,517;-43,611;-21,610;359,495;452,430;451,461;514,291;508,315;
279,560;308,517;-43,611;-21,610;-2,578;-60,631;367,499;399,484;471,463;500,417;566,378;
308,517;471,463;500,417;-102,670;159,655;197,633;290,598;313,506;339,502;406,500;504,416;596,365;587,410;
-102,670;159,655;197,633;587,410;398,619;527,559;543,523;640,406;654,357;
398,619;48,728;214,671;540,563;613,532;647,519;744,457;754,452;
48,728;214,671;613,532;647,519;744,457;754,452;72,722;115,680;316,667;420,629;586,564;671,506;672,470;729,461;
316,667;420,629;586,564;671,506;65,769;118,752;119,729;276,704;330,647;537,616;552,607;618,549;662,540;720,495;767,477;
118,752;119,729;276,704;552,607;618,549;662,540;116,813;78,835;272,724;282,697;301,681;319,674;476,667;487,660;508,659;537,650;614,588;758,511;729,515;777,495;
----Iteration 7----
108,237;92,300;59,398;88,355;214,155;244,145;250,121;267,115;
59,398;119,386;151,371;194,344;198,343;248,333;375,318;529,236;518,239;565,191;
182,514;406,477;442,459;481,438;512,393;648,207;591,293;603,280;635,265;
182,514;406,477;442,459;481,438;139,536;187,512;272,499;302,497;538,404;558,358;571,335;597,331;682,265;678,330;
406,477;442,459;678,330;300,560;314,500;452,453;582,406;550,439;561,411;618,379;630,351;726,329;737,276;
300,560;82,561;345,519;438,503;573,469;657,406;805,369;
438,503;573,469;657,406;805,369;308,579;327,563;358,531;478,489;562,480;578,420;695,378;
573,469;562,480;486,611;501,568;541,504;553,487;592,437;616,428;712,415;833,324;824,353;808,384;
486,611;616,428;712,415;833,324;824,353;808,384;245,613;495,595;501,584;530,525;560,511;603,496;799,397;818,381;
486,611;833,324;824,353;560,511;603,496;799,397;818,381;325,624;539,597;618,474;625,452;631,441;760,429;810,389;899,301;
----Iteration 8----
469,527;
469,527;550,356;553,338;
469,527;550,356;553,338;69,579;219,560;484,370;623,337;
469,527;623,337;214,609;242,603;248,540;607,368;594,378;
469,527;214,609;242,603;213,620;273,558;265,566;418,542;500,434;726,358;711,403;685,407;719,364;
469,527;418,542;226,634;266,624;358,603;476,468;692,435;654,463;729,424;740,421;
692,435;729,424;740,421;366,657;381,599;505,574;668,491;809,328;
366,657;381,599;505,574;668,491;283,664;372,618;434,594;541,560;549,508;785,415;749,438;720,484;861,333;
366,657;381,599;505,574;668,491;372,618;434,594;541,560;785,415;720,484;861,333;323,698;302,734;329,680;368,654;371,636;466,578;560,528;769,441;854,371;
366,657;505,574;541,560;368,654;769,441;332,764;333,741;338,661;492,638;670,554;722,544;746,504;857,383;832,417;858,360;866,349;
----Iteration 9----
99,501;283,483;396,456;
99,501;283,483;396,456;171,494;503,441;546,411;
283,483;396,456;503,441;128,583;179,567;204,521;501,446;599,361;588,405;578,416;592,367;
128,583;179,567;204,521;112,619;201,553;272,499;319,493;587,472;617,470;
128,583;179,567;112,619;110,714;111,654;202,555;211,521;630,506;591,519;660,504;689,458;727,436;
660,504;164,771;190,746;156,789;238,709;287,692;295,674;401,631;658,564;686,500;695,466;738,436;
164,771;156,789;686,500;695,466;738,436;128,796;408,764;447,751;526,621;573,596;667,587;762,386;739,410;
447,751;573,596;667,587;394,813;438,785;476,705;506,703;526,658;563,636;594,591;685,568;690,527;728,484;789,466;815,441;
394,813;789,466;815,441;68,854;114,845;226,831;439,806;509,763;539,761;555,710;574,678;653,641;660,603;694,591;697,585;716,569;724,561;781,484;
394,813;815,441;226,831;439,806;716,569;724,561;225,854;548,764;569,714;583,681;659,670;667,662;681,616;705,613;768,517;780,513;803,503;806,495;
