----Iteration 1----
x_Moead=[766, 972, 990, 1108, 752, 780, 784, 827, 927, 1048, 1233, 1236, 1250]
y_Moead=[1125, 958, 931, 921, 1150, 1080, 1055, 1047, 1045, 924, 908, 903, 887]
----Iteration 0----
x_Moead=[1252, 855, 1355, 1537, 1706, 754, 821, 901, 1227, 1241, 1292, 1548, 1656, 1674, 1713, 1722]
y_Moead=[936, 1061, 886, 881, 723, 1155, 1138, 1037, 1009, 972, 930, 838, 751, 738, 720, 711]
----Iteration 2----
x_Moead=[1285, 1241, 1159, 1207, 1230, 1344, 1155, 1181, 1368, 1464, 1431, 1496, 1523, 659, 833, 1072, 1323, 1444, 1546]
y_Moead=[704, 712, 791, 756, 745, 605, 807, 770, 603, 532, 598, 506, 464, 1110, 864, 837, 628, 579, 460]
----Iteration 3----
x_Moead=[1173, 675, 710, 1330, 259, 435, 505, 537, 551, 596, 606, 655, 919, 1149, 1308]
y_Moead=[786, 919, 884, 733, 1216, 1198, 1126, 1094, 1061, 991, 974, 941, 883, 835, 745]
----Iteration 4----
x_Moead=[816, 1091, 1102, 1252, 1354, 1403, 1490, 1610, 1583, 1635]
y_Moead=[1001, 976, 950, 795, 715, 704, 683, 628, 670, 533]
----Iteration 5----
x_Moead=[668, 667, 678, 721, 770, 846, 867, 1495, 1544, 1596]
y_Moead=[1149, 1171, 1123, 1112, 1069, 1045, 1036, 981, 849, 822]
----Iteration 6----
x_Moead=[605, 579, 613, 752, 899, 1524, 1583, 1556]
y_Moead=[1010, 1056, 970, 958, 895, 879, 807, 837]
----Iteration 7----
x_Moead=[1144, 1160, 1145, 110, 97, 176, 524, 1074, 1092, 1363, 1336]
y_Moead=[1107, 1074, 1085, 1282, 1299, 1264, 1223, 1212, 1154, 1007, 1052]
----Iteration 8----
x_Moead=[439, 1471, 289, 770, 777, 1307, 1346, 1560, 1541]
y_Moead=[956, 692, 1037, 951, 945, 779, 752, 596, 666]
----Iteration 9----
x_Moead=[762, 787, 813, 863, 893, 923, 1320, 1330, 1384, 1486, 1437, 1529, 1573]
y_Moead=[999, 982, 944, 924, 857, 818, 816, 767, 757, 687, 706, 570, 539]
----End of Run----
