----Iteration 1----
memory=145.328125,145.328125,145.328125,145.328125,145.328125,145.328125,145.5859375,145.5859375,145.84375,146.1015625
time=0.8066091537475586,0.9044313430786133,1.0303716659545898,0.9291236400604248,0.9925920963287354,0.9679763317108154,1.0526082515716553,1.2107274532318115,1.049196720123291,1.092339038848877
----Iteration 0----
memory=145.328125,145.328125,145.328125,145.328125,145.328125,145.328125,145.5859375,145.5859375,145.84375,146.1015625
time=0.8812029361724854,0.9939205646514893,0.9622113704681396,1.0699596405029297,0.8786909580230713,1.077331304550171,1.0504939556121826,1.0290842056274414,1.0299975872039795,1.1139345169067383
----Iteration 2----
memory=145.328125,145.328125,145.328125,145.328125,145.328125,145.328125,145.5859375,145.84375,145.84375,146.359375
time=0.8740739822387695,0.9307827949523926,1.0271217823028564,0.9939448833465576,1.007462978363037,1.025850772857666,1.0281081199645996,1.181837797164917,1.0657975673675537,1.2893953323364258
----Iteration 4----
memory=147.78515625,147.78515625,147.78515625,147.78515625,147.78515625,147.78515625,147.78515625,147.78515625,147.78515625,147.78515625
time=1.2624027729034424,1.3134663105010986,1.1755108833312988,1.1536645889282227,1.2410638332366943,1.3638134002685547,1.1597235202789307,1.0818021297454834,1.0776994228363037,1.223543643951416
----Iteration 3----
memory=147.78515625,147.78515625,147.78515625,147.78515625,147.78515625,147.78515625,147.78515625,147.78515625,147.78515625,147.78515625
time=1.1594884395599365,1.4179246425628662,1.1590163707733154,1.1260960102081299,1.1160738468170166,1.3633298873901367,1.3891808986663818,1.228109359741211,1.3258211612701416,1.226949691772461
----Iteration 5----
memory=147.78515625,147.78515625,147.78515625,147.78515625,147.78515625,147.78515625,147.78515625,147.78515625,147.78515625,148.04296875
time=1.461162805557251,1.1341068744659424,1.2570383548736572,1.2880098819732666,1.2283439636230469,1.322819709777832,1.227066993713379,1.0986182689666748,1.215345859527588,1.2066559791564941
----Iteration 6----
memory=148.81640625,148.81640625,148.81640625,148.81640625,148.81640625,148.81640625,148.81640625,148.81640625,148.81640625,149.07421875
time=0.9718451499938965,1.3010327816009521,1.422231674194336,1.158998966217041,1.232093334197998,1.2244272232055664,1.2226271629333496,1.2017748355865479,1.1036796569824219,1.2750773429870605
----Iteration 7----
memory=148.81640625,148.81640625,148.81640625,148.81640625,148.81640625,148.81640625,148.81640625,148.81640625,148.81640625,149.33203125
time=1.0820131301879883,1.2382502555847168,1.3231539726257324,1.3911075592041016,1.1740617752075195,1.276153564453125,1.2258515357971191,1.2221179008483887,1.0891954898834229,1.165135383605957
----Iteration 8----
memory=149.33203125,149.33203125,149.33203125,149.33203125,149.33203125,149.33203125,149.33203125,149.33203125,149.33203125,149.33203125
time=0.707258939743042,0.8424673080444336,0.9188475608825684,1.0281779766082764,0.9392011165618896,1.0252437591552734,0.8041694164276123,0.873124361038208,0.9190213680267334,0.8431787490844727
----Iteration 9----
memory=149.33203125,149.33203125,149.33203125,149.33203125,149.33203125,149.33203125,149.33203125,149.33203125,149.33203125,149.33203125
time=0.7919595241546631,0.8873696327209473,0.9712777137756348,0.9571778774261475,0.9693067073822021,0.8858742713928223,0.8494777679443359,0.9194009304046631,0.8648500442504883,0.8334512710571289
