----Iteration 1----
memory=145.328125,145.328125,145.328125,145.328125,145.328125,145.5859375,145.5859375,145.84375,146.1015625,146.359375
time=0.9138872623443604,0.8622004985809326,0.9571106433868408,1.072638750076294,1.128556489944458,1.0932743549346924,1.1321706771850586,1.0884416103363037,1.1837742328643799,1.2584083080291748
----Iteration 0----
memory=145.328125,145.328125,145.328125,145.328125,145.328125,145.328125,145.5859375,145.84375,146.1015625,146.359375
time=0.9603123664855957,0.8438351154327393,1.073544979095459,0.9900689125061035,0.927269697189331,1.0511763095855713,1.2229480743408203,1.0968716144561768,1.1593599319458008,1.2980475425720215
----Iteration 2----
memory=145.328125,145.328125,145.328125,145.328125,145.328125,145.5859375,145.5859375,145.84375,146.1015625,146.359375
time=0.9546973705291748,0.8407375812530518,1.0326876640319824,1.07963228225708,1.0274863243103027,1.0780138969421387,1.0671920776367188,1.1523756980895996,1.0594007968902588,1.3269760608673096
----Iteration 3----
memory=147.78515625,147.78515625,147.78515625,147.78515625,147.78515625,147.78515625,147.78515625,147.78515625,147.78515625,147.78515625
time=1.22031569480896,1.3144619464874268,1.2144298553466797,1.1075515747070312,1.1786987781524658,1.6014370918273926,1.1769452095031738,1.2366008758544922,1.1820919513702393,1.1715295314788818
----Iteration 4----
memory=147.78515625,147.78515625,147.78515625,147.78515625,147.78515625,147.78515625,147.78515625,147.78515625,147.78515625,148.04296875
time=1.4359028339385986,1.2422504425048828,1.1558129787445068,1.1762886047363281,1.2036159038543701,1.4292824268341064,1.2975232601165771,1.2270493507385254,1.3322100639343262,1.2762084007263184
----Iteration 5----
memory=148.81640625,148.81640625,148.81640625,148.81640625,148.81640625,148.81640625,148.81640625,148.81640625,148.81640625,149.33203125
time=0.8787438869476318,1.256162166595459,1.2715678215026855,1.38187575340271,1.2592628002166748,1.2967908382415771,1.3643019199371338,1.2632074356079102,1.5341815948486328,1.3806517124176025
----Iteration 6----
memory=148.81640625,148.81640625,148.81640625,148.81640625,148.81640625,148.81640625,148.81640625,148.81640625,148.81640625,149.33203125
time=1.1635236740112305,1.4297068119049072,1.2232661247253418,1.0936038494110107,1.285013198852539,1.2449193000793457,1.343675136566162,1.1131260395050049,1.3046696186065674,1.3899130821228027
----Iteration 7----
memory=148.81640625,148.81640625,148.81640625,148.81640625,148.81640625,148.81640625,148.81640625,148.81640625,149.07421875,149.33203125
time=1.2929856777191162,1.3548915386199951,1.1571428775787354,1.217911720275879,1.268758773803711,1.2105624675750732,1.2813019752502441,1.296544075012207,1.3607525825500488,1.1915667057037354
----Iteration 8----
memory=149.33203125,149.33203125,149.33203125,149.33203125,149.33203125,149.33203125,149.33203125,149.33203125,149.33203125,149.33203125
time=0.7687199115753174,0.9385147094726562,1.0399532318115234,0.9789876937866211,1.0461552143096924,0.9030084609985352,0.9166061878204346,0.833641529083252,0.8096697330474854,0.7699112892150879
----Iteration 9----
memory=149.33203125,149.33203125,149.33203125,149.33203125,149.33203125,149.33203125,149.33203125,149.33203125,149.33203125,149.33203125
time=0.9000120162963867,1.0010850429534912,1.0071702003479004,0.8483037948608398,1.0405521392822266,0.8671581745147705,0.925905704498291,0.8190336227416992,0.8466489315032959,0.8310112953186035
