----Iteration 1----
464,703;491,661;544,573;542,634;543,598;
448,967;479,924;490,891;639,779;703,774;
533,1032;684,947;661,980;711,928;812,890;822,864;
533,1032;661,980;750,958;758,955;901,892;925,844;
533,1032;661,980;750,958;758,955;608,1003;702,976;921,903;1002,858;1009,819;
766,1125;972,958;1018,911;1096,892;
766,1125;972,958;1018,911;1096,892;775,966;768,974;990,931;1131,872;1182,822;1169,827;1173,824;
766,1125;972,958;990,931;769,1005;803,973;1108,921;1224,879;
766,1125;972,958;990,931;1108,921;809,1008;816,1005;1244,878;1229,906;
766,1125;972,958;990,931;1108,921;752,1150;780,1080;784,1055;827,1047;927,1045;1048,924;1233,908;1236,903;1250,887;
----Iteration 0----
334,715;321,736;169,771;374,658;367,697;395,653;509,456;443,596;458,535;628,400;
669,854;735,796;767,756;907,402;
669,854;735,796;973,769;1009,745;991,762;1072,545;1049,590;
669,854;735,796;973,769;991,762;258,870;1118,757;1165,740;
669,854;735,796;336,895;385,870;1398,776;1416,714;
669,854;735,796;1398,776;1416,714;391,937;590,910;647,896;951,791;1419,641;1498,564;1516,550;
669,854;1398,776;1416,714;647,896;527,953;592,935;679,818;980,813;1575,647;1534,682;1580,628;
684,1083;680,1139;744,1080;851,1046;893,1004;1007,965;1252,936;1397,833;1527,789;1521,817;1541,784;1613,744;1645,743;1682,697;
893,1004;1252,936;1541,784;1645,743;712,1141;729,1128;751,1083;855,1061;866,1013;1178,978;1260,911;1292,888;1355,886;1537,881;1540,815;1633,746;1706,723;
1252,936;855,1061;1355,886;1537,881;1706,723;754,1155;821,1138;901,1037;1227,1009;1241,972;1292,930;1548,838;1656,751;1674,738;1713,720;1722,711;
----Iteration 2----
555,702;592,695;629,646;616,649;658,615;
688,764;737,726;762,704;
737,726;762,704;725,766;811,688;771,694;849,678;936,616;953,602;
737,726;762,704;725,766;811,688;771,694;849,678;936,616;953,602;-171,871;-122,848;-99,810;688,772;869,654;1072,577;1077,572;1112,537;1113,491;
737,726;725,766;688,772;-93,979;-44,939;-18,901;12,828;34,794;637,781;1219,673;1203,717;1223,653;
688,772;-18,901;1203,717;-180,1031;-75,1006;-43,950;87,878;672,790;1139,767;1187,732;1285,704;1241,712;1317,622;
1285,704;1241,712;1317,622;-27,1073;-13,1025;60,1012;65,1010;104,975;184,861;248,836;1159,791;1207,756;1230,745;1357,584;1344,605;
1285,704;1241,712;1317,622;1159,791;1207,756;1230,745;1344,605;-27,1094;53,1056;125,1052;479,939;517,881;1155,807;1181,770;1368,603;1323,614;1432,533;1464,532;
1285,704;1241,712;1317,622;1159,791;1207,756;1230,745;1344,605;479,939;517,881;1155,807;1181,770;1368,603;1323,614;1432,533;1464,532;147,1106;157,1064;224,982;1431,598;1496,506;1523,464;
1285,704;1241,712;1159,791;1207,756;1230,745;1344,605;1155,807;1181,770;1368,603;1464,532;1431,598;1496,506;1523,464;659,1110;833,864;1072,837;1323,628;1444,579;1546,460;
----Iteration 3----
252,744;287,716;314,707;353,693;374,658;395,588;430,544;441,511;
533,861;
535,832;534,863;560,816;669,757;735,699;
535,832;534,863;560,816;889,757;925,711;
535,832;534,863;560,816;889,757;1003,744;1013,719;
535,832;534,863;560,816;889,757;1003,744;1013,719;1041,661;
535,832;534,863;560,816;889,757;1003,744;168,1046;466,967;483,925;486,910;1043,721;1142,697;
535,832;534,863;560,816;143,1133;166,1085;354,1055;409,1034;507,983;511,934;1173,786;1260,693;
507,983;1173,786;299,1193;377,1121;501,1057;559,945;573,941;590,925;675,919;710,884;866,865;1033,794;1210,740;1330,733;
1173,786;675,919;710,884;1330,733;259,1216;435,1198;505,1126;537,1094;551,1061;596,991;606,974;655,941;919,883;1149,835;1308,745;
----Iteration 4----
738,526;
986,617;1032,529;
1178,734;1209,676;
1178,734;1209,676;1292,641;1293,618;
1178,734;1209,676;1292,641;1293,618;1367,572;
1178,734;1209,676;1292,641;1293,618;1367,572;1340,578;1325,585;1409,530;
1178,734;1209,676;1292,641;1293,618;383,762;402,738;287,824;1461,588;
1178,734;270,868;580,859;608,759;1308,702;1354,679;1364,637;1512,604;1583,539;
1178,734;1308,702;1354,679;1583,539;684,915;718,841;822,809;960,798;1090,745;1343,695;1375,674;1409,662;1582,616;1591,506;
816,1001;1091,976;1102,950;1252,795;1354,715;1403,704;1490,683;1610,628;1583,670;1635,533;
----Iteration 5----
-153,727;311,677;284,683;
-153,727;414,715;474,663;489,644;648,440;
-153,727;414,715;-456,740;628,654;596,682;685,505;733,483;735,455;
476,786;750,755;782,734;927,725;1069,648;
476,786;750,755;782,734;927,725;-284,800;1031,671;1073,649;1062,651;
476,786;750,755;782,734;927,725;-284,800;1116,653;1093,707;1095,689;1141,631;
750,755;782,734;927,725;1093,707;1095,689;25,871;513,858;615,834;1185,681;1212,672;
611,975;651,952;1338,872;1372,809;1398,791;
611,975;651,952;1372,809;259,1043;599,981;1359,851;1352,898;1455,795;
668,1149;667,1171;678,1123;721,1112;770,1069;846,1045;867,1036;1495,981;1544,849;1596,822;
----Iteration 6----
362,705;472,694;465,697;490,657;528,594;554,552;604,524;653,481;
362,705;472,694;465,697;490,657;654,644;679,615;751,569;754,554;
849,833;850,528;
849,833;865,723;899,668;879,674;
849,833;891,734;952,714;935,719;968,708;1054,672;
849,833;1028,774;1095,743;1124,706;
607,867;1338,834;
607,867;574,883;1423,783;1409,840;
580,933;611,913;627,885;841,859;1468,852;1510,836;1520,794;
605,1010;579,1056;613,970;752,958;899,895;1524,879;1583,807;1556,837;
----Iteration 7----
358,639;386,620;383,635;423,601;433,576;429,598;
461,887;511,852;572,846;580,837;
595,913;602,887;623,882;649,864;
595,913;602,887;623,882;649,864;659,830;642,866;669,824;749,822;819,742;825,706;
595,913;692,911;713,883;721,850;845,809;844,846;
947,951;952,926;
853,1117;895,1084;1004,1049;1022,1032;1116,912;
853,1117;128,1181;140,1155;603,1123;1116,1062;1092,1110;1151,1001;1234,933;
853,1117;128,1181;140,1155;603,1123;-117,1183;593,1133;608,1121;1092,1115;1144,1107;1160,1074;1145,1085;1276,1043;1314,1004;
1144,1107;1160,1074;1145,1085;110,1282;97,1299;176,1264;524,1223;1074,1212;1092,1154;1363,1007;1336,1052;
----Iteration 8----
386,628;402,573;478,517;
478,517;474,637;521,516;649,508;
474,637;716,520;852,517;858,504;
474,637;716,520;852,517;858,504;391,685;1016,356;977,397;1028,322;995,361;
474,637;852,517;858,504;391,685;1016,356;1028,322;154,722;840,549;960,444;978,397;996,389;1118,300;1110,315;
474,637;391,685;275,776;280,754;334,688;966,583;1082,500;1168,371;1172,322;
474,637;391,685;275,776;966,583;361,767;414,648;928,586;981,558;1418,552;
474,637;391,685;361,767;270,843;319,828;346,798;362,698;408,678;435,648;1047,616;1407,600;1489,594;
1489,594;288,964;243,1033;439,956;532,899;543,898;717,774;1051,719;1471,692;1475,643;1495,555;
439,956;1471,692;289,1037;770,951;777,945;1307,779;1346,752;1560,596;1541,666;
----Iteration 9----
517,217;587,172;572,176;557,187;687,103;719,63;
131,426;513,346;594,307;778,293;
131,426;168,374;705,359;978,339;979,316;
131,426;705,359;978,339;979,316;91,464;137,416;504,400;1059,250;
978,339;979,316;1059,250;112,490;755,489;809,419;841,387;1007,273;1106,203;1063,208;1111,165;
429,661;387,679;884,532;916,500;1105,482;1237,468;
543,790;722,776;954,721;1240,698;1260,640;1372,303;1329,353;
1240,698;1260,640;717,850;723,780;966,726;1320,628;1322,620;1352,606;1510,509;
1240,698;1260,640;717,850;1320,628;1322,620;1510,509;625,916;831,795;1066,763;1104,712;1248,668;1237,711;1442,606;1483,590;1494,521;
762,999;787,982;813,944;863,924;893,857;923,818;1320,816;1330,767;1384,757;1486,687;1437,706;1529,570;1573,539;
