----Iteration 0----
372,438;484,412;485,351;581,324;1266,278;1318,237;1358,194;
372,438;484,412;1266,278;640,372;1418,275;
372,438;484,412;1418,275;1411,322;1403,372;1447,240;1545,229;
805,867;806,863;815,804;918,745;1334,467;1635,406;1668,388;1679,342;
805,867;806,863;1635,406;1668,388;850,841;871,822;922,778;927,748;1101,667;1107,618;1148,576;1634,451;1618,565;1717,384;
1618,565;1717,384;879,985;1126,889;1275,800;1317,599;1631,503;1711,501;
665,1020;960,1016;1498,1006;1631,686;1681,655;1709,609;1689,631;1783,594;
1590,1093;1878,1072;
1590,1093;1878,1072;1221,1149;1255,1126;1885,1061;1911,1042;1948,990;1989,895;2089,841;
1590,1093;1948,990;1989,895;1320,1327;1339,1283;1375,1280;1493,1094;1936,1088;2204,891;
----Iteration 1----
760,675;952,614;995,599;
200,745;1302,706;1357,674;
1145,833;1567,764;
1567,764;1183,862;1645,641;1656,624;
1567,764;1183,862;1795,676;
1567,764;1795,676;1230,870;1812,672;1858,664;
1567,764;1230,870;1940,695;
1567,764;1230,870;1940,695;636,892;601,944;583,961;1743,706;1953,689;2021,643;2011,666;
1230,870;655,980;671,936;844,933;1634,808;2128,765;
844,933;1634,808;724,1038;766,1022;826,952;859,918;1012,902;1389,896;1401,854;1468,835;1539,823;1835,802;1916,794;2170,744;2152,791;
----Iteration 2----
1140,691;1356,631;1350,681;1419,552;
1489,810;1651,746;1700,707;1694,743;
1251,900;1852,875;1867,873;1911,843;1920,836;
1687,949;1707,925;1944,915;1995,871;2003,862;
2111,1007;2346,965;
1211,1052;1706,1031;2405,1020;2435,970;2455,928;
1216,1099;2464,1075;2522,878;
2012,1198;2532,1095;2555,1090;2613,992;2664,891;2639,973;
2012,1198;1990,1242;2092,1162;2443,1132;2580,1103;2633,1003;2707,972;2695,984;2744,967;2850,940;2839,964;
2443,1132;2051,1267;2078,1237;2113,1180;2388,1143;2636,1115;2827,1114;2837,1096;2877,1024;2864,1047;2879,1018;
----Iteration 3----
1263,546;1398,-259;1414,-306;
1263,546;1398,-259;1414,-306;1310,481;1320,438;1370,388;1428,-413;1443,-498;
1456,893;1509,834;1617,612;1700,602;1740,573;1824,366;
1620,905;1661,882;1968,816;2025,736;2011,760;
1667,911;2073,864;2105,818;2136,771;
1667,911;2073,864;1381,927;2423,824;
1667,911;2073,864;2423,824;1414,1016;1443,997;1523,963;1562,926;2610,791;
1667,911;2073,864;1618,1063;1639,1033;1646,957;1723,898;2673,837;
2073,864;2673,837;1756,1126;1766,1094;1796,1092;1806,1049;1843,974;2749,789;
2673,837;2749,789;1783,1184;1801,1152;1876,1088;1920,1058;1997,997;2324,943;2654,861;2688,823;2696,800;2744,796;2757,787;
----Iteration 4----
740,376;765,315;781,265;834,120;950,25;1075,15;1096,-30;
740,376;864,325;1217,314;1236,312;1307,239;1315,194;
740,376;1307,239;1315,194;941,357;951,341;1261,331;1346,185;1400,151;
916,575;942,526;1188,519;1200,487;1233,441;1271,363;1525,359;
1188,519;1200,487;524,688;1142,631;1164,600;1181,543;1192,513;1285,452;1611,431;
524,688;1142,631;1164,600;562,637;1321,581;1455,511;1661,482;1645,484;1678,393;1720,314;1722,286;1745,271;
1661,482;1645,484;1185,689;1525,651;1540,631;1561,604;1601,561;1709,446;1771,408;1804,321;
1185,689;979,808;1156,800;1160,769;1536,688;1759,645;1932,597;1916,640;1919,612;
2154,867;2238,841;
2404,1021;2410,998;2500,961;
----Iteration 5----
940,798;1010,754;1007,792;1126,171;1116,226;1085,247;
1022,861;1156,829;1475,603;1489,535;
1022,861;1156,829;915,891;1195,775;1223,760;1272,737;1324,659;1378,649;1688,636;1748,620;1769,539;
892,973;967,901;976,887;1430,881;1468,879;1769,608;1763,642;1748,651;1791,520;
892,973;967,901;1430,881;1468,879;651,992;954,947;1002,900;1519,764;1662,753;1676,750;1751,682;1825,671;1933,657;
1430,881;1468,879;651,992;879,979;999,974;1010,955;1358,946;1359,911;2060,850;
1430,881;1468,879;1358,946;1359,911;2060,850;977,1087;1274,1054;1382,910;1426,907;2124,815;2125,780;
2124,815;2125,780;1073,1199;1331,1180;1388,1157;1425,1145;1435,1135;1674,963;1918,878;2001,863;2074,859;2113,858;2157,770;2164,744;
1347,1323;1546,1308;1609,1145;1812,1074;1942,986;2245,719;2229,938;2225,983;
1546,1308;2245,719;2229,938;2225,983;1301,1456;1373,1409;1487,1361;1510,1346;1528,1311;1635,1247;1818,1195;1895,1176;2172,1149;
----Iteration 6----
184,335;1228,262;1382,-228;1421,-238;
1228,262;1055,464;1362,259;1460,-1;1476,-173;
313,598;325,593;346,550;1124,493;1262,475;1298,412;1528,371;1718,321;1696,338;1759,225;1770,212;
2013,825;2026,818;2207,412;
2013,825;2026,818;1798,886;2209,591;2204,592;2319,557;2333,546;
2013,825;2026,818;2333,546;1819,917;1847,886;1902,858;2078,795;2258,631;2320,597;2411,490;2393,537;
2013,825;2026,818;1819,917;1847,886;1902,858;2078,795;2258,631;2581,604;2594,581;
2013,825;2026,818;1819,917;1847,886;1902,858;2078,795;2655,670;2674,656;
2013,825;2026,818;1819,917;1847,886;1902,858;2078,795;2672,727;2676,687;
1819,917;1847,886;1902,858;1783,1077;1883,864;2737,844;2738,813;2746,804;
----Iteration 7----
1300,332;1619,304;
1300,332;1619,304;1643,302;1783,275;
1300,332;1619,304;1643,302;1783,275;1796,260;1817,233;
1300,332;1619,304;1643,302;1783,275;1796,260;1954,235;2015,123;1998,138;2021,120;
1164,410;1211,394;1935,390;1993,303;1999,294;2076,151;2068,196;2069,158;
1881,536;1915,520;1960,459;1992,438;2037,365;2064,266;2131,198;
1881,536;1195,562;1958,520;2113,488;2178,467;2221,185;2267,164;
2447,653;
2447,653;2523,650;2533,648;
1080,768;1082,762;1088,752;1350,719;1376,715;1408,694;2456,667;2599,653;2618,639;
----Iteration 8----
1641,699;
1718,747;1731,736;1730,742;1797,703;
1718,747;1730,742;1797,703;1663,826;1764,738;1886,697;1901,665;
1718,747;1730,742;1663,826;1764,738;1886,697;1901,665;1815,720;
1718,747;1730,742;1663,826;1764,738;1886,697;1815,720;1796,733;2004,683;2025,635;2045,592;
1663,826;1319,859;1402,852;2177,768;
1036,1049;1136,1003;2243,924;
2270,1109;2303,1066;2396,723;2510,692;2491,722;
2270,1109;2303,1066;1436,1300;1439,1163;1454,1154;2292,1086;2345,1014;2397,1010;2506,869;2478,908;2541,704;2581,680;
2270,1109;2303,1066;1436,1300;1454,1154;2292,1086;2581,680;1449,1243;1461,1142;1728,1127;1871,1117;2375,1059;2492,1044;2511,997;2527,935;2535,926;2556,893;2653,630;2680,629;2701,586;2703,557;
----Iteration 9----
512,672;1071,612;1120,577;1140,561;1188,525;
1391,838;
1389,859;1454,847;
1389,859;1454,847;1567,591;1535,622;1604,579;1645,516;1650,509;
1389,859;1454,847;1604,685;1795,612;
1389,859;1454,847;233,861;1755,750;1897,744;1952,630;
1389,859;1454,847;233,861;1897,744;1805,768;1927,741;1972,713;2023,674;2093,651;2106,642;
1389,859;1454,847;1897,744;1805,768;1927,741;1972,713;403,868;2122,686;2263,670;
1389,859;1454,847;1897,744;1805,768;1927,741;1972,713;2122,686;2263,670;1118,927;2296,641;2302,609;
1389,859;1454,847;1118,927;608,939;809,931;2211,815;2349,681;
