----Iteration 4----
x_Moead_Rfts_Worst=[1657, 1622, 1120, 957, 1122, 1200, 846, 1130, 929, 1004, 910, 1676, 1532, 1573, 1934, 1993, 2045, 791, 765, 1358, 1258, 1153, 782, 1399, 1355, 1306, 793, 1406, 1286, 1318, 1369, 1368, 1727, 1407, 1720, 1568, 1861, 1718, 1795, 1882, 1990, 1905, 1978, 1917, 2021, 1966, 2121]
y_Moead_Rfts_Worst=[714, 699, 1484, 698, 1484, 1442, 906, 1424, 206, 237, 671, 1376, 1254, 1087, 923, 710, 556, 736, 861, 1363, 1409, 1458, 788, 1180, 1364, 1422, 659, 1118, 1398, 1414, 1425, 1135, 1337, 1021, 659, 853, 1299, 1180, 575, 518, 675, 1289, 423, 1020, 634, 888, 532]
z_Moead_Rfts_Worst=[1510, 1576, 1361, 2092, 1294, 1609, 2057, 1697, 2160, 2056, 2134, 1030, 1653, 1560, 1121, 1488, 1592, 2240, 2108, 1876, 1697, 1582, 2282, 1975, 1879, 1629, 2180, 1997, 1933, 1645, 1385, 2051, 921, 1849, 1910, 1861, 1244, 1443, 1983, 1859, 1584, 1276, 1699, 1353, 1671, 1194, 1624]
----Iteration 5----
x_Moead_Rfts_Worst=[1365, 1249, 1413, 1871, 1288, 1358, 1250, 1124, 1111, 1234, 1322, 1264, 1340, 1340, 1405, 1527, 1611, 1406, 1555, 1568, 1598, 1619, 1746, 2063, 1781, 1840, 1968, 1857, 1858, 2071, 2201, 1898, 2058, 2206, 2224, 2209]
y_Moead_Rfts_Worst=[14, 775, 777, 517, 19, 190, 418, 490, 501, 777, 873, 958, 937, 900, 34, -7, 745, 795, 386, 693, 761, 744, 699, 158, 648, 739, 356, 709, 596, 347, 466, 500, 357, 524, 500, 560]
z_Moead_Rfts_Worst=[2595, 2040, 1908, 2346, 2682, 2626, 2399, 2390, 2357, 2041, 2026, 1949, 1934, 2007, 2586, 2603, 2293, 1950, 2460, 2322, 1964, 1998, 1792, 2550, 2227, 1572, 2581, 1582, 2152, 2537, 1935, 2384, 2513, 1905, 1857, 1849]
----Iteration 6----
x_Moead_Rfts_Worst=[1925, 2080, 2113, 1392, 1548, 1426, 1926, 1822, 1906, 1872, 2063, 1880, 2062, 1968, 1940, 1956, 1989, 2049, 2041, 2076, 2168]
y_Moead_Rfts_Worst=[1598, 1785, 1644, 1901, 1272, 1865, 1921, 1784, 1739, 1880, 1868, 1733, 1815, 1539, 1744, 1697, 1884, 1849, 1941, 1585, 1519]
z_Moead_Rfts_Worst=[1690, 1324, 1253, 1587, 1935, 1647, 1444, 1729, 1744, 1644, 1486, 1930, 1531, 1774, 1652, 1667, 1604, 1506, 1402, 1771, 1546]
----Iteration 0----
x_Moead_Rfts_Worst=[1446, 1630, 1716, 1883, 2272, 2257, 2309, 2388, 1408, 1580, 1551, 1730, 1673, 1876, 1990, 1771, 1901, 2024, 1818, 1826, 2068, 1956, 1853, 2093, 2021, 2245, 2260, 2310, 2185, 2325, 2361, 2333, 2320, 2405]
y_Moead_Rfts_Worst=[1355, 1299, 1296, 1099, 1240, 1155, 963, 923, 1073, 1012, 1379, 1435, 1289, 1582, 1570, 909, 1570, 1626, 1182, 1340, 1586, 1069, 1206, 1520, 977, 1374, 1396, 921, 1519, 1186, 905, 1106, 1109, 908]
z_Moead_Rfts_Worst=[2126, 2160, 2173, 2107, 1797, 1812, 1938, 1875, 2282, 2242, 2117, 2098, 2201, 2012, 1843, 2162, 1904, 1824, 2144, 2118, 1841, 2020, 2019, 1769, 1965, 1895, 1745, 1977, 1697, 1692, 2037, 1903, 1804, 1855]
----Iteration 7----
x_Moead_Rfts_Worst=[2030, 1819, 1852, 1833, 1950, 2121, 2088, 2078, 2122, 2167, 2127, 2166, 2111, 1154, 1244, 1432, 1485, 1789, 1537, 1592, 1556, 1853, 1931, 1538, 1912, 1937, 1977, 1930, 1953, 2017, 2013, 2017, 2076, 2224, 2064, 2140, 2244, 2183, 2251, 2237]
y_Moead_Rfts_Worst=[1315, 1335, 1568, 1550, 1403, 1310, 1279, 1361, 1204, 1312, 1088, 1381, 1395, 1180, 1186, 1419, 1587, 1572, 1423, 1308, 1514, 1463, 1575, 1376, 1537, 1501, 1575, 1407, 1365, 1623, 1574, 1576, 1309, 1308, 1581, 1048, 1124, 1012, 1170, 1249]
z_Moead_Rfts_Worst=[1674, 1949, 1838, 1911, 1799, 1703, 1747, 1612, 1764, 1631, 1802, 1548, 1611, 2116, 2105, 2052, 2041, 1871, 2039, 2019, 1942, 1935, 1791, 2001, 1824, 1778, 1751, 1861, 1792, 1693, 1738, 1694, 1727, 1545, 1658, 1815, 1664, 1834, 1652, 1501]
----Iteration 3----
x_Moead_Rfts_Worst=[1926, 2090, 2026, 1317, 1497, 1494, 1575, 1595, 1908, 1973, 2005, 2020, 2023, 1984, 1977, 2023, 2042, 2057, 2085, 1488, 1492, 1097, 1245, 1643, 1651, 1642, 1633, 1394, 1532, 1690, 1870, 1857, 1890, 1904, 1740, 1761, 1820, 2045, 2031, 2131, 2128, 2114, 2056, 2206]
y_Moead_Rfts_Worst=[977, 936, 1117, 1494, 668, 709, 1627, 1394, 903, 1200, 1165, 860, 970, 1187, 1225, 1051, 1128, 1095, 1047, 667, 753, 1331, 1203, 1389, 1569, 1542, 690, 1398, 1430, 1504, 829, 893, 1129, 806, 1245, 1438, 1186, 827, 915, 1397, 1084, 925, 953, 1327]
z_Moead_Rfts_Worst=[1581, 1524, 1446, 1591, 2053, 2008, 1506, 1694, 1900, 1422, 1528, 1918, 1740, 1436, 1394, 1534, 1380, 1487, 1450, 2117, 1979, 1930, 2001, 1913, 1408, 1436, 2013, 1659, 1628, 1360, 1971, 1950, 1881, 1978, 1779, 1205, 1846, 1910, 1860, 1093, 1321, 1753, 1737, 1219]
----Iteration 2----
x_Moead_Rfts_Worst=[2011, 2085, 1413, 1561, 1477, 1472, 1343, 1526, 1515, 1519, 1594, 1682, 1637, 1644, 1706, 1810, 1818, 1699, 1943, 2003, 1972, 2006, 2046, 2012, 2069, 2220]
y_Moead_Rfts_Worst=[888, 898, 798, 1328, 1416, 1476, 809, 1442, 1004, 1201, 1341, 1153, 1180, 1307, 1311, 1383, 1359, 1147, 1356, 1367, 1324, 920, 877, 1319, 1268, 863]
z_Moead_Rfts_Worst=[2067, 2011, 2333, 2173, 1936, 1899, 2319, 1908, 2272, 2190, 2087, 2162, 2120, 2084, 2009, 1993, 1914, 2138, 1915, 1891, 1944, 2102, 2115, 1964, 2040, 2289]
----Iteration 1----
x_Moead_Rfts_Worst=[1900, 2017, 2019, 1927, 1819, 1826, 2218, 2139, 2528, 1754, 1800, 1761, 1811, 1795, 1763, 1953, 2050, 1908, 2143, 2151, 2034, 1959, 2099, 2112, 2017, 2174, 2196, 2170, 2186, 2264, 2227, 2412, 2510, 2475, 2499, 2458, 2526, 2490, 2566, 2492, 2587, 2638, 2606]
y_Moead_Rfts_Worst=[1464, 1449, 1451, 1447, 1484, 1581, 1646, 1374, 1186, 1418, 1453, 1522, 1625, 1512, 1543, 1662, 1388, 1578, 1866, 1358, 1400, 1563, 1398, 1342, 1661, 1685, 1341, 1652, 1684, 1700, 1284, 1070, 1433, 1746, 1434, 1308, 1771, 1226, 1699, 1287, 1673, 1786, 1750]
z_Moead_Rfts_Worst=[1978, 1790, 1743, 2012, 2104, 1914, 1595, 1968, 1744, 2151, 2137, 2052, 2028, 2097, 2051, 1766, 2041, 1962, 1713, 1964, 1993, 1965, 2011, 1993, 1789, 1664, 1934, 1674, 1641, 1569, 1876, 1943, 1561, 1540, 1649, 1839, 1526, 1902, 1531, 1832, 1542, 1518, 1527]
----Iteration 8----
x_Moead_Rfts_Worst=[1119, 866, 1046, 923, 917, 989, 1075, 1242, 1347, 1329, 1602, 1411, 1255, 1320, 1690, 1863, 1873, 2082, 813, 802, 718, 803, 1045, 1686, 1063, 1691, 1670, 1842, 2142, 1954, 2448, 2453, 2434, 875, 821, 876, 745, 680, 909, 1031, 1530, 1374, 971, 912, 986, 1267, 1075, 1016, 1191, 1851, 1684, 1592, 1953, 1961, 2154, 1976, 1970, 2149, 2202, 2433, 2260, 2408, 2401]
y_Moead_Rfts_Worst=[1422, 1029, 1292, 1427, 1691, 1665, 1609, 1283, 1602, 1679, 799, 1153, 1266, 1599, 767, 1334, 1274, 1065, 1423, 1476, 1569, 1491, 1746, 733, 1654, 1515, 1528, 1396, 887, 1298, 853, 918, 807, 1389, 1462, 1660, 1645, 1696, 1742, 1762, 962, 995, 1418, 1647, 1642, 1094, 1292, 1372, 1582, 685, 1406, 1558, 668, 1264, 1093, 1141, 1219, 1182, 1015, 896, 1010, 839, 939]
z_Moead_Rfts_Worst=[1445, 1940, 1903, 1682, 1270, 1441, 1420, 1871, 1151, 1081, 2035, 1798, 1847, 1175, 1920, 1646, 1639, 1601, 1840, 1801, 1773, 1722, 1258, 1976, 1369, 1346, 1331, 1647, 1829, 1575, 1802, 1742, 1826, 1895, 1817, 1586, 1608, 1553, 1420, 1236, 2062, 2074, 1845, 1576, 1444, 1915, 1758, 1793, 1242, 1929, 1425, 1298, 1984, 1781, 1512, 1896, 1788, 1562, 1663, 1791, 1736, 1867, 1789]
----Iteration 9----
x_Moead_Rfts_Worst=[1706, 1629, 1247, 1190, 1435, 1329, 1396, 1732, 1787, 1803, 2095, 2146, 2140, 1260, 1244, 1348, 1293, 1200, 1160, 1156, 1222, 1329, 1310, 1377, 1310, 1357, 1324, 1463, 1608, 1632, 1479, 1920, 1569, 1764, 1719, 2080, 1929, 1749, 1863, 2043, 2255, 2206, 2335, 2276]
y_Moead_Rfts_Worst=[1176, 728, 776, 1025, 1232, 447, 503, 622, 683, 693, 1006, 939, 941, 512, 481, 841, 853, 980, 1118, 1167, 1217, 1309, 1306, 1247, 558, 806, 1084, 1165, 593, 581, 878, 990, 1153, 1147, 678, 1100, 1138, 637, 1040, 988, 894, 816, 861, 908]
z_Moead_Rfts_Worst=[1710, 2431, 2680, 2479, 1706, 2749, 2722, 2516, 2491, 2438, 1873, 2391, 2353, 2706, 2733, 2638, 2580, 2618, 2489, 2477, 2412, 2201, 2219, 1820, 2698, 2631, 2417, 2252, 2620, 2588, 2560, 2315, 1862, 1766, 2536, 1897, 1825, 2501, 2300, 1927, 2421, 2428, 2378, 2415]
----End of Run----
