----Iteration 1----
memory=162.2890625,164.62109375,166.2109375,167.66796875,168.96484375,170.453125,172.0859375,173.5234375,174.5,175.51171875
time=9.466347455978394,6.334356784820557,8.453095197677612,7.219637870788574,5.68967342376709,5.7303619384765625,6.321728229522705,5.157892227172852,5.632073640823364,6.196105241775513
----Iteration 0----
memory=162.23046875,164.7890625,166.640625,168.07421875,170.16796875,171.75,173.3515625,174.41015625,175.52734375,176.05859375
time=9.23876404762268,7.806818723678589,8.804673671722412,7.439972162246704,7.964911460876465,6.2453062534332275,5.940996170043945,5.241822719573975,7.185388565063477,5.561692476272583
----Iteration 5----
memory=160.62890625,164.73828125,166.67578125,168.0078125,169.95703125,171.29296875,173.22265625,174.4140625,175.47265625,176.2734375
time=7.76925253868103,9.210535764694214,8.70526123046875,7.033282041549683,8.3499174118042,5.1021199226379395,7.184170961380005,6.009471893310547,6.31200098991394,6.5681047439575195
----Iteration 7----
memory=162.33984375,165.00390625,166.52734375,168.01171875,169.1640625,170.5546875,172.51171875,174.53515625,175.41015625,176.296875
time=9.33547854423523,9.305595397949219,6.641329526901245,7.51633620262146,5.426929473876953,5.805848836898804,7.515195369720459,7.048031568527222,5.878551721572876,7.661566257476807
----Iteration 6----
memory=163.31640625,165.0859375,167.19140625,168.8359375,169.90234375,171.68359375,173.328125,174.4375,175.6953125,176.328125
time=10.998313188552856,8.540687084197998,9.231617212295532,6.25411057472229,5.551151990890503,6.519329071044922,6.288643836975098,5.734578609466553,8.117820262908936,5.58974027633667
----Iteration 4----
memory=161.15234375,164.84765625,166.37109375,168.8515625,170.1484375,171.59765625,173.0078125,174.828125,175.81640625,176.51953125
time=8.152789831161499,9.04232144355774,7.344344615936279,9.818338394165039,6.3771867752075195,5.649389028549194,5.964762210845947,8.409172773361206,7.34623646736145,5.37123703956604
----Iteration 3----
memory=162.33984375,164.6796875,165.76171875,168.0234375,169.625,172.0,173.84765625,175.1796875,175.88671875,176.515625
time=9.228416681289673,7.617984294891357,6.440132141113281,8.971990823745728,7.2344677448272705,9.451896667480469,7.7025837898254395,6.917230606079102,6.367769241333008,4.892106533050537
----Iteration 2----
memory=160.23828125,164.45703125,166.60546875,168.48046875,169.41796875,171.79296875,173.4453125,175.515625,176.1015625,176.62890625
time=7.1715989112854,8.575625896453857,9.281450986862183,9.223362445831299,5.082285404205322,8.567925453186035,7.803007364273071,9.465306997299194,6.013170957565308,6.222858905792236
----Iteration 9----
memory=176.6171875,176.74609375,176.7265625,176.75,176.890625,176.75,176.75390625,176.859375,176.859375,176.93359375
time=4.69498610496521,2.107633352279663,1.5226097106933594,1.5528216361999512,1.237729549407959,1.6239979267120361,1.8140952587127686,1.1909031867980957,1.2368056774139404,1.5181984901428223
----Iteration 8----
memory=176.59765625,176.73828125,176.78515625,176.78515625,176.75,176.86328125,176.859375,176.859375,176.93359375,177.0546875
time=9.03366494178772,3.036681890487671,2.0256423950195312,1.6480989456176758,1.9085967540740967,2.51335072517395,2.08728289604187,1.3071928024291992,1.4327843189239502,0.624230146408081
