----Iteration 6----
x_Moead_Rfts_Worst=[134, 86, 776, 796, 822, -141, -171, 64, 211, 80, 8, 101, 521, 499, 666, 667, 620, 770, 1167, 1088, 1064, -92, -139, 172, 140, -94, 699, 555, 463, 748, 633, 733, 630, 806, 783, 711, 717, 799, 737, 905, 888, 851, 959, 1050, 950, 934, 1015, 1191, -75, -138, 219, -70, 155, -41, 624, -13, 519, 196, 569, 666, 471, 651, 596, 739, 723, 754, 690, 796, 747, 948, 906, 796, 757, 862, 902, 1007, 1029, 1112, 1047, 1237, 1081, 1121, 1187]
y_Moead_Rfts_Worst=[674, 758, 346, 306, 366, 550, 659, 852, 225, 816, 1088, 1333, 499, 676, 698, 727, 806, 328, 280, 574, 614, 676, 683, 231, 879, 1266, 214, 246, 824, 230, 390, 807, 950, 164, 205, 679, 907, 276, 800, 1011, 468, 998, 942, 101, 958, 992, 623, 528, 554, 700, 814, 1090, 1028, 1176, 197, 899, 358, 926, 1158, 1201, 1364, 214, 1166, 1280, 245, 176, 265, 225, 300, 199, 274, 558, 788, 901, 1104, 961, 717, 191, 925, 559, 846, 61, 459]
z_Moead_Rfts_Worst=[1191, 1184, 958, 913, 880, 1291, 1248, 1171, 1304, 1148, 1045, 488, 1066, 1078, 932, 827, 840, 967, 582, 578, 596, 1194, 1244, 1291, 1090, 785, 1185, 1127, 953, 1143, 1055, 775, 814, 1094, 1111, 946, 757, 957, 795, 230, 849, 446, 305, 975, 319, 290, 845, 331, 1289, 1218, 1142, 1184, 1052, 1060, 1283, 1146, 1222, 1072, 893, 810, 284, 1235, 854, 750, 1146, 1166, 1082, 1100, 1048, 1063, 994, 854, 790, 586, 83, -21, 778, 959, 97, 288, 19, 946, 495]
----Iteration 1----
x_Moead_Rfts_Worst=[453, 724, 885, 1125, 1194, 1186, 463, 510, 455, 475, 419, 929, 663, 655, 862, 887, 753, 927, 991, 1091, 1089, 1139, 1162, 1264, 1300, 463, 244, 292, 257, 299, 276, 279, 502, 391, 543, 644, 398, 473, 829, 1074, 594, 671, 732, 832, 1009, 755, 815, 802, 895, 1100, 1077, 1057, 1039, 1075, 1157, 1226, 1370]
y_Moead_Rfts_Worst=[610, 844, 777, 844, 447, 589, 1067, 577, 1019, 1062, 1023, 1025, 784, 890, 831, 999, 794, 916, 919, 589, 759, 570, 823, 655, 627, 516, 968, 933, 941, 1014, 1123, 1129, 527, 846, 499, 701, 797, 925, 1108, 1136, 742, 914, 927, 1098, 1209, 782, 518, 950, 1050, 1192, 577, 666, 738, 603, 931, 529, 559]
z_Moead_Rfts_Worst=[1573, 1385, 872, 519, 1136, 854, 992, 1545, 998, 988, 1076, 783, 1398, 1298, 866, 825, 1304, 791, 680, 1213, 1047, 1086, 586, 761, 750, 1620, 1367, 1346, 1270, 1101, 880, 834, 1568, 1657, 1513, 1489, 1711, 1322, 889, 546, 1497, 1241, 1203, 956, 560, 1325, 1318, 980, 737, 530, 1253, 1215, 1129, 1195, 496, 1133, 1068]
----Iteration 5----
x_Moead_Rfts_Worst=[778, 1382, 376, 525, 696, 820, 863, 1018, 1266, 1280, 1333, 1364, 353, 351, 344, 390, 594, 515, 561, 513, 544, 801, 859, 1247, 1176, 1289, 1349, 1305, 1403, 1431, 1460, 319, 531, 733, 318, 295, 292, 187, 413, 553, 805, 642, 825, 881, 783, 464, 866, 898, 780, 1109, 1008, 873, 1143, 1206, 1183, 1172, 1173, 1226, 1224, 1361, 1330, 1368, 1374, 1418, 1412, 1436, 1438]
y_Moead_Rfts_Worst=[873, 475, 718, 683, 656, 878, 934, 644, 515, 499, 501, 520, 669, 644, 986, 978, 1043, 1104, 730, 879, 968, 869, 729, 764, 806, 541, 444, 824, 789, 759, 716, 649, 494, 562, 973, 1000, 1023, 1112, 1085, 1102, 1051, 503, 528, 587, 814, 899, 1036, 557, 846, 1016, 688, 848, 1005, 451, 766, 963, 953, 541, 606, 506, 819, 876, 759, 851, 905, 446, 481]
z_Moead_Rfts_Worst=[886, 1033, 1207, 1150, 1126, 850, 725, 1101, 928, 1079, 1064, 905, 1224, 1310, 1097, 1048, 900, 800, 1138, 1089, 993, 880, 978, 966, 957, 923, 1076, 853, 749, 495, 466, 1307, 1422, 1377, 1164, 1238, 1174, 1091, 1037, 965, 648, 1385, 1300, 1292, 1120, 1162, 594, 1284, 887, 468, 1056, 815, 506, 1187, 903, 484, 420, 1150, 1007, 1022, 745, 649, 883, 713, 630, 1020, 1009]
----Iteration 3----
x_Moead_Rfts_Worst=[706, 924, 526, 373, 692, 436, 741, 714, 886, 643, 711, 794, 789, 777, 779, 898, 961, 921, -21, 290, 536, 524, 540, 467, 417, 698, 488, 440, 428, 604, 889, 746, 758, 811, 817, 836, 987, 1079, 992, 1048, 549, 521, -11, 211, 244, 95, 281, 357, 375, 674, 689, 696, 678, 213, 445, 729, 697, 539, 533, 695, 881, 724, 555, 842, 747, 779, 794, 835, 956, 906, 1048, 927, 1034, 952, 1014, 939, 975, 1055, 1021, 1042, 1099]
y_Moead_Rfts_Worst=[942, 1135, 361, 865, 359, 708, 339, 380, 1134, 644, 1048, 361, 996, 1139, 1290, 1054, 407, 1137, 965, 1165, 352, 408, 458, 1088, 1116, 317, 739, 970, 1072, 1092, 1112, 272, 1176, 679, 671, 757, 947, 984, 458, 500, 397, 521, 924, 990, 1021, 1089, 1147, 1176, 1198, 1384, 1278, 286, 393, 923, 1068, 1277, 328, 651, 807, 1212, 724, 920, 1003, 1260, 674, 794, 1086, 1246, 1005, 1022, 1125, 287, 1071, 629, 1036, 275, 970, 1023, 971, 1023, 591]
z_Moead_Rfts_Worst=[1373, 863, 1847, 1633, 1763, 1766, 1760, 1762, 1090, 1683, 1273, 1686, 1364, 1269, 1056, 1264, 1361, 956, 1664, 1476, 1855, 1867, 1775, 1525, 1551, 1806, 1757, 1567, 1543, 1433, 1110, 1758, 1209, 1623, 1654, 1487, 1302, 1084, 1247, 1174, 1830, 1825, 1677, 1636, 1593, 1558, 1488, 1450, 1392, 1169, 1065, 1815, 1821, 1659, 1561, 1236, 1782, 1745, 1709, 1339, 1595, 1503, 1444, 1129, 1672, 1627, 1235, 1159, 1358, 1334, 1063, 1615, 1124, 1557, 1147, 1560, 1292, 1081, 1238, 1160, 1150]
----Iteration 2----
x_Moead_Rfts_Worst=[165, 145, 430, 549, 430, 831, 382, 423, 32, 295, 242, 578, 657, 403, 361, 436, 601, 796, 863, 783, 822, 345, 64, 159, -12, 300, 570, 611, 608, 641, 631, 485, 649, 558, 694, 786, 785, 883, 542, 232, -48, 12, 528, 177, 144, 114, 573, 293, 449, 333, 197, 234, 258, 376, 565, 569, 404, 665, 674, 541, 658, 758, 688, 650, 698, 784, 678, 738, 714, 801, 861, 813, 809, 806, 974, 996, 1029]
y_Moead_Rfts_Worst=[1573, 1515, 1539, 1529, 1383, 556, 1107, 1110, 1582, 1176, 1539, 879, 842, 1089, 1119, 1173, 1191, 1153, 586, 1180, 844, 1122, 1549, 1597, 1553, 1546, 888, 771, 872, 1558, 1483, 1130, 1157, 1507, 1189, 828, 1366, 1212, 830, 1147, 1511, 1547, 782, 1323, 1395, 1574, 737, 1508, 1543, 1096, 1260, 1389, 1492, 1478, 1604, 911, 954, 1558, 1049, 1535, 1426, 814, 820, 1091, 1484, 796, 927, 1138, 1366, 793, 1407, 1403, 991, 777, 1117, 1117, 1095]
z_Moead_Rfts_Worst=[801, 804, 617, 498, 817, 1089, 1003, 938, 997, 1025, 767, 1342, 1331, 991, 928, 831, 754, 619, 1080, 649, 845, 1021, 996, 706, 1084, 598, 1384, 1379, 1361, 356, 473, 876, 813, 505, 801, 1215, 580, 520, 1413, 1342, 1135, 1051, 1426, 1351, 1357, 962, 1423, 882, 556, 1496, 1336, 1243, 1023, 783, 475, 1387, 1415, 282, 1179, 755, 664, 1275, 1287, 948, 199, 1299, 1201, 871, 682, 1355, 515, 544, 1168, 1325, 815, 813, 798]
----Iteration 7----
x_Moead_Rfts_Worst=[713, 917, 1172, 1176, 1105, 1149, 1227, 1210, 1329, 938, 907, 877, 628, 614, 702, 711, 761, 798, 887, 960, 814, 958, 1006, 918, 906, 1074, 1123, 1065, 941, 1213, 1123, 1282, 1192, 1267, 1220, 1216, 1310, 1234, 1307, 1377, 1369, 1334, 1348, 1397, 1433, 1398]
y_Moead_Rfts_Worst=[1578, 1601, 1247, 1226, 1263, 1427, 1336, 1378, 1222, 838, 896, 979, 1206, 1289, 1257, 1300, 1680, 1618, 1627, 887, 1640, 1620, 1620, 1069, 1244, 1487, 1550, 1022, 1058, 1331, 943, 1220, 1398, 1444, 1199, 1303, 1496, 1057, 1396, 1164, 1195, 1380, 1203, 1326, 1172, 1201]
z_Moead_Rfts_Worst=[1368, 1350, 1302, 1303, 1327, 1121, 1158, 1125, 1246, 1651, 1690, 1608, 1517, 1620, 1490, 1469, 1303, 1319, 1262, 1625, 1313, 1283, 1233, 1499, 1396, 1212, 1201, 1564, 1600, 1243, 1623, 1339, 1174, 1111, 1451, 1190, 944, 1381, 1124, 1229, 1231, 911, 1248, 950, 1204, 1194]
----Iteration 4----
x_Moead_Rfts_Worst=[1032, 1076, 490, 723, 1115, 1099, 1155, 259, 237, -115, 452, 213, 369, 339, 211, 499, 435, 883, 901, 904, 1124, 1130, 1079, 1043, 1091, 1184, 1141, 422, 369, -116, -13, 111, 44, 551, 479, 360, 62, -3, 589, 589, 203, 302, 289, 812, 532, 818, 639, 557, 522, 861, 866, 1150, 915, 1027, 1091, 1074, 1036, 1229, 1313, 1250]
y_Moead_Rfts_Worst=[466, 521, 731, 496, 848, 760, 83, 506, 530, 944, 999, 923, 394, 462, 664, 670, 768, 820, 810, 813, 911, 472, 775, 432, 203, 381, 146, 137, 433, 814, 1196, 1075, 1141, 104, 270, 845, 1072, 1237, 110, 582, 1066, 1043, 843, 883, 971, 480, 533, 774, 976, 391, 334, 975, 338, 834, 920, 748, 437, 517, 229, 464]
z_Moead_Rfts_Worst=[1007, 977, 1289, 1197, 840, 842, 1257, 1587, 1524, 1394, 803, 1497, 1585, 1529, 1567, 1298, 1143, 964, 891, 867, 810, 995, 968, 1129, 1207, 1173, 1237, 1667, 1577, 1528, 1110, 1283, 1160, 1641, 1626, 1418, 1326, 1041, 1593, 1464, 1237, 1118, 1419, 930, 959, 1486, 1403, 983, 1129, 1498, 1571, 722, 1422, 853, 740, 988, 1343, 865, 1160, 823]
----Iteration 0----
x_Moead_Rfts_Worst=[187, 81, 298, 457, 948, 1035, 508, 725, 758, 684, 956, 961, 977, 1041, 1049, 350, 419, 128, 448, 44, 212, 289, 5, 507, 552, 462, 595, 710, 767, 411, 577, 591, 810, 861, 844, 865, 823, 848, 942, 856, 945, 994, 937, 1047, 971, 997, 1028]
y_Moead_Rfts_Worst=[524, 610, 1146, 470, 821, 705, 444, 1069, 1056, 1043, 790, 777, 776, 693, 657, 514, 374, 597, 370, 621, 845, 820, 1034, 304, 298, 522, 1016, 1118, 243, 644, 948, 980, 948, 182, 914, 1025, 579, 907, 976, 864, 571, 757, 813, 673, 810, 754, 749]
z_Moead_Rfts_Worst=[1521, 1564, 512, 1577, 1096, 1261, 1540, 726, 1018, 1084, 1287, 1305, 1219, 1292, 1228, 1564, 1647, 1559, 1610, 1563, 1518, 1482, 1118, 1552, 1549, 1544, 1214, 1051, 1559, 1396, 1344, 1295, 1269, 1549, 1327, 1114, 1405, 1347, 1156, 1259, 1511, 1286, 1260, 1393, 1117, 1388, 1380]
----Iteration 9----
x_Moead_Rfts_Worst=[545, 269, 389, 483, 1362, 1337, 471, 280, 433, 376, 467, 1171, 1100, 1342, 1252, 1319, 1309, 1325, 1365, 1386, 385, 341, 504, 918, 666, 703, 902, 961, 1259, 986, 1040, 1322, 1188, 1297, 1269, 1415, 1407, 1444, 1446, 720, 311, 158, 148, 555, 774, 829, 757, 184, 181, 597, 451, 952, 934, 844, 805, 730, 969, 1116, 877, 896, 853, 1181, 1122, 1150, 1027, 970, 859, 1134, 1149, 1245, 1311, 1306, 1289, 1255, 1196, 1560, 1449, 1406, 1508, 1463, 1513]
y_Moead_Rfts_Worst=[932, 1053, 1146, 1030, 738, 750, 943, 1047, 983, 1107, 1100, 931, 831, 614, 883, 802, 827, 795, 728, 779, 1145, 1160, 967, 1024, 1238, 982, 1043, 1029, 342, 891, 971, 855, 915, 445, 867, 723, 544, 657, 625, 861, 994, 1089, 1099, 1331, 833, 813, 914, 1071, 1086, 1381, 1013, 649, 723, 831, 1142, 1206, 632, 673, 742, 1062, 1124, 307, 624, 661, 929, 1006, 1061, 842, 945, 303, 651, 701, 843, 870, 898, 540, 455, 738, 575, 584, 581]
z_Moead_Rfts_Worst=[1065, 1078, 1016, 1026, 751, 698, 1125, 1063, 1123, 1060, 1000, 583, 852, 863, 560, 869, 898, 850, 861, 688, 1034, 987, 1068, 819, 910, 1055, 855, 807, 1007, 722, 547, 708, 557, 1003, 534, 617, 845, 745, 745, 1338, 1207, 1192, 1122, 968, 1276, 1277, 1222, 1185, 1136, 955, 1060, 1175, 1172, 1024, 954, 956, 1124, 1052, 951, 907, 990, 1089, 1073, 1045, 693, 545, 945, 780, 675, 1027, 941, 901, 729, 661, 627, 744, 996, 708, 764, 699, 673]
----Iteration 8----
x_Moead_Rfts_Worst=[907, 752, 789, 568, 765, 821, 809, 890, 953, 459, 501, 412, 765, 704, 907, 739, 796, 989, 970, 1049, 1211, 1302, 503, 426, 375, 334, 297, 450, 543, 446, 645, 394, 813, 480, 419, 661, 800, 760, 835, 1139, 1110, 1185, 1262, 410, 333, 356, 312, 575, 645, 773, 436, 511, 661, 622, 719, 623, 775, 903, 828, 1039, 962, 793, 1003, 1023, 1118, 1073, 1011, 1166, 1103, 1136, 1215, 1194, 1329, 1267, 1300, 1343, 1347]
y_Moead_Rfts_Worst=[1263, 789, 749, 1346, 1423, 1333, 1387, 1307, 1260, 1094, 1144, 1357, 1055, 1693, 696, 1366, 1191, 1136, 1224, 1395, 847, 987, 1056, 1295, 1496, 1620, 1654, 1635, 1662, 1248, 1213, 1361, 701, 1356, 1396, 1297, 1606, 1354, 1587, 931, 938, 835, 1223, 1274, 1423, 1569, 1691, 1743, 1882, 1866, 1521, 1610, 1818, 1486, 1524, 1530, 1712, 1095, 1633, 953, 1031, 1236, 1582, 1596, 889, 1084, 1581, 889, 1027, 1573, 1532, 841, 1344, 1280, 1384, 1342, 1327]
z_Moead_Rfts_Worst=[523, 1025, 1025, 842, 647, 584, 569, 542, 509, 1028, 1015, 1000, 932, 621, 984, 728, 685, 671, 567, 488, 609, 524, 1029, 999, 944, 917, 997, 861, 837, 1054, 992, 953, 989, 974, 922, 831, 541, 738, 499, 889, 976, 660, 596, 1006, 986, 970, 920, 734, 704, 610, 880, 872, 618, 790, 739, 771, 521, 854, 496, 917, 873, 626, 486, 377, 944, 794, 409, 894, 785, 326, 417, 646, 501, 503, 375, 469, 451]
----End of Run----
