----Iteration 1----
220,3689;0,34641;290,-7146;304,-21819;305,-33-95;188,273201;261,27312;-5,233425;221,124203;27,160249;-98,37722;83,426-87;275,159159;80,-69243;80,46208;213,19913;
156,488180;143,492191;117,519226;138,509175;179,502166;195,428395;133,435343;235,463191;131,217424;303,436132;231,410234;353,375115;279,357252;318,366220;377,241353;375,261333;360,344111;
156,488180;117,519226;179,502166;195,428395;235,463191;303,436132;231,410234;353,375115;279,357252;318,366220;360,344111;101,440418;182,448201;123,565158;150,484381;130,500412;103,657342;127,532137;151,456381;101,514399;114,587299;145,511400;205,610115;238,60674;246,320544;171,416432;263,275515;239,523106;243,61070;319,227409;279,509139;280,52683;411,319354;353,215462;353,327378;369,414104;290,44366;428,283362;389,320312;400,277408;426,276402;413,293346;
103,657342;238,60674;243,61070;196,522428;142,599286;192,626187;183,501432;106,591399;133,588321;234,655132;197,683142;232,572400;248,576291;235,601103;510,344464;330,540197;339,518198;506,377485;481,358545;467,485316;465,427464;490,381416;449,463480;
103,657342;106,591399;234,655132;197,683142;232,572400;248,576291;510,344464;506,377485;481,358545;449,463480;164,603326;218,634232;-4,557459;163,568419;131,623366;193,511455;219,560439;358,642104;235,403558;410,547445;296,566262;340,601188;393,552437;501,434488;409,499500;370,608101;500,300515;478,482460;556,527332;392,603129;426,551336;501,266530;512,476429;562,503297;569,465318;542,358338;558,504259;
481,358545;449,463480;-4,557459;131,623366;219,560439;235,403558;410,547445;393,552437;409,499500;500,300515;478,482460;392,603129;501,266530;265,200603;275,482511;109,671419;99,681363;138,682326;266,706235;54,441512;176,574431;286,235550;267,399532;387,522461;350,602426;286,777124;521,452489;191,650345;291,672195;373,633270;376,650171;295,663284;535,567344;374,581378;459,589310;559,413487;592,568336;528,492455;522,575374;590,479417;607,541318;596,514336;617,522318;612,469416;
481,358545;449,463480;-4,557459;219,560439;235,403558;410,547445;393,552437;409,499500;265,200603;275,482511;109,671419;138,682326;54,441512;176,574431;286,235550;267,399532;387,522461;350,602426;521,452489;373,633270;376,650171;295,663284;535,567344;459,589310;528,492455;522,575374;590,479417;612,469416;147,292584;87,699399;210,750264;254,814214;247,821138;308,234592;145,534486;159,672382;109,684390;133,697375;307,776252;315,808185;385,269547;582,370506;383,608390;199,662349;325,698265;361,755207;514,378539;563,422502;334,630298;361,675218;494,431510;437,494484;412,654137;493,616288;538,483467;644,509372;590,373458;617,569341;653,549360;663,514362;651,557279;677,499334;
449,463480;219,560439;235,403558;410,547445;393,552437;409,499500;265,200603;275,482511;267,399532;387,522461;521,452489;373,633270;376,650171;535,567344;528,492455;522,575374;590,479417;612,469416;87,699399;210,750264;254,814214;247,821138;308,234592;145,534486;133,697375;307,776252;315,808185;582,370506;325,698265;361,755207;563,422502;361,675218;494,431510;437,494484;493,616288;538,483467;644,509372;617,569341;653,549360;663,514362;651,557279;163,406603;144,438590;151,479542;215,575471;180,589444;116,697435;124,773369;105,874257;-11,819319;172,452588;165,746361;211,868212;360,382548;434,435507;326,755263;336,794182;526,381534;388,622432;305,668421;349,672409;333,673248;419,774140;407,785129;397,588428;352,654382;430,678141;426,764150;487,514414;581,379580;647,414454;539,607313;564,474440;554,586305;629,410471;699,503363;669,550346;
219,560439;410,547445;393,552437;265,200603;521,452489;535,567344;528,492455;522,575374;590,479417;612,469416;254,814214;247,821138;308,234592;145,534486;133,697375;315,808185;582,370506;325,698265;563,422502;494,431510;538,483467;644,509372;617,569341;653,549360;663,514362;651,557279;163,406603;144,438590;151,479542;215,575471;180,589444;116,697435;124,773369;105,874257;-11,819319;172,452588;165,746361;211,868212;326,755263;336,794182;526,381534;388,622432;305,668421;349,672409;419,774140;407,785129;397,588428;352,654382;426,764150;487,514414;581,379580;647,414454;564,474440;629,410471;699,503363;669,550346;114,678439;104,729408;124,836264;418,464579;306,753292;227,893147;403,779256;483,499536;441,529523;337,683398;351,842120;569,319587;426,630341;463,696282;439,580395;444,724104;605,356533;606,444453;529,675175;614,512413;568,631314;611,598277;702,416392;647,578296;687,370409;685,568278;684,513338;
521,452489;590,479417;612,469416;254,814214;145,534486;133,697375;315,808185;582,370506;325,698265;563,422502;494,431510;538,483467;644,509372;617,569341;653,549360;663,514362;651,557279;116,697435;124,773369;105,874257;165,746361;211,868212;326,755263;336,794182;388,622432;305,668421;349,672409;419,774140;407,785129;426,764150;581,379580;647,414454;564,474440;629,410471;699,503363;669,550346;114,678439;104,729408;124,836264;418,464579;306,753292;227,893147;403,779256;483,499536;441,529523;337,683398;351,842120;463,696282;444,724104;605,356533;606,444453;529,675175;614,512413;568,631314;611,598277;702,416392;647,578296;687,370409;685,568278;684,513338;263,509574;295,492662;40,647512;84,699469;78,715421;85,745400;110,840342;257,878170;464,372592;305,856193;101,625499;181,762331;373,809159;588,367589;393,399589;458,505506;225,641475;539,396557;496,595459;468,658402;515,429524;548,504461;583,654262;475,702228;640,383466;549,578389;575,666200;549,665245;587,606257;633,554316;619,597222;641,596264;683,570278;700,549266;
590,479417;612,469416;254,814214;315,808185;582,370506;325,698265;563,422502;644,509372;617,569341;653,549360;663,514362;651,557279;116,697435;124,773369;105,874257;165,746361;211,868212;326,755263;336,794182;388,622432;305,668421;349,672409;419,774140;407,785129;426,764150;581,379580;647,414454;629,410471;699,503363;669,550346;114,678439;124,836264;418,464579;306,753292;227,893147;403,779256;483,499536;441,529523;337,683398;351,842120;463,696282;605,356533;606,444453;529,675175;614,512413;568,631314;702,416392;647,578296;687,370409;685,568278;684,513338;263,509574;295,492662;40,647512;84,699469;78,715421;85,745400;110,840342;257,878170;464,372592;305,856193;101,625499;373,809159;588,367589;458,505506;225,641475;539,396557;496,595459;468,658402;548,504461;583,654262;475,702228;640,383466;549,578389;575,666200;549,665245;587,606257;633,554316;641,596264;683,570278;700,549266;339,457644;96,516610;171,655488;161,744412;221,830334;167,890213;301,491650;176,656476;262,863195;483,285652;328,498626;239,621500;582,287602;400,438628;373,644437;209,696431;380,799169;464,439562;380,734264;500,762141;519,477525;591,278593;545,515498;542,586484;502,737115;573,489470;566,676116;582,487449;622,534368;624,604283;637,624124;557,634264;632,323500;666,292444;653,589172;
----Iteration 0----
155,436149;231,212298;329,-13135;279,30487;-158,279178;
115,251168;51,402135;58,434133;111,363155;61,416106;112,291161;134,235176;162,360115;215,301148;155,282157;244,317131;213,347150;307,267153;290,236175;292,286128;320,280117;
54,447261;214,515222;285,342197;263,407223;294,328264;303,279290;317,328238;345,323207;
303,279290;59,522337;10,581304;15,621273;56,571294;165,534259;227,578258;250,379354;247,425358;195,616152;260,373373;271,464295;258,530262;401,277235;296,392300;328,371264;401,239280;400,203285;390,362211;
227,578258;195,616152;258,530262;13,660305;0,647341;3,699316;-15,681328;62,638311;19,668282;182,588406;115,640308;332,387455;193,618355;263,401462;182,550451;177,650259;339,390425;246,472426;225,545375;328,505362;340,271395;437,394394;394,424365;
195,616152;3,699316;193,618355;182,550451;177,650259;339,390425;437,394394;172,385521;132,409478;98,620430;76,650424;-2,655400;-48,673359;-2,685338;-41,706307;81,614438;41,668351;185,589433;94,634384;260,338499;386,263498;212,588408;168,667328;262,599367;404,252501;277,589392;301,566415;342,488266;336,540471;506,265459;419,452356;453,364428;420,448385;534,353450;412,461363;565,325445;497,364383;
3,699316;339,390425;168,667328;404,252501;277,589392;301,566415;336,540471;419,452356;453,364428;420,448385;534,353450;412,461363;565,325445;205,377546;195,399533;198,432507;238,453482;102,685471;160,635481;-36,711331;286,405501;218,651455;154,683460;345,351522;432,224563;297,444485;391,618384;525,201626;389,295536;465,219587;405,575286;437,500317;429,525260;563,156566;601,294477;458,494271;649,240470;595,408424;550,377427;675,257444;630,455336;
336,540471;238,453482;102,685471;286,405501;345,351522;297,444485;391,618384;601,294477;595,408424;630,455336;263,370533;255,409567;127,620546;101,633525;187,692464;202,682489;149,720462;218,651514;230,714415;329,645426;338,656357;300,393496;403,593450;355,638365;547,334562;413,577299;503,502371;489,566336;479,572421;439,592281;680,282622;699,228675;550,488426;600,393474;615,311426;642,417405;649,418357;645,475315;
336,540471;238,453482;286,405501;345,351522;297,444485;391,618384;595,408424;630,455336;263,370533;255,409567;127,620546;101,633525;187,692464;202,682489;149,720462;218,651514;230,714415;329,645426;338,656357;300,393496;403,593450;355,638365;547,334562;503,502371;489,566336;479,572421;439,592281;680,282622;699,228675;550,488426;600,393474;642,417405;649,418357;645,475315;120,563583;136,619552;121,692494;178,728461;218,326605;290,691361;193,613542;227,522519;220,559518;292,681458;329,712314;421,305612;401,606412;597,171698;689,257576;488,535406;482,570342;474,577302;622,321606;548,518327;597,548287;539,558284;653,261643;620,350554;586,381507;549,491434;631,425331;666,305445;609,481283;688,419355;638,441317;774,305361;694,457262;
336,540471;238,453482;345,351522;297,444485;630,455336;255,409567;127,620546;101,633525;187,692464;202,682489;218,651514;230,714415;329,645426;403,593450;355,638365;547,334562;479,572421;680,282622;699,228675;550,488426;600,393474;642,417405;649,418357;645,475315;120,563583;136,619552;178,728461;218,326605;290,691361;193,613542;227,522519;220,559518;292,681458;421,305612;401,606412;689,257576;622,321606;539,558284;620,350554;586,381507;549,491434;631,425331;688,419355;638,441317;774,305361;265,330598;180,591566;178,726491;150,740494;296,309636;216,689452;331,736350;237,344582;414,690361;659,165726;431,323604;313,441548;279,544464;414,620406;635,212679;447,633363;538,609292;499,609345;653,189761;469,395481;597,445436;662,271672;669,268643;685,286592;608,550424;646,426317;694,486314;708,337539;728,413456;739,346385;753,315412;
630,455336;255,409567;127,620546;187,692464;202,682489;218,651514;403,593450;355,638365;547,334562;479,572421;680,282622;699,228675;600,393474;642,417405;649,418357;645,475315;120,563583;136,619552;178,728461;193,613542;292,681458;401,606412;689,257576;622,321606;620,350554;586,381507;688,419355;638,441317;774,305361;180,591566;178,726491;150,740494;216,689452;331,736350;414,690361;659,165726;414,620406;635,212679;447,633363;538,609292;499,609345;653,189761;469,395481;597,445436;662,271672;669,268643;685,286592;608,550424;694,486314;708,337539;728,413456;753,315412;519,229731;443,302694;527,311678;430,381607;139,638531;150,642523;295,770446;489,293719;514,324670;159,755455;528,275716;457,326666;314,387673;358,634519;334,699448;615,227766;349,593554;473,670294;669,153745;539,284643;374,405549;517,511478;497,659271;506,625267;581,476470;592,506463;564,578410;689,252650;645,296595;702,247654;713,375465;727,247606;745,269509;738,430340;766,391411;741,334441;
----Iteration 5----
214,-139135;173,28132;72,242147;17,61184;38,14315;172,92155;112,16830;175,183-142;55,271143;288,127100;244,1614;313,42-67;-5,299122;101,190141;-193,340-65;85,395-231;102,83172;12,297244;187,-95170;56,294-27;43,354-190;-194,38911;-23,327-13;249,138113;26,322-26;157,188-189;
-35,248301;-60,256394;-29,205321;-48,224354;-112,327318;33,264126;15,344172;-46,385195;86,115447;15,243316;27,230198;81,150240;155,136244;168,226160;193,61348;174,93335;264,257132;185,86271;210,19236;314,163206;290,213232;324,179150;309,233138;335,157142;
-60,256394;86,115447;193,61348;174,93335;185,86271;309,233138;100,137378;58,261332;66,284324;-118,416293;-103,446287;-186,492276;-34,389361;-141,450238;-116,451207;44,215474;-92,443259;81,214369;40,335324;10,384359;59,366306;110,50400;96,218328;64,326298;136,-2430;169,222204;302,226179;187,38776;234,52365;185,389110;287,291193;397,183223;263,307159;419,124201;401,187197;321,220260;447,206168;457,172147;
193,61348;185,86271;309,233138;-118,416293;-34,389361;44,215474;40,335324;10,384359;169,222204;302,226179;234,52365;287,291193;397,183223;263,307159;419,124201;401,187197;321,220260;447,206168;457,172147;133,261433;167,284384;-195,451356;-144,411362;-156,438338;-37,525263;160,204447;-140,438334;6,495292;4,558257;109,395317;-105,395341;47,566255;110,369318;183,129351;211,336131;197,18381;175,177323;218,394120;287,-32323;295,394111;371,-80321;334,380110;430,175190;459,169188;500,130186;
-34,389361;10,384359;397,183223;401,187197;447,206168;457,172147;167,284384;-195,451356;-144,411362;109,395317;110,369318;430,175190;459,169188;500,130186;92,296411;-19,379386;-72,417359;18,509303;70,531298;-89,549342;127,339403;-141,484355;100,569287;6,443348;59,442315;81,509290;171,530193;208,148501;177,281512;116,519227;249,120526;224,195438;267,263343;253,443297;291,495104;337,465273;270,65329;314,108286;346,477246;327,-25372;353,392239;374,-50324;462,55268;365,283143;395,-129278;430,149218;442,21680;404,94254;446,145224;504,16291;
457,172147;459,169188;500,130186;-89,549342;-141,484355;100,569287;171,530193;249,120526;267,263343;253,443297;337,465273;314,108286;346,477246;462,55268;504,16291;197,269461;177,371425;82,408445;26,415405;146,516342;61,555307;90,603261;-7,605252;154,307444;101,402434;137,531334;117,625208;213,208504;225,272447;195,284545;225,483366;260,258474;195,364381;281,186518;328,37474;287,150521;442,103437;396,472261;408,536177;415,570175;449,495236;519,127267;
-89,549342;100,569287;337,465273;177,371425;61,555307;90,603261;-7,605252;117,625208;225,483366;281,186518;396,472261;415,570175;449,495236;248,347567;166,399522;48,427470;66,445458;82,465421;38,501388;71,509357;49,538342;231,326597;66,421460;-38,472458;266,319552;144,566201;284,329513;134,434447;239,533350;257,491244;248,447336;351,445312;340,488260;401,524214;471,169521;443,540187;427,478247;528,375394;522,421355;517,254505;574,186435;559,213483;
100,569287;337,465273;225,483366;396,472261;415,570175;449,495236;248,347567;66,445458;71,509357;231,326597;-38,472458;266,319552;284,329513;134,434447;239,533350;248,447336;351,445312;340,488260;443,540187;427,478247;528,375394;522,421355;574,186435;173,430526;71,503414;66,569370;85,625343;146,642270;276,265654;325,309617;174,407535;-33,431479;203,477441;189,605237;343,244589;279,526280;277,615199;306,563191;362,272555;351,233572;304,334452;309,399399;307,473298;404,539224;428,583139;456,295490;398,440316;467,481246;562,143569;565,447295;493,471259;560,268536;554,437350;
225,483366;415,570175;239,533350;443,540187;528,375394;522,421355;173,430526;71,503414;85,625343;146,642270;276,265654;174,407535;203,477441;189,605237;277,615199;306,563191;309,399399;404,539224;428,583139;456,295490;562,143569;565,447295;560,268536;554,437350;335,332611;356,340593;188,392586;195,449522;171,492485;122,497464;187,544377;74,646389;390,347579;161,650236;196,645214;400,233640;368,364568;107,483523;129,581346;208,585283;409,170611;352,304605;307,529303;402,59198;423,220595;334,338620;321,390429;473,325422;429,560149;503,142618;517,525321;504,550137;554,138626;544,153595;581,276478;524,487342;539,530148;590,241543;589,417361;621,439214;
225,483366;415,570175;239,533350;443,540187;528,375394;522,421355;71,503414;85,625343;146,642270;203,477441;189,605237;277,615199;306,563191;404,539224;428,583139;560,268536;554,437350;195,449522;171,492485;122,497464;187,544377;74,646389;390,347579;161,650236;196,645214;400,233640;107,483523;208,585283;307,529303;402,59198;517,525321;504,550137;581,276478;524,487342;590,241543;589,417361;621,439214;372,336662;379,418634;239,438589;26,461525;-7,562495;29,640494;85,663340;115,684326;424,300627;36,637427;294,591183;453,202623;259,450460;165,619399;441,64391;501,124674;458,320537;324,425458;439,580157;483,575137;524,579116;562,183657;565,263589;538,572126;522,293560;514,382504;558,337507;584,458340;558,549163;605,161562;566,256508;594,526116;631,502142;621,357254;
239,533350;443,540187;146,642270;277,615199;428,583139;560,268536;195,449522;171,492485;122,497464;187,544377;74,646389;390,347579;161,650236;196,645214;107,483523;307,529303;402,59198;517,525321;504,550137;581,276478;372,336662;379,418634;239,438589;-7,562495;29,640494;115,684326;424,300627;294,591183;453,202623;165,619399;441,64391;458,320537;324,425458;439,580157;483,575137;524,579116;562,183657;565,263589;538,572126;522,293560;514,382504;558,337507;558,549163;605,161562;594,526116;631,502142;428,248671;409,268696;178,462545;127,682351;-65,644475;73,638448;178,683213;110,591434;82,619414;237,610314;361,657153;556,103684;573,162652;414,266692;211,525398;425,576242;543,175677;323,487505;427,568225;495,587121;591,259594;550,491350;603,248605;577,274504;650,460364;576,487355;681,381396;645,404443;661,439318;
----Iteration 7----
245,21236;-8,134191;102,300145;51,554-109;190,18466;-263,107297;-114,95213;151,152148;-159,341166;56,87219;-81,35191;-241,28263;217,11764;176,39127;241,42117;-88,63228;251,-200142;64,122149;
79,227200;102,300145;145,200130;-159,341166;-232,448180;-35,399138;-19,50974;222,-77424;-99,406140;-11,504101;-22,369135;-29,57131;32,52652;189,35420;129,205250;13,406120;88,41912;105,251136;240,90354;202,186281;241,-5415;199,195318;238,177315;241,54392;215,130324;
-1,373306;-79,468316;-258,473170;115,352282;-34,350361;16,59945;86,568104;324,171532;-29,436249;107,536161;33,375255;120,549125;132,321451;106,265459;78,363352;142,488129;160,57894;319,260501;360,437158;354,246528;290,282427;358,457174;345,154542;394,267408;401,229429;469,98442;452,193377;448,204466;487,116430;
-79,468316;107,536161;120,549125;132,321451;160,57894;319,260501;354,246528;-162,488308;-26,592174;100,647127;107,681125;-98,437327;87,605162;321,207600;-58,381383;427,220594;341,400286;79,566230;219,59660;313,244556;325,433267;180,520129;270,274527;297,482210;241,518179;352,226553;309,256524;473,387368;365,460241;308,48979;430,207538;326,439259;511,328367;459,292441;512,266467;
473,387368;511,328367;459,292441;512,266467;261,341557;199,438445;98,700183;148,756132;311,336572;196,364472;269,398434;58,683236;226,361546;257,382456;240,704159;243,663202;325,289594;270,497403;290,644298;421,276690;409,295553;357,564301;409,517369;453,226621;365,345524;403,545357;508,231610;399,303593;553,264466;549,287433;564,268458;
473,387368;511,328367;459,292441;512,266467;148,756132;58,683236;240,704159;270,497403;290,644298;421,276690;409,517369;453,226621;403,545357;508,231610;553,264466;549,287433;564,268458;225,433533;235,463466;-104,562311;73,661276;143,719196;112,675237;439,281608;260,513430;241,667262;250,709158;236,527409;248,668214;266,747126;407,296652;242,503439;309,628306;372,664266;449,191633;425,307622;390,578307;495,267611;430,322554;428,599196;414,426609;429,386543;486,521218;488,301413;520,212511;492,370326;531,463183;579,218492;592,416219;
148,756132;58,683236;240,704159;290,644298;421,276690;409,517369;403,545357;508,231610;225,433533;235,463466;73,661276;143,719196;112,675237;439,281608;260,513430;241,667262;250,709158;236,527409;248,668214;266,747126;407,296652;242,503439;309,628306;372,664266;425,307622;390,578307;495,267611;414,426609;429,386543;579,218492;592,416219;322,278718;30,646337;121,755217;80,770201;371,203764;233,704206;374,263756;369,293681;213,481458;288,696209;198,615332;329,605373;365,667225;344,678152;502,262655;474,268666;474,384564;521,225676;525,311603;515,498415;453,603232;491,603190;486,329606;528,425533;504,382551;549,526367;553,310596;568,396438;565,347485;561,466343;
240,704159;421,276690;225,433533;250,709158;266,747126;407,296652;242,503439;372,664266;414,426609;322,278718;233,704206;374,263756;369,293681;365,667225;502,262655;474,268666;474,384564;521,225676;525,311603;515,498415;486,329606;528,425533;504,382551;549,526367;553,310596;561,466343;391,243801;228,300709;203,474497;149,763292;96,801265;312,263797;183,472526;274,493468;133,772234;201,750219;444,236796;453,376582;278,674344;345,678275;315,700223;446,167759;495,313622;448,417561;184,533468;341,696228;504,428530;516,473441;455,619435;454,657314;525,663303;525,576393;532,538414;595,420520;541,586329;563,240622;577,260570;580,568326;599,575298;614,290533;592,268536;
240,704159;250,709158;266,747126;372,664266;414,426609;233,704206;374,263756;365,667225;502,262655;474,268666;474,384564;521,225676;525,311603;515,498415;486,329606;528,425533;504,382551;549,526367;553,310596;561,466343;391,243801;203,474497;149,763292;96,801265;312,263797;183,472526;133,772234;201,750219;444,236796;453,376582;278,674344;345,678275;315,700223;446,167759;495,313622;448,417561;341,696228;504,428530;516,473441;455,619435;454,657314;525,663303;525,576393;532,538414;595,420520;541,586329;563,240622;577,260570;580,568326;614,290533;592,268536;438,163805;315,247793;387,255760;134,456553;215,560475;126,644482;129,671387;144,731312;119,765305;130,470544;202,767218;449,361668;153,439578;117,655486;101,709361;193,670350;467,117775;412,276723;437,554473;451,323718;496,436535;462,550483;513,160761;510,293639;626,575310;520,185747;580,372538;670,528261;629,595238;540,157679;668,467339;658,478303;
414,426609;374,263756;502,262655;474,384564;521,225676;525,311603;515,498415;486,329606;528,425533;504,382551;549,526367;391,243801;149,763292;96,801265;133,772234;201,750219;444,236796;278,674344;495,313622;448,417561;504,428530;455,619435;454,657314;525,663303;525,576393;532,538414;595,420520;563,240622;577,260570;580,568326;614,290533;592,268536;438,163805;387,255760;134,456553;126,644482;129,671387;144,731312;119,765305;130,470544;202,767218;449,361668;153,439578;117,655486;101,709361;193,670350;412,276723;437,554473;451,323718;496,436535;462,550483;513,160761;510,293639;626,575310;520,185747;580,372538;670,528261;629,595238;540,157679;668,467339;658,478303;356,282774;406,355676;399,424628;311,543543;97,624493;225,726340;381,332726;453,368663;56,679434;466,196787;338,292835;335,583492;363,810202;424,402615;376,707301;471,162776;297,582504;467,635422;389,605490;545,151707;500,270672;469,378630;502,640305;514,276638;533,494452;541,610386;580,225647;571,312602;598,402493;625,646230;541,632269;588,532360;612,455486;618,629277;719,355331;740,524218;795,429241;
414,426609;502,262655;474,384564;521,225676;525,311603;515,498415;486,329606;528,425533;504,382551;549,526367;391,243801;96,801265;444,236796;278,674344;495,313622;448,417561;504,428530;455,619435;525,576393;532,538414;595,420520;563,240622;577,260570;580,568326;614,290533;592,268536;387,255760;126,644482;144,731312;119,765305;449,361668;117,655486;412,276723;437,554473;451,323718;496,436535;462,550483;513,160761;510,293639;626,575310;520,185747;580,372538;670,528261;668,467339;356,282774;399,424628;311,543543;97,624493;381,332726;453,368663;56,679434;466,196787;338,292835;335,583492;363,810202;424,402615;376,707301;471,162776;297,582504;467,635422;389,605490;545,151707;500,270672;469,378630;514,276638;533,494452;541,610386;580,225647;571,312602;598,402493;625,646230;588,532360;612,455486;618,629277;740,524218;795,429241;353,305762;335,513600;76,681405;326,779303;261,877181;453,219838;242,281865;338,310776;339,334716;254,574512;33,656459;356,798271;342,818233;353,886173;306,803256;468,105804;379,281767;419,369711;259,727395;437,446560;415,744292;538,148752;489,720279;565,182697;554,470499;553,666331;529,706312;644,614243;603,182665;721,433361;668,526338;683,627229;691,387414;724,395383;737,542190;754,459315;
----Iteration 6----
101,23391;199,303-30;113,59150;-103,36794;150,32200;100,52249;155,-94197;-210,30409;61,78344;232,12692;-231,246341;59,251206;-239,287177;227,19118;360,144-95;-35,38379;-111,137229;
82,333-36;131,135301;178,184233;165,291216;178,327215;298,119221;195,134257;182,17791;305,175203;359,100281;405,37268;397,78236;
-44,462145;-72,47495;25,435199;144,456147;276,258279;184,390286;192,326198;271,308236;349,203188;273,295324;276,297104;436,79234;391,199408;320,209198;417,87283;401,162222;
391,199408;100,566227;122,522324;197,11423;150,24438;221,-9450;327,446279;378,424311;203,458378;402,382334;406,370367;408,393312;422,344358;519,167307;425,292325;562,354219;594,327161;
122,522324;203,458378;402,382334;406,370367;422,344358;562,354219;224,263514;129,337432;271,416338;42,488325;363,471325;132,566238;464,95456;232,271474;241,468333;212,328438;300,119610;385,188542;288,381417;238,536282;339,223561;339,362423;398,95632;462,436300;449,431333;474,466281;471,274448;488,236405;633,353123;618,353254;565,275395;639,351305;631,401159;648,333230;
122,522324;363,471325;132,566238;241,468333;300,119610;385,188542;238,536282;339,223561;398,95632;347,89644;283,162612;219,152622;358,312528;208,489407;204,491449;238,510375;102,568251;403,156526;206,477420;343,360458;411,110568;333,400386;376,468326;436,470307;352,508226;456,36627;433,108623;367,296534;462,81566;388,207521;554,66550;497,330514;565,68537;697,391449;660,467356;715,425359;729,376405;
385,188542;238,536282;398,95632;358,312528;204,491449;411,110568;352,508226;456,36627;433,108623;367,296534;497,330514;697,391449;715,425359;368,87715;317,124703;142,303621;313,270607;190,389589;184,394579;224,428554;229,432524;237,547447;183,588429;210,448516;273,475457;279,156695;360,227617;346,506411;275,525402;401,403461;397,148679;557,83595;603,76567;685,417390;635,220529;735,404416;676,494396;663,423458;
238,536282;358,312528;352,508226;367,296534;497,330514;697,391449;715,425359;142,303621;313,270607;190,389589;184,394579;224,428554;229,432524;237,547447;183,588429;210,448516;360,227617;275,525402;401,403461;397,148679;557,83595;603,76567;685,417390;635,220529;735,404416;676,494396;663,423458;387,88774;296,220762;149,364600;190,446545;311,496463;315,497443;333,134734;324,217703;267,228735;263,465471;497,121761;331,179724;218,376588;344,479466;516,93753;365,450413;407,206612;436,362492;463,116771;584,92559;661,381474;652,442426;580,501401;552,507412;707,273506;618,66592;667,506346;631,-12548;747,324449;768,346397;740,352408;
358,312528;367,296534;497,330514;697,391449;190,389589;224,428554;229,432524;237,547447;183,588429;210,448516;360,227617;603,76567;635,220529;676,494396;663,423458;387,88774;296,220762;190,446545;324,217703;267,228735;497,121761;331,179724;218,376588;516,93753;407,206612;436,362492;463,116771;661,381474;652,442426;580,501401;552,507412;707,273506;618,66592;667,506346;768,346397;303,204754;294,274692;255,346627;252,365603;189,400594;168,562478;188,454533;551,62746;258,276661;198,374617;464,542457;401,226652;327,321612;367,399514;514,503470;542,115727;483,169758;406,400512;611,485480;670,25673;599,163678;690,44642;662,61652;645,165551;691,366478;759,476355;709,-88619;671,67526;746,360461;762,356464;736,428425;760,406296;
697,391449;190,389589;635,220529;676,494396;663,423458;267,228735;331,179724;218,376588;661,381474;580,501401;552,507412;707,273506;667,506346;294,274692;255,346627;252,365603;189,400594;168,562478;258,276661;198,374617;464,542457;327,321612;514,503470;483,169758;611,485480;599,163678;645,165551;691,366478;759,476355;746,360461;762,356464;736,428425;760,406296;319,212815;284,282653;379,546545;202,592469;166,594387;354,168825;466,31873;496,125818;301,223857;362,549519;395,557488;517,37842;399,249700;448,541481;531,87826;434,227710;338,317622;552,480497;507,461585;476,531468;583,142786;524,367560;647,448498;620,25734;661,471469;646,160653;778,386422;751,428359;780,105679;798,131633;757,397443;
697,391449;676,494396;663,423458;580,501401;552,507412;667,506346;294,274692;258,276661;464,542457;514,503470;611,485480;599,163678;759,476355;746,360461;762,356464;736,428425;319,212815;202,592469;166,594387;466,31873;496,125818;301,223857;399,249700;448,541481;531,87826;507,461585;476,531468;583,142786;647,448498;661,471469;646,160653;778,386422;751,428359;780,105679;798,131633;757,397443;468,-7879;171,281728;237,315684;461,496604;305,124862;511,239786;447,585550;545,74862;397,189837;464,416658;473,241744;573,431586;571,149767;528,189725;506,316643;635,481508;609,558355;629,107767;533,168731;642,465500;773,507312;645,128659;689,182604;728,382495;701,452443;744,519308;706,547306;770,296564;777,463346;772,419350;791,285440;801,413320;
----Iteration 4----
80,406-30;1,27732;168,-114313;277,71-91;189,-60183;255,63136;151,26441;27,248164;-105,-1281;120,171150;41,196160;239,220-99;-132,250371;169,118238;-50,-33239;245,132128;-69,399151;89,173128;
129,198285;182,181197;-75,322-67;-145,354-86;-32,29157;-31,29342;-34,243124;-18,30826;70,22526;240,152392;46,23227;264,122449;284,39233;71,2538;311,60212;479,-96335;435,-30268;460,-45339;433,32311;
129,198285;-145,354-86;-18,30826;240,152392;264,122449;460,-45339;433,32311;-222,227286;-63,32495;-24,31177;41,273100;58,3390;205,176403;228,184270;86,268215;236,198193;407,-89346;250,72465;258,130292;348,-61424;297,117274;326,124218;434,-34321;356,51262;291,159174;389,144148;425,-178358;507,-162344;483,-47345;590,-3252;547,-8278;565,46273;580,-50259;
-18,30826;460,-45339;-24,31177;434,-34321;507,-162344;483,-47345;590,-3252;547,-8278;565,46273;150,263285;-62,309106;-34,32796;305,238473;-175,345286;205,252340;102,275245;323,223397;232,36922;255,245198;456,-85385;433,-78382;321,217426;407,149329;364,156466;327,174235;271,241201;476,-77372;390,104348;406,201112;358,212127;504,-80378;433,67319;496,133225;490,-16312;481,87242;375,24663;515,-76341;615,-49274;545,-73304;571,33275;639,77239;590,90198;636,-102274;
407,149329;364,156466;390,104348;496,133225;615,-49274;639,77239;636,-102274;329,223445;323,247480;272,257455;276,274376;207,318294;133,340305;52,4811;-5,44721;52,519-44;252,292377;137,410297;232,301331;491,10445;265,262478;178,322377;104,463-19;224,314353;359,197310;426,25430;393,184265;493,161203;451,413206;597,-73466;460,355220;488,301237;462,314162;600,-9456;605,-75500;551,103422;561,164167;591,54390;644,41272;634,-122330;648,90205;
639,77239;636,-102274;272,257455;276,274376;52,519-44;252,292377;491,10445;265,262478;178,322377;104,463-19;451,413206;460,355220;488,301237;600,-9456;605,-75500;551,103422;591,54390;644,41272;634,-122330;308,253550;256,267566;223,304500;199,310425;260,329359;213,373341;39,416261;-46,429216;38,52132;94,50916;227,350331;144,412312;375,268453;216,365310;566,-20597;357,251628;451,159651;547,217301;474,344178;449,314255;479,318227;607,-126559;595,-24537;576,255292;592,229249;616,-42499;630,201251;625,-76495;651,168219;
272,257455;265,262478;451,413206;460,355220;308,253550;256,267566;223,304500;144,412312;375,268453;357,251628;451,159651;547,217301;479,318227;576,255292;616,-42499;630,201251;625,-76495;327,110669;271,257591;181,343493;-4,446218;52,562101;492,-77631;116,418323;-23,464184;106,53439;250,274515;214,45863;113,46617;380,184607;256,45652;492,-115676;333,382454;301,42785;488,77723;440,341268;589,59574;502,353195;574,51608;551,87572;496,263297;481,315260;599,272260;496,305285;612,50575;591,121515;687,166342;649,272218;658,258248;672,176317;
357,251628;116,418323;106,53439;256,45652;333,382454;488,77723;574,51608;649,272218;658,258248;102,571318;384,92724;249,458190;245,493130;311,445117;454,216668;341,42553;515,143692;517,330623;496,381613;471,413374;646,87592;542,356379;595,366319;627,162553;614,293275;733,181548;642,296271;693,225346;740,211538;728,222527;
357,251628;488,77723;384,92724;454,216668;515,143692;517,330623;496,381613;646,87592;595,366319;733,181548;642,296271;740,211538;728,222527;316,55738;91,105725;210,188715;110,268645;166,583381;211,592359;192,608351;272,97716;488,389604;476,447560;335,258655;222,259626;431,469521;429,490550;568,-97689;426,143706;409,256627;400,564519;482,423525;575,258598;535,286611;510,457449;622,213647;610,245582;542,429419;623,170622;575,364348;687,111591;643,206553;619,355375;700,281469;802,209517;
488,77723;384,92724;454,216668;515,143692;517,330623;496,381613;595,366319;733,181548;740,211538;728,222527;316,55738;91,105725;210,188715;272,97716;488,389604;476,447560;429,490550;568,-97689;426,143706;400,564519;482,423525;575,258598;535,286611;510,457449;622,213647;610,245582;623,170622;687,111591;643,206553;619,355375;700,281469;802,209517;269,243688;195,694435;119,697411;381,-190761;362,573479;510,332659;444,536533;300,612332;214,615507;582,-117727;543,405553;570,125655;422,554516;585,-42676;556,316586;644,-21648;623,178618;650,341489;556,451496;686,87643;687,198568;577,386486;722,97618;868,113505;787,255467;830,203506;831,170542;830,206504;834,170485;
488,77723;384,92724;454,216668;515,143692;517,330623;496,381613;733,181548;740,211538;728,222527;316,55738;210,188715;272,97716;488,389604;476,447560;429,490550;568,-97689;426,143706;400,564519;575,258598;535,286611;622,213647;610,245582;623,170622;643,206553;700,281469;802,209517;269,243688;195,694435;119,697411;381,-190761;362,573479;510,332659;444,536533;214,615507;582,-117727;543,405553;570,125655;422,554516;585,-42676;556,316586;644,-21648;623,178618;556,451496;687,198568;722,97618;868,113505;787,255467;830,203506;831,170542;830,206504;834,170485;287,-35794;345,-15789;410,396591;291,644488;189,696435;418,-109760;243,152821;406,552533;283,668424;520,-102731;502,-131757;309,635427;538,391581;575,430525;547,480477;499,492481;454,530416;605,428512;625,430483;575,435504;687,114647;611,359517;659,373490;595,437475;761,169598;648,427446;834,302404;735,333246;829,74587;766,247485;743,332322;776,158562;761,320321;725,350279;853,239453;
----Iteration 3----
256,18495;-115,425207;147,19388;-113,410-36;66,26898;205,18948;-77,354-122;20,-61283;108,299-105;39,160189;114,27892;-255,460-173;202,155191;-37,152354;41,34450;21,-54263;291,33-159;-82,38847;-43,378-204;385,12-155;
175,204180;-102,378-110;148,221156;140,251141;120,27195;-91,388-165;92,312111;-24,327129;262,102165;-2,276136;169,24366;99,29090;261,68172;208,20881;247,3568;245,35316;330,205120;282,193130;202,155191;284,29640;282,34552;341,185153;356,21910;392,20666;407,14694;399,15645;
-133,444-152;97,235310;205,432242;273,370296;344,422245;357,405235;356,385265;404,336227;469,250269;409,340197;439,338115;406,377161;487,248204;458,291155;
23,564324;317,452303;363,474274;337,499253;431,258462;434,339442;486,380394;498,410373;527,404385;487,366434;525,344389;505,440346;537,356319;
127,565361;137,608326;208,594280;-73,641192;-152,668177;153,589291;160,563337;348,566220;332,187484;353,500264;414,507238;493,420469;373,531220;529,494468;536,495420;486,527184;617,387320;445,529185;566,365380;572,282461;569,413335;580,411361;667,319370;602,358364;
127,565361;137,608326;208,594280;-73,641192;-152,668177;348,566220;373,531220;529,494468;536,495420;486,527184;617,387320;566,365380;572,282461;569,413335;580,411361;667,319370;602,358364;330,194600;137,587345;187,601337;-96,698171;348,304573;312,338618;194,522564;190,620316;494,457483;228,551358;483,529487;499,520203;527,352547;505,517386;587,543154;564,489409;617,500219;615,398314;683,363331;618,405283;
529,494468;536,495420;617,387320;566,365380;572,282461;569,413335;580,411361;667,319370;602,358364;190,620316;494,457483;483,529487;527,352547;505,517386;587,543154;564,489409;617,500219;615,398314;683,363331;618,405283;353,402623;195,559578;135,588515;230,609378;189,731285;178,781208;192,752281;165,612514;386,215598;291,697192;212,769216;416,357531;433,558397;320,651162;483,213602;455,301548;429,597337;460,649174;530,472458;501,515409;557,446492;598,538244;551,561170;590,562133;731,259367;628,318372;721,286324;773,243301;729,332283;729,271287;
529,494468;536,495420;617,387320;580,411361;667,319370;602,358364;494,457483;483,529487;527,352547;505,517386;587,543154;564,489409;617,500219;615,398314;683,363331;618,405283;353,402623;189,731285;178,781208;192,752281;165,612514;212,769216;433,558397;483,213602;429,597337;460,649174;530,472458;501,515409;557,446492;598,538244;551,561170;590,562133;731,259367;721,286324;729,332283;729,271287;389,235642;394,282603;255,589586;114,653464;63,680498;187,684381;235,714372;159,760255;300,743177;536,266590;395,401572;457,466567;247,683460;298,627455;333,701355;372,645179;303,725150;428,672147;653,357533;577,426464;573,557232;528,579193;638,349567;662,342505;602,403339;602,514281;611,54397;638,480247;712,301453;805,268331;849,179349;762,263357;881,164305;754,275245;837,253287;
529,494468;536,495420;580,411361;494,457483;483,529487;505,517386;564,489409;617,500219;618,405283;353,402623;189,731285;192,752281;165,612514;212,769216;433,558397;483,213602;429,597337;460,649174;530,472458;501,515409;557,446492;598,538244;389,235642;394,282603;255,589586;63,680498;187,684381;235,714372;159,760255;300,743177;536,266590;395,401572;457,466567;247,683460;298,627455;333,701355;303,725150;577,426464;573,557232;528,579193;638,349567;602,403339;602,514281;611,54397;638,480247;712,301453;805,268331;849,179349;881,164305;837,253287;390,213649;391,242610;322,524590;84,662487;164,747307;207,793222;250,599539;145,617519;133,701466;414,78279;240,809148;456,315571;278,498621;273,564577;436,681269;479,728129;511,423546;454,491510;505,673158;549,647125;663,382564;671,397454;576,435442;595,520309;596,553217;711,319490;625,400407;591,570177;722,277454;735,357412;796,365396;846,189318;
529,494468;536,495420;580,411361;494,457483;483,529487;505,517386;564,489409;353,402623;165,612514;212,769216;433,558397;483,213602;429,597337;530,472458;501,515409;557,446492;598,538244;389,235642;255,589586;63,680498;536,266590;395,401572;457,466567;247,683460;298,627455;333,701355;577,426464;573,557232;638,349567;602,403339;602,514281;712,301453;805,268331;849,179349;881,164305;837,253287;390,213649;322,524590;84,662487;207,793222;250,599539;145,617519;133,701466;414,78279;240,809148;273,564577;436,681269;479,728129;511,423546;454,491510;505,673158;549,647125;663,382564;671,397454;576,435442;595,520309;596,553217;711,319490;625,400407;735,357412;796,365396;846,189318;372,386651;284,546635;229,597545;62,685489;60,737499;206,732383;163,762354;202,817173;188,871169;410,396624;294,542639;285,582456;380,607393;256,716440;307,758318;322,789149;318,761180;550,316574;456,754183;668,264597;572,544322;539,633211;504,643184;484,678181;477,709133;717,264548;697,335502;502,666180;736,292541;699,321500;647,508285;627,601145;595,612106;692,387383;731,475207;637,595193;756,175464;689,492120;735,444122;754,420155;816,128410;757,387128;865,107313;
529,494468;536,495420;580,411361;494,457483;483,529487;505,517386;564,489409;353,402623;212,769216;433,558397;429,597337;530,472458;501,515409;557,446492;598,538244;255,589586;63,680498;536,266590;395,401572;457,466567;247,683460;298,627455;333,701355;577,426464;573,557232;638,349567;602,403339;602,514281;712,301453;805,268331;849,179349;881,164305;837,253287;322,524590;84,662487;207,793222;133,701466;240,809148;273,564577;436,681269;479,728129;511,423546;454,491510;505,673158;549,647125;663,382564;671,397454;576,435442;595,520309;596,553217;711,319490;625,400407;735,357412;796,365396;846,189318;372,386651;284,546635;62,685489;60,737499;206,732383;163,762354;202,817173;188,871169;410,396624;294,542639;380,607393;256,716440;307,758318;322,789149;318,761180;456,754183;668,264597;572,544322;539,633211;484,678181;477,709133;717,264548;697,335502;736,292541;699,321500;647,508285;627,601145;595,612106;692,387383;731,475207;637,595193;689,492120;735,444122;754,420155;816,128410;757,387128;865,107313;391,308657;159,645535;53,746486;156,791383;263,83984;296,625573;34,691500;573,228619;355,532554;310,612545;378,743330;430,770168;422,79339;720,211602;719,234593;569,341587;386,645377;426,692270;437,784104;621,316574;564,603279;519,666210;801,196537;582,623106;680,581105;777,295430;683,520108;840,213353;
----Iteration 2----
-117,257185;207,-27150;-227,410-132;196,12290;145,119134;128,5185;-404,271256;443,54-54;101,305117;60,165248;311,570;102,98253;119,374-7;226,4748;87,222173;123,-65210;469,337-68;
-168,34935;-124,433-26;-90,32926;237,97242;101,305117;224,44282;220,271185;259,235168;294,129150;229,278143;306,127175;293,144119;
-16,84365;17,90329;-9,501-145;74,72355;108,73328;-2,469253;95,38468;91,68474;9,418-144;26,448-189;101,65454;244,397203;213,391240;224,395232;344,141319;297,265258;297,364196;253,394159;341,129322;328,178306;
-2,469253;95,38468;91,68474;101,65454;297,265258;128,76418;18,572-34;-78,599-113;-33,376277;-31,547-30;21,523-15;209,441235;179,458212;66,176370;272,355331;41,475-77;191,133403;289,274353;261,410259;335,153380;282,444194;275,337304;362,137364;322,377206;499,217362;517,225349;
-78,599-113;499,217362;517,225349;121,117488;141,140451;141,107474;43,163446;165,99462;147,523240;212,545189;222,522201;288,575109;239,129455;294,360400;295,337409;402,187436;414,190431;340,345391;411,250432;379,292368;349,444375;387,512279;490,241365;527,269329;561,185352;542,217339;
499,217362;517,225349;121,117488;43,163446;212,545189;288,575109;239,129455;294,360400;295,337409;402,187436;414,190431;340,345391;411,250432;379,292368;349,444375;387,512279;490,241365;527,269329;30,176461;-34,243445;184,552218;187,114469;224,586161;164,609-32;283,51492;272,108544;314,349386;188,525309;317,403379;291,547131;355,154451;301,492325;358,524313;385,533308;482,188419;450,200406;394,515249;432,490318;418,284430;483,260377;456,283405;460,453273;605,278295;462,385271;600,193355;546,249344;547,286319;609,201316;
294,360400;295,337409;402,187436;414,190431;340,345391;411,250432;379,292368;349,444375;387,512279;272,108544;314,349386;317,403379;301,492325;358,524313;385,533308;482,188419;450,200406;394,515249;432,490318;418,284430;483,260377;456,283405;460,453273;462,385271;600,193355;38,253452;95,455391;281,506340;227,547322;178,572272;233,672177;152,71577;285,633199;213,698197;294,66531;317,136504;134,180491;208,524371;178,558352;276,648191;313,248442;261,504369;359,158462;361,289411;362,491353;346,554277;299,605222;430,159423;405,535226;508,245393;488,525233;438,560123;482,249388;488,533209;528,183401;573,340319;523,460242;522,528211;530,523229;559,373351;527,487232;643,279345;594,339234;627,335260;
402,187436;414,190431;340,345391;411,250432;349,444375;387,512279;272,108544;358,524313;385,533308;482,188419;394,515249;432,490318;418,284430;483,260377;456,283405;227,547322;178,572272;233,672177;285,633199;213,698197;294,66531;317,136504;178,558352;276,648191;313,248442;359,158462;361,289411;362,491353;346,554277;299,605222;405,535226;508,245393;488,525233;438,560123;482,249388;488,533209;528,183401;573,340319;522,528211;530,523229;559,373351;643,279345;594,339234;627,335260;263,195536;217,223638;203,405532;159,478451;128,525441;114,545403;191,571316;84,647261;248,629225;271,682153;256,157628;235,249605;290,273495;249,459465;147,603303;213,732143;238,551314;273,261506;335,533401;354,630126;346,666105;295,67680;312,338439;284,396410;359,618101;370,189458;401,154445;409,448363;439,59577;432,56789;467,242430;538,461326;490,505300;536,366353;546,324371;586,490255;574,279362;573,371316;618,227359;630,431229;
349,444375;272,108544;418,284430;456,283405;233,672177;285,633199;213,698197;276,648191;361,289411;362,491353;573,340319;522,528211;530,523229;559,373351;263,195536;217,223638;203,405532;84,647261;248,629225;271,682153;256,157628;235,249605;290,273495;249,459465;147,603303;213,732143;273,261506;354,630126;346,666105;295,67680;312,338439;359,618101;370,189458;409,448363;439,59577;538,461326;536,366353;586,490255;573,371316;630,431229;187,397584;172,469529;183,558456;115,610336;91,631302;72,647274;99,662226;257,70478;264,73876;277,80633;139,473514;115,530465;234,372594;315,92534;264,227528;177,416492;348,508424;339,542428;395,563343;409,606286;300,662152;357,110524;352,155512;427,96500;408,184466;433,276429;406,529345;464,584319;431,126474;489,270445;491,570303;519,477318;645,241455;635,338397;608,481305;677,305366;718,272360;
530,523229;559,373351;263,195536;217,223638;203,405532;256,157628;235,249605;213,732143;409,448363;538,461326;536,366353;586,490255;573,371316;630,431229;187,397584;172,469529;91,631302;264,73876;277,80633;139,473514;234,372594;264,227528;177,416492;409,606286;406,529345;464,584319;491,570303;519,477318;645,241455;635,338397;608,481305;677,305366;718,272360;208,241675;363,559475;400,588374;84,655287;274,79146;358,515479;338,624358;281,62606;367,159591;438,637271;275,71598;405,137546;373,476449;371,506452;459,645253;388,714253;516,194518;486,446388;486,589290;480,634272;518,487330;533,626185;616,311511;530,492232;554,557225;612,474246;585,526217;698,218433;630,348356;
559,373351;217,223638;256,157628;235,249605;538,461326;573,371316;630,431229;187,397584;277,80633;234,372594;519,477318;635,338397;608,481305;677,305366;718,272360;208,241675;363,559475;274,79146;358,515479;281,62606;367,159591;373,476449;371,506452;459,645253;388,714253;486,446388;480,634272;518,487330;533,626185;616,311511;554,557225;612,474246;585,526217;698,218433;630,348356;212,286662;189,295662;133,439622;184,439574;339,521532;376,628412;315,636377;337,692372;293,743339;293,767184;420,593431;348,631420;355,35615;204,294667;450,663355;356,703266;538,185564;472,364506;559,293551;455,388532;501,628334;580,370419;521,549310;581,578204;610,352460;593,513257;662,241480;629,523232;638,423274;684,267387;644,393198;681,383302;
----Iteration 9----
-64,4014;-188,522-12;118,132211;38,292-62;36,363282;110,193188;151,-198384;333,158123;173,18355;-85,501-45;47,380-103;-283,3358;152,26843;108,26469;258,294-171;-116,216296;
-112,443113;-43,408151;-55,507106;127,301351;70,561-40;221,167424;140,401210;231,51653;227,55885;221,273394;292,391327;357,325329;363,297341;388,288253;456,227299;
70,561-40;292,391327;119,399395;202,434383;42,625-62;20,621-39;83,627-83;89,544193;220,388415;144,467296;188,502266;153,561-103;226,452326;160,598-143;304,373361;248,488271;413,371356;201,502233;336,374255;296,422300;245,471277;286,558128;635,246487;625,341459;
70,561-40;202,434383;83,627-83;89,544193;153,561-103;226,452326;160,598-143;286,558128;635,246487;625,341459;332,369428;188,454345;159,530402;177,540264;10,552253;4,59936;6,650-16;43,690-20;508,273473;47,722-42;359,299474;320,516271;218,538324;332,458315;221,507308;409,479272;381,485306;411,451227;617,228499;552,402415;637,349393;
635,246487;625,341459;159,530402;43,690-20;508,273473;47,722-42;218,538324;409,479272;381,485306;617,228499;552,402415;396,287528;316,324511;203,572350;13,6659;208,531371;-38,73186;461,250523;480,275485;-14,67795;87,672-38;423,307476;320,596312;421,566228;372,476458;420,628243;426,545241;472,296520;477,445445;477,538246;437,559204;567,375454;598,244491;587,294468;478,432387;643,329458;598,367396;654,364419;650,368382;665,343382;
635,246487;625,341459;159,530402;43,690-20;47,722-42;617,228499;552,402415;396,287528;203,572350;208,531371;-38,73186;461,250523;480,275485;87,672-38;372,476458;420,628243;472,296520;477,445445;477,538246;567,375454;598,244491;587,294468;478,432387;643,329458;598,367396;654,364419;650,368382;665,343382;387,274546;322,384538;358,361491;187,544355;58,685113;10,74456;131,716-48;488,271502;147,561352;449,350483;318,512348;457,597211;509,279484;397,512307;382,649345;433,623252;562,183506;427,552287;506,501274;438,589235;515,434337;641,370395;545,448315;598,388368;643,479309;662,447322;691,318403;
635,246487;625,341459;159,530402;617,228499;552,402415;396,287528;203,572350;208,531371;-38,73186;461,250523;420,628243;472,296520;477,445445;477,538246;567,375454;598,244491;587,294468;478,432387;643,329458;598,367396;654,364419;650,368382;665,343382;387,274546;322,384538;358,361491;187,544355;10,74456;131,716-48;488,271502;147,561352;449,350483;457,597211;509,279484;382,649345;433,623252;562,183506;506,501274;438,589235;641,370395;598,388368;643,479309;662,447322;691,318403;184,513428;126,660197;116,727128;311,435486;473,225519;492,248506;372,489475;491,291485;469,529359;429,573301;542,688194;522,475365;643,261459;595,461353;573,486326;591,644135;625,377374;661,583161;679,419332;682,562141;724,440243;740,460198;703,420257;755,417246;770,422170;
635,246487;617,228499;396,287528;461,250523;472,296520;477,445445;598,244491;387,274546;322,384538;358,361491;449,350483;382,649345;433,623252;562,183506;643,479309;662,447322;311,435486;473,225519;492,248506;372,489475;469,529359;429,573301;542,688194;591,644135;661,583161;679,419332;682,562141;724,440243;740,460198;703,420257;755,417246;770,422170;356,301568;235,496479;130,568466;129,591457;218,669310;137,678338;123,818140;27,851127;371,347551;274,432519;163,507466;258,583442;185,682303;106,738145;225,76264;327,556366;517,642204;499,694131;582,332502;555,448412;578,524379;486,560337;515,602267;641,242491;603,574296;586,630245;572,660107;684,226505;639,519356;611,636103;593,647133;714,417472;698,531107;736,418388;703,488245;
477,445445;382,649345;643,479309;662,447322;372,489475;542,688194;591,644135;661,583161;682,562141;724,440243;703,420257;755,417246;770,422170;356,301568;130,568466;129,591457;218,669310;137,678338;371,347551;258,583442;185,682303;517,642204;499,694131;555,448412;578,524379;603,574296;586,630245;684,226505;639,519356;611,636103;593,647133;714,417472;698,531107;736,418388;703,488245;500,256587;450,327555;199,492494;260,564483;251,623388;170,709264;342,867244;353,811155;333,480560;587,366541;325,548466;539,588339;484,642299;506,689281;390,768135;668,271509;626,268514;545,388514;499,557395;480,710103;440,713103;592,428474;548,558365;526,621289;560,676193;543,691170;575,703129;722,418405;722,403456;700,419363;644,556289;639,59168;650,586111;773,293428;741,466200;777,328267;
382,649345;643,479309;372,489475;542,688194;591,644135;661,583161;724,440243;703,420257;755,417246;770,422170;356,301568;218,669310;137,678338;258,583442;185,682303;578,524379;603,574296;586,630245;639,519356;611,636103;593,647133;714,417472;736,418388;703,488245;500,256587;450,327555;260,564483;251,623388;342,867244;353,811155;333,480560;587,366541;325,548466;539,588339;506,689281;668,271509;626,268514;545,388514;499,557395;592,428474;548,558365;560,676193;543,691170;575,703129;722,418405;722,403456;644,556289;773,293428;741,466200;777,328267;323,536503;308,579455;244,612532;150,664410;150,764253;557,368554;187,650411;518,709267;430,785165;486,541472;457,584423;349,590401;561,648338;488,539472;568,663311;499,731179;478,737184;701,450419;527,727152;717,171552;610,494365;598,579346;681,448448;713,248531;659,623178;722,562190;756,307468;741,350420;712,512230;
643,479309;542,688194;703,420257;258,583442;578,524379;603,574296;586,630245;639,519356;714,417472;736,418388;500,256587;450,327555;251,623388;342,867244;587,366541;506,689281;668,271509;626,268514;499,557395;592,428474;560,676193;543,691170;722,418405;722,403456;644,556289;773,293428;777,328267;308,579455;244,612532;150,664410;557,368554;187,650411;518,709267;430,785165;486,541472;457,584423;349,590401;561,648338;488,539472;568,663311;499,731179;701,450419;717,171552;610,494365;598,579346;681,448448;713,248531;659,623178;722,562190;756,307468;741,350420;712,512230;212,583542;169,632423;106,715377;102,905365;312,897171;314,853259;204,871267;281,834349;580,466547;366,569642;425,596387;549,650379;503,718335;471,767277;397,812257;667,246557;477,743314;479,755255;575,513537;511,687313;590,728157;566,604372;598,722110;698,203539;656,604199;662,671161;604,679185;798,263464;716,407467;708,598183;771,493247;832,198443;786,289401;737,524200;
----Iteration 8----
-96,187211;226,-120128;301,11463;11,126317;351,-133-37;-306,470-47;-183,442-91;-211,261172;123,372148;207,-114207;149,257-46;191,174191;117,101306;84,-113376;
-109,33333;-50,321115;-79,215297;42,202254;-37,323109;168,273216;228,189243;160,189424;299,178375;354,132411;365,101461;
209,483381;160,439418;279,402477;165,413451;325,335584;329,320668;380,329576;407,371573;349,391537;427,388526;459,325603;574,179489;
209,483381;160,439418;279,402477;325,335584;329,320668;380,329576;407,371573;349,391537;427,388526;459,325603;574,179489;42,505327;56,516283;266,435496;467,355495;451,382571;469,328442;507,214473;516,290429;524,272455;570,175515;518,328425;574,186431;
209,483381;325,335584;329,320668;380,329576;407,371573;349,391537;427,388526;459,325603;574,179489;42,505327;56,516283;467,355495;451,382571;469,328442;524,272455;570,175515;518,328425;262,453523;349,449520;232,479545;331,384538;383,408472;461,329513;447,389491;449,393419;474,291545;523,306520;515,319494;634,305426;601,167508;600,285438;520,328416;588,394288;644,189459;648,239299;
325,335584;329,320668;380,329576;407,371573;349,391537;427,388526;459,325603;574,179489;467,355495;451,382571;570,175515;262,453523;349,449520;232,479545;331,384538;383,408472;447,389491;474,291545;523,306520;515,319494;634,305426;601,167508;588,394288;644,189459;648,239299;272,413581;368,417533;270,511492;287,515463;271,425588;228,550485;301,512435;330,555301;463,412453;416,455443;440,438341;497,349528;533,303509;480,405398;563,378449;497,427326;528,382375;513,404394;542,430300;615,225444;580,346408;614,303455;640,199442;
329,320668;407,371573;459,325603;451,382571;570,175515;232,479545;474,291545;523,306520;515,319494;634,305426;601,167508;588,394288;644,189459;271,425588;497,349528;533,303509;480,405398;563,378449;497,427326;513,404394;542,430300;580,346408;614,303455;640,199442;241,304710;282,250770;322,200718;337,331639;197,463558;188,507531;332,564485;326,537499;373,437562;413,203707;394,241700;436,160709;334,300642;394,413587;462,147743;416,184759;469,487536;432,205627;470,374474;559,418382;455,474556;575,254512;525,310487;545,422363;577,491281;615,249483;701,292331;718,211396;702,283379;
329,320668;407,371573;459,325603;451,382571;515,319494;497,349528;533,303509;480,405398;563,378449;513,404394;614,303455;282,250770;337,331639;332,564485;326,537499;373,437562;394,241700;334,300642;394,413587;462,147743;416,184759;469,487536;470,374474;455,474556;525,310487;577,491281;701,292331;718,211396;702,283379;260,322729;314,384725;305,491555;328,572450;309,607460;382,563426;354,541483;446,206748;322,323673;294,441591;315,471572;422,511538;520,152711;464,260669;386,375630;459,496508;399,516502;481,292631;524,522352;542,143652;559,228626;531,307593;502,360470;591,436384;550,452386;598,310446;635,141592;593,243529;593,377431;605,495229;649,191576;668,261527;636,323433;679,251406;686,285404;730,260322;740,215373;
459,325603;451,382571;480,405398;563,378449;513,404394;614,303455;394,241700;394,413587;462,147743;416,184759;469,487536;455,474556;577,491281;701,292331;702,283379;260,322729;314,384725;309,607460;382,563426;446,206748;422,511538;520,152711;464,260669;386,375630;459,496508;524,522352;542,143652;559,228626;531,307593;591,436384;550,452386;598,310446;635,141592;593,377431;649,191576;668,261527;686,285404;730,260322;740,215373;333,158796;349,262786;388,263749;332,422688;290,461681;374,489650;332,528643;345,579562;285,625434;411,240775;369,279741;286,410711;279,587588;326,595554;361,548528;415,588365;393,338654;440,453578;446,522526;459,540388;521,250671;523,314648;543,374545;530,544285;566,93626;567,146616;620,183599;593,290568;590,356590;648,479377;660,516241;674,350438;692,417315;634,164583;691,471290;705,258476;735,256412;747,346218;794,170339;
459,325603;451,382571;394,413587;462,147743;416,184759;469,487536;455,474556;701,292331;702,283379;314,384725;309,607460;382,563426;446,206748;422,511538;520,152711;464,260669;386,375630;459,496508;524,522352;542,143652;531,307593;591,436384;550,452386;635,141592;649,191576;668,261527;686,285404;349,262786;388,263749;332,422688;290,461681;374,489650;332,528643;345,579562;285,625434;411,240775;369,279741;286,410711;279,587588;326,595554;361,548528;415,588365;393,338654;440,453578;446,522526;459,540388;521,250671;523,314648;543,374545;530,544285;620,183599;593,290568;590,356590;648,479377;660,516241;674,350438;692,417315;634,164583;691,471290;705,258476;735,256412;747,346218;794,170339;354,221807;346,495661;234,695418;276,656477;329,374750;336,670432;414,259754;529,183684;381,524516;431,586321;544,114695;497,374585;525,402534;491,559379;467,565350;561,305612;510,445486;537,486333;604,74644;591,244646;660,514296;623,294480;616,417457;713,538234;646,195557;682,505294;700,279486;778,184406;790,272374;
459,325603;451,382571;416,184759;469,487536;455,474556;446,206748;422,511538;520,152711;464,260669;459,496508;524,522352;542,143652;531,307593;649,191576;668,261527;686,285404;349,262786;388,263749;374,489650;332,528643;345,579562;411,240775;369,279741;279,587588;326,595554;361,548528;415,588365;393,338654;440,453578;446,522526;459,540388;521,250671;523,314648;543,374545;530,544285;593,290568;590,356590;648,479377;660,516241;674,350438;692,417315;691,471290;705,258476;354,221807;346,495661;234,695418;276,656477;329,374750;414,259754;529,183684;381,524516;431,586321;544,114695;497,374585;525,402534;491,559379;467,565350;561,305612;510,445486;604,74644;591,244646;660,514296;623,294480;616,417457;713,538234;646,195557;682,505294;700,279486;349,448709;313,465684;339,584587;344,602553;314,650503;344,694458;262,701410;312,488675;300,598586;397,643506;472,181769;364,438734;414,647325;450,210685;396,466648;404,512562;448,606320;434,626282;553,67696;514,419545;606,497466;615,595206;562,113681;567,119653;646,550255;642,211614;761,176473;775,274399;757,484241;749,261433;805,189429;779,335364;798,319392;
