----Iteration 4----
1111,-124836;1109,19766;1241,-202554;736,1581089;1199,-2511104;343,-4351237;1203,-278916;1076,5121043;285,553465;239,515533;1274,-194531;1437,-229384;
647,2131352;638,1621450;570,2411215;708,2101338;401,-1391635;737,1651368;551,61512;672,1901390;812,1181183;1015,7661035;992,81253;1168,1481129;1372,535994;1356,555923;1245,681221;1376,611920;1365,5121017;1374,4071093;1459,487966;1426,4561010;1460,3611001;
647,2131352;638,1621450;708,2101338;401,-1391635;737,1651368;551,61512;672,1901390;197,2731347;596,4121308;640,-2381532;557,3891313;1176,8491110;1144,41317;1321,7861001;1254,2441280;1370,796816;1309,2471241;1380,6581081;1341,5611146;1507,6731072;1577,5531137;
647,2131352;638,1621450;708,2101338;401,-1391635;737,1651368;551,61512;672,1901390;596,4121308;640,-2381532;557,3891313;1176,8491110;1254,2441280;1370,796816;1309,2471241;1380,6581081;1507,6731072;173,-1351732;171,4651352;586,3651412;1039,10401109;558,10291255;942,10531186;156,-1181582;1034,10471121;504,4651301;1039,9881134;1139,1851337;1107,8741227;1255,2241246;1257,8771057;1234,8941051;1242,8871018;1035,2021342;1162,1981335;1310,928881;1258,-751328;1512,4541155;1347,7951061;1261,-1201413;1298,-801304;1404,5581232;1545,6751012;1368,-1621275;1530,7441024;1535,6751014;1473,5251178;1642,5231067;1497,5911161;1583,6001137;1633,5261134;
401,-1391635;1176,8491110;1254,2441280;1370,796816;173,-1351732;1039,10401109;558,10291255;1034,10471121;1039,9881134;1107,8741227;1257,8771057;1234,8941051;1242,8871018;1310,928881;1347,7951061;1404,5581232;1530,7441024;129,-1521734;180,-1061683;-22,4261453;-45,5111506;535,10601211;754,10021261;1016,10941165;1027,11411125;241,-1541724;551,8871366;1007,10921190;457,-5941889;504,8681384;876,2221528;679,6911449;1127,8651089;1072,9951074;1037,10421101;884,1331520;885,1561516;773,3051601;716,4221273;1248,968954;1231,993942;1271,944928;1290,962905;1326,904836;1373,5141264;1464,779943;1442,2391399;1468,2171428;1595,6461142;1580,6381166;1661,7421088;1545,6001221;1582,6051177;1670,5321134;1683,4851131;
173,-1351732;558,10291255;1107,8741227;1404,5581232;129,-1521734;754,10021261;241,-1541724;679,6911449;773,3051601;1248,968954;1231,993942;1290,962905;1373,5141264;1595,6461142;1580,6381166;1545,6001221;1582,6051177;1670,5321134;1683,4851131;114,-321833;89,-301840;187,6401536;504,8741476;484,9741370;1066,11531201;1031,11591137;387,-5411812;263,-2381797;213,6341579;1089,10901253;406,-5101779;464,-5851941;523,9441352;870,2831690;869,2931601;624,9151449;1193,9741174;911,2361557;892,4921411;946,11151212;1271,9501072;1433,3221542;1240,4411334;1339,930977;1345,1621565;1411,6581156;1351,3361509;1434,6281174;1454,993856;1587,4391248;1614,9051107;1517,3151509;1604,3881421;1615,9021136;1658,3511454;1682,8391088;1607,3621440;1665,4941169;1714,778932;
1373,5141264;1066,11531201;1031,11591137;1089,10901253;464,-5851941;1193,9741174;1345,1621565;1587,4391248;1658,3511454;1682,8391088;1714,778932;428,-5042059;402,-5022090;361,3701892;263,7341663;231,7351650;497,9021618;931,11811586;936,11371563;964,11241546;1028,11741221;335,3631905;912,12841405;395,2851882;299,4681903;915,13071394;999,13001249;518,1941795;979,3651753;991,10391443;1050,11191423;1027,2821788;1319,5561341;1176,1061765;1147,2941669;1303,10051091;1204,921627;1342,3691545;1552,10411019;1314,10021132;1456,3361555;1588,9621238;1552,2451558;1641,4011481;1562,10391049;1658,9811140;1578,3351521;1635,9621146;1715,6341171;1670,2681480;
912,12841405;915,13071394;979,3651753;1050,11191423;1147,2941669;1588,9621238;1670,2681480;498,-2282216;743,7932033;696,10081733;763,10501713;1017,12351648;955,12701595;395,462222;598,10001885;641,10051839;924,12441620;992,12741462;982,13321250;681,-1382103;755,10941689;762,5961963;804,9971729;1075,10551439;1130,12021268;1015,13251287;1141,2511844;1113,9451646;1119,10371527;1121,10491482;1347,10741326;1134,12271240;1091,2911817;1113,2931704;1436,8821309;1130,2811710;1204,3641654;1272,4361581;1414,8751381;1432,8621326;1257,5141631;1601,1204948;1640,2271559;1586,11351021;1595,2391600;1660,3601482;1657,7141510;1525,2021619;1622,6991576;1723,11121174;1662,9141220;
498,-2282216;743,7932033;1017,12351648;955,12701595;395,462222;598,10001885;641,10051839;924,12441620;755,10941689;804,9971729;1113,9451646;1347,10741326;1660,3601482;1657,7141510;1622,6991576;1723,11121174;377,602185;717,8202100;557,11181797;1010,12241656;501,-1412162;434,2722131;546,11231808;976,12411671;897,1922143;736,7832070;669,10501777;1120,14841361;957,6982092;770,10521754;851,10631673;1152,10951571;1178,11431549;1122,14841294;1039,5491870;1410,1346850;1287,13591484;1336,12981428;1494,1305851;1364,7021869;1232,5411895;1428,6871798;1492,7241437;1443,9471433;1622,11811103;1574,12291273;1680,11531312;1654,12261087;1809,3021684;1799,9151218;1805,9631076;1821,8771228;
498,-2282216;395,462222;641,10051839;1657,7141510;1622,6991576;1723,11121174;377,602185;717,8202100;557,11181797;501,-1412162;546,11231808;736,7832070;1120,14841361;957,6982092;1122,14841294;1287,13591484;1336,12981428;1428,6871798;1622,11811103;1574,12291273;1680,11531312;1654,12261087;1809,3021684;1799,9151218;1805,9631076;1821,8771228;1200,14421609;846,9062057;1130,14241697;1233,13951729;929,2062160;839,9831993;1283,12881793;1239,13721701;1004,2372056;1075,3862000;910,6712134;1290,10711750;1250,13661671;1340,10191804;1295,10361834;1676,13761030;1219,10041971;1314,13251569;1328,12971506;1532,12541653;1392,7541917;1470,4891848;1573,10871560;1814,2291666;1582,3771651;2076,5081604;1934,9231121;1993,7101488;2045,5561592;2093,4931589;
1657,7141510;1622,6991576;1120,14841361;957,6982092;1122,14841294;1200,14421609;846,9062057;1130,14241697;929,2062160;1004,2372056;910,6712134;1676,13761030;1532,12541653;1573,10871560;1934,9231121;1993,7101488;2045,5561592;791,7362240;765,8612108;1358,13631876;1258,14091697;1153,14581582;782,7882282;1399,11801975;1355,13641879;1306,14221629;793,6592180;1406,11181997;1286,13981933;1318,14141645;1369,14251385;1368,11352051;1727,1337921;1407,10211849;1720,6591910;1568,8531861;1861,12991244;1718,11801443;1795,5751983;1882,5181859;1990,6751584;1905,12891276;1978,4231699;1917,10201353;2021,6341671;1966,8881194;2121,5321624;
----Iteration 5----
1141,-11202;231,585253;1119,32774;915,103744;846,264387;1054,113392;63,431532;886,491274;836,735-458;1097,114332;546,63926;812,58841;844,220555;-28,391537;
985,-171492;920,-5391768;1034,641454;928,-5441821;858,-3482001;1241,1011441;1225,-231496;1242,-391494;1227,-421535;1247,-361470;
668,-6752194;676,-2602012;1036,-3031969;923,-2632081;1003,-2922080;1005,3141833;1114,3111887;1196,3061863;1215,2671601;1378,2031602;1384,2131536;
896,3911899;819,4631955;1160,4261810;1092,552064;1088,1902201;1485,3841711;1408,3931866;1418,3741957;1465,3421922;
896,3911899;819,4631955;1088,1902201;1485,3841711;1408,3931866;1418,3741957;1465,3421922;685,3952007;718,3621997;868,4281941;802,4591964;841,5721937;901,5631716;611,-2722395;694,3572042;876,4921933;655,3622079;690,3981996;1005,5431856;1151,712136;956,3231986;1128,2222089;1192,4381764;1160,4861807;1144,2202045;1236,3951847;1213,4301838;1457,4051747;1337,-852381;1333,-662317;1689,2761749;1639,2811742;1608,2791800;1618,3291764;1638,1442039;1626,3741573;1682,2881714;
819,4631955;1485,3841711;1408,3931866;1418,3741957;1465,3421922;868,4281941;802,4591964;841,5721937;611,-2722395;1005,5431856;956,3231986;1160,4861807;1236,3951847;1457,4051747;1337,-852381;1689,2761749;1639,2811742;1608,2791800;1618,3291764;1638,1442039;1626,3741573;1682,2881714;733,4252079;792,4732071;900,6801907;945,6441850;916,6281856;757,3982114;1361,1262308;1093,3132126;1220,4391860;1143,5211936;1241,4791793;1257,5821724;1486,1092328;1503,632269;1552,2762162;1489,3151821;1532,2092264;1653,3401735;1613,2712140;1647,1252042;1687,1652003;1732,472097;1727,2901647;1752,1112066;
1485,3841711;1408,3931866;1418,3741957;1465,3421922;841,5721937;1236,3951847;1457,4051747;1689,2761749;1608,2791800;1626,3741573;1682,2881714;733,4252079;792,4732071;900,6801907;757,3982114;1220,4391860;1143,5211936;1241,4791793;1257,5821724;1552,2762162;1489,3151821;1532,2092264;1653,3401735;1613,2712140;1687,1652003;1732,472097;1752,1112066;464,-4072577;318,-3502517;642,-2912469;1329,2272294;758,3282140;940,5561930;715,-3172490;372,-2452403;1207,4941981;983,6171806;966,6541891;805,4652046;1116,5471899;1200,6381765;1004,5651856;1109,3422128;1220,5691812;1301,5601735;1441,3002204;1408,3042171;1542,2202238;1390,3082088;1435,4491818;1535,1912396;1624,4581683;1651,3441782;1622,1562256;1612,1912201;1572,3381799;1676,1202187;1682,1632179;1808,1422038;1660,3321684;1779,682094;1822,3051702;1753,3381622;
1408,3931866;1418,3741957;1465,3421922;1457,4051747;1689,2761749;1608,2791800;1682,2881714;733,4252079;792,4732071;900,6801907;1143,5211936;1552,2762162;1489,3151821;1532,2092264;1653,3401735;1613,2712140;1687,1652003;1752,1112066;464,-4072577;1207,4941981;966,6541891;805,4652046;1116,5471899;1542,2202238;1435,4491818;1535,1912396;1624,4581683;1651,3441782;1622,1562256;1612,1912201;1572,3381799;1676,1202187;1682,1632179;1660,3321684;1822,3051702;1753,3381622;373,-3262587;1433,2762352;943,4012225;1057,5962018;1292,8261816;1420,-122557;1478,2722379;1302,3042416;1098,3862094;1463,-672493;1096,3802140;1296,7291772;1496,162451;1507,2272396;1449,3652217;1342,6311893;1565,942374;1361,6071886;1577,2592198;1540,4551726;1575,4761661;1612,442330;1639,1132325;1574,5061671;1650,1032276;1641,3511614;1633,3961633;1721,952253;1908,1592050;1866,2781660;1786,982124;1837,2141931;
1457,4051747;1682,2881714;1653,3401735;464,-4072577;1207,4941981;1435,4491818;1624,4581683;1651,3441782;1572,3381799;1660,3321684;1822,3051702;1753,3381622;373,-3262587;1292,8261816;1420,-122557;1478,2722379;1463,-672493;1577,2592198;1540,4551726;1633,3961633;1721,952253;1908,1592050;1866,2781660;1786,982124;1452,-432540;1333,3122439;921,4492259;979,5172196;1008,5192171;1121,6752080;1261,8911914;1200,7501938;1441,1622452;978,4902258;1270,7671935;1306,8231864;1029,5062107;1338,6531945;1382,7151825;1356,7671930;1625,1332458;1630,2292417;1552,2802377;1403,3642263;1365,7731920;1485,6501639;1422,7161767;1648,2132406;1521,3992235;1580,5291712;1629,3152197;1557,3212241;1577,5951609;1546,5821635;1648,1362408;1850,642432;1711,1052304;1705,2822168;1774,4351585;1584,5501660;1759,2502198;1781,5211399;1803,5011444;1888,3801620;1928,2341931;
1292,8261816;1420,-122557;1908,1592050;1452,-432540;1333,3122439;1008,5192171;1121,6752080;1261,8911914;1270,7671935;1306,8231864;1356,7671930;1625,1332458;1630,2292417;1552,2802377;1365,7731920;1648,2132406;1580,5291712;1584,5501660;1781,5211399;1365,142595;1319,3832453;1304,4112377;1050,5642130;1249,7752040;1268,8052023;1252,8601966;1266,8901927;1423,-372552;1291,9161895;1317,3312475;1375,3572403;1124,5192123;1383,7442005;1416,7521806;1640,2272447;1545,2812499;1476,5582069;1413,7771908;1500,6781684;1451,7491818;1794,1212469;1561,6671673;1692,1852414;1632,6161625;1696,6271580;1878,1392439;1872,3512316;1690,6691599;1871,5172346;1768,5461402;1896,642421;1900,2222388;2021,3091984;2066,4381880;2140,4951872;2034,3521932;
1365,142595;1249,7752040;1413,7771908;1871,5172346;1288,192682;1358,1902626;1250,4182399;1124,4902390;1111,5012357;1234,7772041;1322,8732026;1264,9581949;1340,9371934;1340,9002007;1405,342586;1527,-72603;1611,7452293;1406,7951950;1555,3862460;1568,6932322;1598,7611964;1619,7441998;1746,6991792;2063,1582550;1781,6482227;1840,7391572;1968,3562581;1857,7091582;1858,5962152;2071,3472537;2201,4661935;1898,5002384;2058,3572513;2206,5241905;2224,5001857;2209,5601849;
----Iteration 6----
570,-5281311;325,2051108;694,1841270;942,171398;1317,-223526;842,487852;1335,-283861;478,509615;1382,-361768;947,82609;1199,251288;
1244,-32585;650,1601163;453,4421381;435,4501386;631,2291211;492,3631365;573,41276;649,2861203;905,1166795;957,1232790;807,-46966;1183,1160625;861,46803;1126,1264746;1179,1262723;1168,1296745;1164,1206773;1149,1172791;
453,4421381;435,4501386;573,41276;540,2791292;413,4771345;484,3701371;464,3471400;529,3111360;573,2781263;400,5341366;953,8971245;506,4181369;920,9061212;1199,13461033;896,9801198;1378,9321047;1308,14021020;1348,13181088;
1253,14541114;1100,6981536;1297,14201157;1312,13831507;1336,14131427;1419,13771497;1384,14041434;1438,13851469;1446,13501519;
1100,6981536;1312,13831507;1419,13771497;1438,13851469;1446,13501519;1354,15681285;1531,13231469;1525,14741445;1454,12931474;1533,13711430;1528,13861428;1557,13041416;
1312,13831507;1419,13771497;1446,13501519;1337,17571211;1407,10321573;1203,10861690;1371,16451266;1465,16341268;1394,13711531;1470,16331301;1400,16371243;1537,12431564;1726,14551488;1700,14751475;1762,15231467;
1465,16341268;1430,17721318;1456,16781318;1447,17021327;1377,12441743;1565,13311590;1599,13431562;1531,15531626;1621,13191629;1669,14371533;1738,16331459;1762,15231532;1838,15141493;1822,14451519;1796,14521498;1770,15271478;
1377,12441743;1531,15531626;1621,13191629;1738,16331459;1762,15231532;1838,15141493;1770,15271478;1038,12661696;1257,13171679;1554,12291797;1739,18401369;1564,11861749;1597,12781657;1686,15771563;1710,13791591;1848,18081308;1721,14181581;1881,18391303;1882,14811560;1963,17381168;
1739,18401369;1195,16001658;1814,18311413;1253,16301611;1718,18511422;1732,16181642;1789,18151468;1687,17061507;1944,18181320;1907,17711387;1927,18291356;1829,14421866;1812,14761715;1912,16071650;1905,15781652;1972,18481313;2012,16441319;2021,15551280;2015,16911203;
1814,18311413;1718,18511422;1829,14421866;1912,16071650;1972,18481313;1164,15721828;1180,15291827;1202,15561813;1212,15161855;1244,15161849;1842,16201772;1952,18631388;1937,16591623;1910,17261586;2040,17761471;1966,17751538;2001,18221496;1861,15721721;1925,15981690;1971,15571704;2008,15051706;2080,17851324;2113,16441253;
1925,15981690;2080,17851324;2113,16441253;1392,19011587;1548,12721935;1426,18651647;1926,19211444;1822,17841729;1906,17391744;1872,18801644;2063,18681486;1880,17331930;2062,18151531;1968,15391774;1940,17441652;1956,16971667;1989,18841604;2049,18491506;2041,19411402;2076,15851771;2168,15191546;
----Iteration 0----
-371,-251231;776,-7181045;738,359388;357,144891;531,-3881391;329,-2161143;604,569712;773,-92984;1040,232881;333,422773;664,-2561056;403,-6971650;320,49952;1430,204478;813,-554923;3,483889;
1287,2661203;1239,2771263;632,6611193;575,6921169;918,5511264;973,7551160;1060,693904;1229,4991620;1566,6081106;1230,5241522;1522,6331192;1557,6331158;
1336,4611646;1474,8311490;1470,8621420;1533,8491451;1311,6641573;1411,9041420;1254,5351681;1513,8651413;1404,9141415;1420,5561645;1558,8821386;1560,8591372;1492,7541493;1511,6441473;1516,6161506;1527,7461466;1589,8821342;1586,8481389;1553,7251433;1572,7121418;1600,8231307;1613,5411177;1601,6031122;1617,4401221;1645,5331147;
1254,5351681;1420,5561645;1340,5211674;1362,5311670;1350,5381649;1502,10441576;1494,10091617;1505,10261558;1482,10471552;1293,6421659;1325,5271697;1490,10211612;1387,4881653;1577,9861554;1516,9971528;1439,4631663;1563,10661492;1593,9091400;1617,6631422;1654,9371399;1678,8871374;1593,6951435;1734,8951298;1701,8971342;1728,9151241;
1678,8871374;1734,8951298;1701,8971342;1728,9151241;1444,10841605;1389,11171529;1366,10791631;1515,10591601;1539,10891505;1546,8331761;1575,10711544;1574,8201747;1600,7911754;1633,10511656;1675,9581725;1700,7421879;1702,7821810;1808,7251677;1825,7491597;1785,7271641;
1546,8331761;1574,8201747;1600,7911754;1675,9581725;1700,7421879;1702,7821810;1825,7491597;1785,7271641;1376,9211770;1366,9471849;1369,9261848;1392,8942029;1394,11251726;1390,11501742;1486,12351563;1529,11781558;1359,8951862;1334,9931873;1408,12511693;1514,12271585;1356,9261871;1454,7932107;1536,9071860;1681,7701868;1697,7341926;1666,9741711;1714,11271699;1651,7781963;1749,10631704;1732,7731755;1906,7031794;1886,7261733;1921,6591803;1778,9691564;1907,6671764;
1825,7491597;1392,8942029;1408,12511693;1514,12271585;1454,7932107;1714,11271699;1651,7781963;1749,10631704;1906,7031794;1886,7261733;1778,9691564;1360,11541843;1390,11581759;1363,12221695;1481,12661581;1441,8891989;1334,11611751;1496,12431683;1536,11971609;1561,8231931;1496,11401983;1583,11151879;1628,11811679;1570,8371929;1540,8531903;1650,11371721;1732,7641950;1658,8141888;1627,8121896;1716,11191759;1665,7531993;1796,7971927;1719,10191799;1707,11121814;1754,10111680;1757,9931663;1896,11581543;1832,11181545;2011,6861806;1978,7001770;2054,6031817;2086,5581813;
1454,7932107;1714,11271699;1749,10631704;1906,7031794;1886,7261733;1583,11151879;1716,11191759;1665,7531993;1707,11121814;1896,11581543;2011,6861806;1978,7001770;2054,6031817;2086,5581813;1465,12691814;1414,13961746;1439,13551754;1617,9471929;1577,11812062;1642,12291759;1602,13271698;1582,12601783;1671,11811768;1698,11771753;1798,8651990;1748,10611802;1715,11741667;1812,10501725;1848,8981711;2021,6791770;2030,7031761;2031,6511792;2001,11451683;2100,8951712;2151,8821665;
1414,13961746;1439,13551754;1642,12291759;1602,13271698;1582,12601783;1798,8651990;2001,11451683;1427,12381979;1496,13091976;1547,13361962;1543,13371886;1495,14431648;1608,11942086;1558,11992106;1482,13531742;1833,8111950;1819,8411997;1681,11682109;1701,13061732;1773,8442078;1760,11721787;1741,12201839;1768,12751667;1856,7301942;1803,11621828;1851,12241750;1807,12511741;1998,11771666;2207,8601931;2018,10741739;2158,8751936;2091,10931728;2160,9951731;2221,9321855;2125,10451772;2201,9931762;2230,9631841;
1414,13961746;1547,13361962;1741,12201839;1803,11621828;1446,13552126;1640,13601934;1522,13841932;1609,13891788;1702,14321718;1630,12992160;1636,13811922;1716,12962173;1673,13231980;1911,14211678;1761,11972099;1883,10992107;1809,11522068;1906,13831707;1988,14851657;1954,10092003;2084,13541744;2054,8691949;2055,11731801;2016,13401754;2272,12401797;2222,12741628;2184,8531947;2257,11551812;2309,9631938;2388,9231875;2351,8621880;
1446,13552126;1630,12992160;1716,12962173;1883,10992107;2272,12401797;2257,11551812;2309,9631938;2388,9231875;1408,10732282;1580,10122242;1551,13792117;1730,14352098;1673,12892201;1876,15822012;1990,15701843;1771,9092162;1901,15701904;2024,16261824;1818,11822144;1826,13402118;2068,15861841;1956,10692020;1853,12062019;2093,15201769;2021,9771965;2245,13741895;2260,13961745;2310,9211977;2185,15191697;2325,11861692;2361,9052037;2333,11061903;2320,11091804;2405,9081855;
----Iteration 7----
1136,293131;170,-1851261;1011,-2411166;1110,-264228;291,-7141253;885,44670;432,2901203;845,610505;1057,122908;1103,-135578;
776,1181441;1091,3241418;1083,3301430;1083,3311394;1246,3971321;
776,1181441;1091,3241418;1083,3301430;538,-2611447;851,8091012;1033,7941192;1054,7931190;1086,4931262;992,5601344;1106,5191188;1044,5441330;1190,3731401;1272,4441394;1147,4731263;1254,4591391;1322,3681377;1314,4301330;
992,5601344;1272,4441394;1254,4591391;1322,3681377;1314,4301330;1215,10991154;1156,11441232;1172,11061228;904,6711419;995,10521276;1269,2931403;1157,11301171;1241,4231508;1232,5561635;1172,11261121;1406,9731327;1396,9901288;
1406,9731327;1396,9901288;1111,8921813;1341,12471505;1315,10941661;1305,12791577;1342,12931462;1338,7521810;1472,9411334;1559,8751522;1572,8071525;1485,9491307;1394,10111431;1552,8901509;1523,8981557;1606,8371465;1588,8591505;
1111,8921813;1315,10941661;1342,12931462;1338,7521810;1119,12441669;1113,8671675;1367,5201638;1474,9321590;1447,12831635;1529,11921555;1643,8541580;1569,9271480;1528,12781570;1595,9011528;1559,11761577;1604,8631580;1635,8891547;
1338,7521810;1529,11921555;1643,8541580;1528,12781570;1124,12831735;1208,12821737;1243,12251824;1283,12651785;1312,12301822;1339,12531767;1326,12771772;1276,10411827;1445,14061719;1525,12831610;1452,13621685;1617,11911585;1516,13181617;1506,9511650;1548,9231641;1585,12321497;1568,9761623;1665,12281423;1675,8991564;1700,11951462;
1445,14061719;1452,13621685;1617,11911585;1665,12281423;1326,14541771;1370,14131690;1541,13341757;1407,13651789;1418,11471950;1678,11681802;1611,13081879;1641,13331525;1798,12071507;1776,10171731;1877,10911536;1873,11351627;1901,10881546;
1418,11471950;1144,10711960;1124,10541971;1291,14931799;1204,14801800;1295,15061796;1154,10671962;1164,10472019;1262,15281762;1186,10441953;1591,13981839;1457,14961732;1602,13801853;1571,14211882;1655,14891778;1709,14141772;1767,13781878;1808,13771911;2047,13241654;2030,12751696;2054,13351648;2030,13151674;2090,13121626;
1418,11471950;1144,10711960;1154,10671962;1164,10472019;2047,13241654;2054,13351648;2030,13151674;1158,10572033;1249,13271952;1225,10491972;1537,13491949;1819,13351949;1852,15681838;1833,15501911;1950,14031799;1956,14011747;2121,13101703;2000,13831730;2088,12791747;2078,13611612;2122,12041764;2167,13121631;2127,10881802;2166,13811548;2111,13951611;
2030,13151674;1819,13351949;1852,15681838;1833,15501911;1950,14031799;2121,13101703;2088,12791747;2078,13611612;2122,12041764;2167,13121631;2127,10881802;2166,13811548;2111,13951611;1154,11802116;1244,11862105;1432,14192052;1485,15872041;1789,15721871;1537,14232039;1592,13082019;1556,15141942;1853,14631935;1931,15751791;1538,13762001;1912,15371824;1937,15011778;1977,15751751;1930,14071861;1953,13651792;2017,16231693;2013,15741738;2017,15761694;2076,13091727;2224,13081545;2064,15811658;2140,10481815;2244,11241664;2183,10121834;2251,11701652;2237,12491501;
----Iteration 3----
488,-71039;952,48121;354,2741013;905,331392;640,-4551154;939,-446917;964,9386;729,201900;777,-20983;715,424515;159,61105;292,-6871170;930,-364867;902,-87772;905,244692;744,130932;1372,13375;686,-3571121;1308,-727717;262,476774;
379,-1961048;328,-1211085;367,-1151077;929,4761021;946,4391001;1018,435897;1034,500895;1101,359956;1075,427932;
328,-1211085;367,-1151077;937,617922;1202,5171075;1153,593948;1110,581952;1245,5281060;1148,645908;1202,712886;1312,310966;1360,505962;1396,636794;1357,670811;
1202,712886;1145,736811;1253,6171177;1440,5731122;1483,6201082;1411,6741016;1413,6091155;1517,5191212;1544,5181203;1482,5301164;1549,4751285;
1202,712886;900,7181000;1089,6481291;1153,766964;1141,756991;1392,6891039;1549,6841150;1562,6831137;1695,6371535;1683,6441459;
1695,6371535;1683,6441459;1026,9541125;1331,9361077;1181,4211546;1213,8301370;1443,7201475;1290,7301510;1298,7801498;1704,8361324;1732,8121289;1763,5981465;1856,7891240;1817,7661245;
1443,7201475;1290,7301510;1298,7801498;1262,8241428;1232,8301467;1385,10351102;1279,4021699;1267,4521686;1230,4831622;1253,8331439;1372,10161247;1390,9511058;1346,4121615;1366,3791628;1358,4881592;1752,6441550;1790,6231499;1964,7391328;1912,8791427;
1279,4021699;1267,4521686;1230,4831622;1358,4881592;1261,4621794;1351,11521164;1270,4191793;1790,4231644;1805,4541620;1782,10601242;1941,9981469;1973,10191450;1926,9771581;2000,9291484;2044,8841413;1991,10391418;
1926,9771581;1159,5721948;1379,9601602;1305,14791323;1213,4911979;1383,14621470;1391,14171413;1736,7271895;1776,6841908;1571,11681565;1964,8161807;1877,8571838;1710,9491592;1702,10861501;1952,7761869;1948,8601753;2006,7711879;1947,11591489;2014,10441479;1980,10611493;2090,9361524;2026,11171446;
1926,9771581;2090,9361524;2026,11171446;1047,11891749;1317,14941591;1497,6682053;1121,12151719;1494,7092008;1541,10881717;1575,16271506;1684,11301646;1595,13941694;1908,9031900;1732,10511738;1973,12001422;1632,13571695;2005,11651528;2020,8601918;2023,9701740;1984,11871436;1977,12251394;2023,10511534;2042,11281380;2053,9121731;2057,10951487;2085,10471450;
1926,9771581;2090,9361524;2026,11171446;1317,14941591;1497,6682053;1494,7092008;1575,16271506;1595,13941694;1908,9031900;1973,12001422;2005,11651528;2020,8601918;2023,9701740;1984,11871436;1977,12251394;2023,10511534;2042,11281380;2057,10951487;2085,10471450;1488,6672117;1492,7531979;1097,13311930;1245,12032001;1643,13891913;1651,15691408;1642,15421436;1633,6902013;1394,13981659;1532,14301628;1690,15041360;1870,8291971;1857,8931950;1890,11291881;1904,8061978;1740,12451779;1761,14381205;1820,11861846;2045,8271910;2031,9151860;2131,13971093;2128,10841321;2114,9251753;2056,9531737;2206,13271219;
----Iteration 2----
701,215743;-341,222851;1060,340280;583,37917;747,381689;181,-4994;1024,74452;1081,-12578;532,219826;1294,-3771175;988,-6291309;807,41888;387,428586;851,230545;808,-1481135;1331,-201255;1272,-134943;
584,374793;1161,-3161252;738,2531229;1209,-3761284;776,891332;859,3461203;891,3531173;1097,-1581235;1276,2741106;1330,2511187;1280,2871076;1408,2341156;1407,246948;1347,253910;
1161,-3161252;738,2531229;1209,-3761284;776,891332;859,3461203;891,3531173;1097,-1581235;1276,2741106;1330,2511187;1280,2871076;1408,2341156;747,-521380;745,-491389;667,4781122;785,-691421;717,4771146;1060,-691333;848,3591189;838,3651196;1112,-3271265;958,531353;952,3191082;957,2921078;1134,-2451223;1318,2601047;1421,365959;1470,400925;1472,1801185;1367,3401000;1466,437846;1482,364953;1444,427872;1571,2051150;1573,2511105;
530,4961669;588,4471686;476,6031459;456,6071559;634,5131571;609,5471589;540,5651484;514,5501567;642,2121452;610,4021646;1038,991513;1181,1541457;1232,3681403;1211,3911340;1478,5941183;1070,1441507;1376,1311455;1753,5771313;1770,5101304;
1753,5771313;773,5931677;666,7181563;646,7211539;622,6641581;760,5191764;981,4081755;1136,1971544;740,6221568;805,7451378;1050,673987;1462,6331153;1496,1521545;1811,4381475;1621,5991462;1670,6191114;1696,5881147;1775,3491533;1795,5151459;1781,4481479;1824,5141413;1807,5331440;1851,3901459;
805,7451378;1050,673987;1811,4381475;1621,5991462;1670,6191114;895,6371985;881,6212009;793,7581750;794,7201704;985,7231566;614,7891484;919,5942003;957,5872038;982,6271985;1523,6361300;1422,1261660;1434,2111639;1522,4171632;1638,5941151;1738,4571571;1719,4711595;1776,4491562;1862,5911469;1805,4561504;
1086,6222061;926,7281935;989,8541811;1375,8131108;1113,5451993;1072,7211991;963,7681845;1190,6541988;1221,5681989;1281,6341966;1321,6901963;1688,7631870;1774,7181957;1759,7391913;1714,7631869;1737,7991836;1798,7471890;1864,5241747;1872,5341727;1902,5891647;1870,6311528;
1902,5891647;935,6492136;1281,9351939;1180,11101928;1175,11011992;1309,9311943;1371,11671851;1380,11651875;1406,11281659;1587,10631750;1797,7951993;1771,8731869;1594,10191754;1792,8172069;1742,9131807;1812,8501912;1696,9811849;1799,7702004;1844,7911885;1873,7241888;1868,8111803;1853,8571759;1847,7661937;
1797,7951993;1771,8731869;1792,8172069;1812,8501912;1696,9811849;1799,7702004;1844,7911885;1868,8111803;1853,8571759;1302,7022094;1272,7672155;1452,13041955;1509,13101928;1557,13531856;1559,12512020;1580,6532170;1749,7292073;1619,12901982;1639,13381875;1709,8282086;1783,8281939;1755,8492060;1710,8771892;1790,9241775;1709,10581759;1885,7751955;1764,10021809;1907,7582005;1822,8581830;1846,9251752;1800,9311711;
1792,8172069;1509,13101928;1557,13531856;1559,12512020;1580,6532170;1619,12901982;1639,13381875;1709,8282086;1846,9251752;1166,7612294;1156,7682303;1116,7932222;1253,11672107;1498,13221991;1620,12472077;1631,13391925;1524,13681886;1489,7982197;1546,7422204;1243,11232118;1495,12712091;1671,13351862;1418,11052129;1499,11322115;1634,13031913;1730,13021843;1736,12901918;1603,6592122;1748,8182072;1794,12531893;1756,12861891;1759,8152083;1788,7752085;1819,12511911;1787,12561823;1742,7882107;1694,13311831;1837,12162010;1864,9131948;2062,9002007;2011,8882067;2085,8982011;
2011,8882067;2085,8982011;1413,7982333;1561,13282173;1477,14161936;1472,14761899;1343,8092319;1526,14421908;1515,10042272;1519,12012190;1594,13412087;1682,11532162;1637,11802120;1644,13072084;1706,13112009;1810,13831993;1818,13591914;1699,11472138;1943,13561915;2003,13671891;1972,13241944;2006,9202102;2046,8772115;2012,13191964;2069,12682040;2220,8632289;
----Iteration 1----
282,255950;545,-9751008;1669,-1138405;382,-2141153;794,-78909;1102,-246805;513,40772;-213,-681150;682,748189;1073,331446;297,120831;480,292720;294,105868;1189,67756;374,482721;
874,591831;900,575879;903,647809;818,9841033;790,10231173;788,9731183;1430,202960;1419,167999;1467,244956;1521,337954;1539,138902;
828,11251125;832,11101064;862,10691268;890,10331339;958,9801559;1324,10091298;977,9521582;1474,5331140;1559,3691013;1507,5581093;1609,3741006;1632,4211002;1651,320942;
890,10331339;958,9801559;1324,10091298;977,9521582;855,10931247;909,10641317;822,12991324;894,11411224;968,10921281;1032,10861196;1363,10791296;1443,10691284;1368,10721283;1642,7361293;1617,9521372;1634,9781369;1706,9201208;1738,7631193;
977,9521582;822,12991324;846,11621396;939,12091244;861,11791318;1416,11651327;1516,11231348;1466,11131400;1622,8821569;1761,10791558;1811,10451564;1831,10011510;
977,9521582;1622,8821569;1761,10791558;1811,10451564;1831,10011510;677,7521670;713,7091656;1577,8891605;1472,14951538;1433,15261562;1460,15431479;1467,15061505;1478,13641559;1499,14991523;1538,15291473;1532,15301479;1549,15361430;1559,15311448;1678,15311438;1567,15711355;1790,13281334;1899,9891453;1896,10311410;1885,9561488;1804,12351259;2014,10231393;1950,10291423;
1533,15831525;1655,13711749;1878,12741794;1828,15811527;1944,11441757;1952,11881748;1847,15801630;1923,12011795;2116,11571718;2000,13301468;2112,11111806;2125,11401755;2119,11361767;
2112,11111806;2125,11401755;2119,11361767;1795,15061861;1813,16741646;1791,15751928;1768,15771924;1842,16381591;2028,12841756;1900,14641978;1921,13441963;1841,14681740;1928,16331601;1958,13771932;2017,14491790;1958,16091641;2033,11941831;2149,12941721;2019,14511743;2141,13181708;2347,11681725;2334,12141684;2373,12021700;2313,12851730;
2112,11111806;2119,11361767;1795,15061861;1791,15751928;1768,15771924;2028,12841756;1900,14641978;1928,16331601;1958,13771932;2017,14491790;1958,16091641;2033,11941831;2149,12941721;2019,14511743;2141,13181708;1717,16401709;1851,16621659;1777,17061698;1812,16831687;1837,16851667;1977,11901844;1927,14472012;1798,16161707;1960,12891813;2027,13911639;1957,14771773;2045,12281760;2148,15661549;2197,16241474;2224,15891428;2380,12411748;2329,15381538;2393,14541525;2377,12781746;2374,14311561;2399,12271764;2469,12311632;2398,12921731;
1900,14641978;1958,13771932;2017,14491790;2019,14511743;1851,16621659;1777,17061698;1812,16831687;1837,16851667;1927,14472012;1957,14771773;2380,12411748;2329,15381538;2393,14541525;2377,12781746;2374,14311561;2399,12271764;2469,12311632;2398,12921731;1819,14842104;1794,14932042;1765,15901956;1794,17231617;1815,17731558;1568,11392145;1825,16571699;1859,17261569;1826,15811914;1809,15841932;2105,13281981;2061,13212001;1827,15521898;1981,16521771;2103,16561712;2218,16461595;2088,13651969;2139,13741968;2130,17011639;2157,13191885;2194,13031869;2232,15711552;2318,16421505;2352,17091464;2390,10941830;2226,11381780;2350,10961806;2409,16841494;2528,11861744;2437,11901735;2494,11921607;2495,11911536;
1900,14641978;2017,14491790;2019,14511743;1927,14472012;1819,14842104;1826,15811914;2218,16461595;2139,13741968;2528,11861744;1754,14182151;1800,14532137;1761,15222052;1811,16252028;1795,15122097;1763,15432051;1953,16621766;2050,13882041;1908,15781962;2143,18661713;2151,13581964;2034,14001993;1959,15631965;2099,13982011;2112,13421993;2017,16611789;2174,16851664;2196,13411934;2170,16521674;2186,16841641;2264,17001569;2227,12841876;2412,10701943;2510,14331561;2475,17461540;2499,14341649;2458,13081839;2526,17711526;2490,12261902;2566,16991531;2492,12871832;2587,16731542;2638,17861518;2606,17501527;
----Iteration 8----
1022,-25415;142,422669;997,-588684;719,221565;701,405855;589,-3181170;1256,-156549;554,3491146;891,183974;
938,651649;919,951675;972,591677;1009,561606;921,1271600;940,1131611;921,6021294;1054,391649;1050,1021582;878,8221249;965,5191302;1091,3371518;1081,3281532;1111,2991503;1147,3111445;1109,3141557;
938,651649;919,951675;972,591677;921,6021294;1054,391649;878,8221249;1091,3371518;1081,3281532;1111,2991503;1147,3111445;1109,3141557;676,4751699;534,6801564;111,10701214;1103,3601514;606,5231620;829,8591255;1141,3411480;1347,1741637;1040,3901526;1129,3571438;980,5291329;1068,4841246;986,4911307;1218,3541253;1191,4781137;1416,1521410;1374,1941478;1235,2491555;1389,981429;
938,651649;919,951675;972,591677;921,6021294;1054,391649;878,8221249;676,4751699;111,10701214;829,8591255;1347,1741637;980,5291329;1068,4841246;986,4911307;519,6331637;670,6491607;769,884951;673,987925;594,991874;787,7891593;668,5151676;643,6221728;743,933946;757,980896;1078,1871646;949,5941442;764,934904;1291,2201605;798,8801014;955,7821087;1280,2771609;1068,4821337;1334,1141646;1334,1851604;1248,5401173;1265,5541127;1305,5531116;1442,2591580;1460,3231510;1419,4171572;1470,3671499;
921,6021294;878,8221249;829,8591255;670,6491607;787,7891593;757,980896;949,5941442;955,7821087;1248,5401173;1265,5541127;1305,5531116;1419,4171572;1470,3671499;615,7121738;596,7201724;423,14371092;304,14511143;1338,2411829;1354,3301762;665,7031745;781,8811591;461,13311039;400,14321116;1158,5381711;756,8911522;709,12481357;1315,3261774;1138,5641772;763,8891432;817,9741217;804,7521436;799,8841489;1361,4021656;1191,8641036;1181,6411164;1207,8301027;1273,4451536;1295,848983;1321,7431040;1714,2531504;1562,3381622;
423,14371092;461,13311039;709,12481357;1714,2531504;1562,3381622;883,10631770;894,11691390;333,15521161;270,15081175;1119,6231878;1150,7201826;233,15271222;431,14341122;1363,3881864;870,10941779;914,11511493;927,12001385;363,15161157;433,14001145;1035,10251689;496,1310995;1160,7151804;1219,12921327;1281,10341602;1343,9331590;1332,9971635;1744,2551440;1440,5831832;1406,9171605;1499,4741710;1472,7541733;1802,4381324;1478,6421591;1874,5151313;
883,10631770;333,15521161;270,15081175;1150,7201826;233,15271222;1363,3881864;870,10941779;363,15161157;1035,10251689;1160,7151804;1219,12921327;1281,10341602;1332,9971635;1440,5831832;1406,9171605;1472,7541733;1080,6151901;1113,6801897;946,10501778;847,11321766;782,12311737;456,14791297;268,1559972;1173,6501894;1166,9431799;814,12031816;753,12731740;444,14121339;458,14691276;323,15201162;992,11901642;805,12301825;1387,4741841;1038,9981794;1021,11651554;993,11831545;1107,13601471;1064,13641460;1446,4191795;1506,4701793;1485,9961596;1174,10551521;1556,4721783;1537,10501593;1566,8711624;1719,7141700;1779,6021603;1851,5701743;1896,5871653;1737,6621690;1662,6801735;
1219,12921327;1472,7541733;1080,6151901;1113,6801897;1173,6501894;814,12031816;992,11901642;805,12301825;993,11831545;1107,13601471;1537,10501593;1719,7141700;1851,5701743;1896,5871653;1662,6801735;864,9621913;756,13001794;793,13401779;894,13431739;857,13601776;650,15271318;1124,7611863;829,16561129;1213,11731853;954,12751530;829,12771806;950,16221314;1049,12071516;1119,14221445;1080,13891465;1252,8411761;1243,12991200;1167,13481422;1163,13671304;1625,7511883;1279,12571200;1687,6461822;1454,10621642;1399,11561552;1883,5791687;1462,11121589;1932,5321714;1819,8521602;1746,10281677;1870,6021692;1767,9921666;1901,6561607;1819,9121573;1761,10151694;1867,8461620;1941,8191567;
1719,7141700;1851,5701743;756,13001794;793,13401779;894,13431739;857,13601776;1119,14221445;1080,13891465;1883,5791687;1932,5321714;1746,10281677;1870,6021692;1767,9921666;1761,10151694;866,10291940;846,17301389;822,17421391;1046,12921903;923,14271682;820,14481647;917,16911270;868,13811686;989,16651441;880,16981337;1075,16091420;1486,7892037;1242,12831871;1347,16021151;1329,16791081;1602,7992035;1419,11361767;1411,11531798;1255,12661847;1320,15991175;1399,15061267;1542,10351655;1443,11051784;1438,14371239;1413,14771258;1759,6651826;1690,7671920;1791,6361844;1802,13771636;1807,13461633;1863,13341646;1975,6761682;1873,12741639;1824,13381620;2059,9801610;2107,10681536;2082,10651601;
894,13431739;857,13601776;1119,14221445;1746,10281677;1767,9921666;1761,10151694;866,10291940;846,17301389;822,17421391;1046,12921903;923,14271682;820,14481647;917,16911270;989,16651441;880,16981337;1075,16091420;1486,7892037;1242,12831871;1347,16021151;1329,16791081;1602,7992035;1419,11361767;1411,11531798;1255,12661847;1320,15991175;1443,11051784;1690,7671920;1863,13341646;1873,12741639;2059,9801610;2107,10681536;2082,10651601;1040,8041957;813,14231840;802,14761801;718,15691773;847,16941403;803,14911722;1045,17461258;1700,5571903;1686,7331976;1518,9201956;917,13841731;1063,16541369;1397,9251880;1419,15371294;1357,15491241;1691,15151346;1670,15281331;1835,9121831;1943,9131801;1975,9071800;1975,8731837;1856,11761656;1842,13961647;1898,12181636;2096,11341510;2142,8871829;1954,12981575;2448,8531802;2453,9181742;2404,8131850;2434,8071826;
1119,14221445;866,10291940;1046,12921903;923,14271682;917,16911270;989,16651441;1075,16091420;1242,12831871;1347,16021151;1329,16791081;1602,7992035;1411,11531798;1255,12661847;1320,15991175;1690,7671920;1863,13341646;1873,12741639;2082,10651601;813,14231840;802,14761801;718,15691773;803,14911722;1045,17461258;1686,7331976;1063,16541369;1691,15151346;1670,15281331;1842,13961647;2142,8871829;1954,12981575;2448,8531802;2453,9181742;2434,8071826;875,13891895;821,14621817;876,16601586;745,16451608;680,16961553;909,17421420;1031,17621236;1530,9622062;1374,9952074;971,14181845;912,16471576;986,16421444;1267,10941915;1075,12921758;1016,13721793;1191,15821242;1851,6851929;1684,14061425;1592,15581298;1953,6681984;1961,12641781;2154,10931512;1976,11411896;1970,12191788;2149,11821562;2202,10151663;2433,8961791;2260,10101736;2408,8391867;2401,9391789;
----Iteration 9----
1107,-83489;1028,-103513;281,329905;942,151154;204,331607;608,136783;174,398984;754,269211;1261,-3821090;457,-3661192;591,80940;1022,182537;642,41604;973,-5481262;380,338155;
576,700733;608,716546;670,617539;684,681481;699,663522;730,675474;712,663490;678,688537;775,687467;597,658615;995,6141345;1114,4751270;1096,5221490;1355,-2231652;1359,-1861642;1329,-1841585;1290,-1131581;1354,-711517;1112,4441275;1454,-2221629;
1096,5221490;200,5151498;224,5691483;433,4341518;1052,1141548;575,887897;604,861857;1505,-161678;1311,8221233;1523,7751377;1512,7821335;1482,7611413;1517,7891263;1541,-311720;
575,887897;604,861857;1311,8221233;1541,-311720;1070,7741550;1466,-721757;1421,-551787;1534,531735;1162,2711848;1488,1051750;1397,7491521;1551,7661425;1534,8081511;1597,7561437;1680,7161590;1653,7281637;1707,7051620;1657,7181586;
1541,-311720;1421,-551787;1534,531735;1162,2711848;1488,1051750;1534,8081511;1597,7561437;1707,7051620;921,6351766;836,7721851;904,8011673;391,10581043;481,10921027;845,993925;1044,9301089;1243,2302058;1314,2031869;1274,2142004;1284,1772070;1358,4491704;1445,3181707;1477,861783;1477,1391772;1488,8741514;1450,8951570;1531,8461567;1563,8241483;1559,7991486;1702,6081694;1649,7591281;1540,7711651;1696,7281680;1697,6771703;
1707,7051620;481,10921027;1243,2302058;1284,1772070;1702,6081694;1649,7591281;1540,7711651;1696,7281680;1697,6771703;765,7241885;709,4012204;743,8101904;725,8031972;638,1092874;779,3772315;415,10821163;1008,1742254;817,3472226;1137,10001327;1175,3312100;1043,4631938;926,9171878;1268,10791267;1307,382261;1023,5951847;1461,9431619;1378,9211648;1422,12164;1465,2292041;1549,2132062;1491,2231963;1439,8721820;1640,9271608;1782,2321954;1735,2191980;1765,4371620;1811,3401708;
926,9171878;1268,10791267;1307,382261;1765,4371620;1012,3632343;993,3932339;937,4572283;682,4672240;771,8301992;779,8132003;815,9331821;953,11121226;925,11391292;1194,-142318;994,4112216;903,4452311;882,4872074;726,8921884;1139,10701812;1379,152236;1179,3882203;1233,3592141;1417,7692072;1655,9541682;1511,10481562;1595,2982178;1478,8951815;1690,9971638;1715,9801679;1713,8741860;1722,8571811;1853,3022117;1911,2932223;1834,3632092;
1307,382261;1012,3632343;993,3932339;771,8301992;779,8132003;1194,-142318;903,4452311;1139,10701812;1417,7692072;1853,3022117;1911,2932223;1834,3632092;1144,2372406;978,5192301;709,8552015;703,9052008;854,11791277;1106,4732234;1132,10211916;1210,-1182323;1125,4192279;1361,112269;1242,5292214;1215,10101914;1332,10271851;1672,3412224;1666,2622236;1394,7922039;1458,10101753;1669,3572175;1706,11761710;1718,11471665;1754,3342124;1923,9871905;1928,9251944;1955,2972173;1947,9561922;
1215,10101914;1332,10271851;1706,11761710;1718,11471665;1923,9871905;1928,9251944;1947,9561922;941,11862197;1103,11262251;1144,11481993;1416,10451807;1682,6702514;1629,7282431;1710,10381698;1695,6672486;1698,6772460;1642,7842328;1835,9362020;1797,11001613;1743,11081658;1752,7322370;1794,9782076;1998,10231828;2010,10111865;2154,8002180;2098,8802237;2161,7572198;2136,8562167;
1706,11761710;1718,11471665;1923,9871905;1947,9561922;941,11862197;1103,11262251;1144,11481993;1682,6702514;1629,7282431;1797,11001613;1743,11081658;1794,9782076;1998,10231828;2010,10111865;1247,7762680;1022,10892261;1002,10632286;995,11022288;906,11612253;917,12092210;926,11952172;1104,13061689;1630,6272520;1190,10252479;1105,12022097;1435,12321706;1329,4472749;1396,5032722;1273,11861896;1646,6582516;1294,9732397;1438,10502023;1628,10791773;1754,11351612;1707,6262520;1744,9542101;1732,6222516;1885,10841721;1787,6832491;1803,6932438;2095,10061873;2146,9392391;2140,9412353;2192,8982391;
1706,11761710;1629,7282431;1247,7762680;1190,10252479;1435,12321706;1329,4472749;1396,5032722;1732,6222516;1787,6832491;1803,6932438;2095,10061873;2146,9392391;2140,9412353;1260,5122706;1244,4812733;1348,8412638;1293,8532580;1200,9802618;1160,11182489;1156,11672477;1222,12172412;1329,13092201;1310,13062219;1377,12471820;1310,5582698;1357,8062631;1324,10842417;1463,11652252;1608,5932620;1632,5812588;1479,8782560;1920,9902315;1569,11531862;1764,11471766;1719,6782536;2080,11001897;1929,11381825;1749,6372501;1863,10402300;2043,9881927;2255,8942421;2206,8162428;2335,8612378;2276,9082415;
