----Iteration 4----
memory=212.48828125,221.48828125,225.03125,233.98828125,237.44921875,244.234375,246.60546875,250.70703125,255.375,260.5234375
time=37.091617822647095,32.44598889350891,29.65139412879944,20.190529584884644,19.980804681777954,23.895772218704224,20.11651301383972,18.691540956497192,20.675323486328125,25.867682933807373
----Iteration 5----
memory=216.78125,223.94140625,233.90234375,237.84375,245.34375,248.078125,256.19921875,262.06640625,265.37109375,269.39453125
time=43.45156216621399,35.217416524887085,38.10932898521423,25.307722806930542,26.173726797103882,21.37731385231018,28.98343014717102,24.786309719085693,24.194764852523804,28.251752853393555
----Iteration 6----
memory=212.25390625,222.9609375,227.140625,237.59375,241.1484375,250.6796875,256.29296875,261.1640625,266.54296875,266.98828125
time=35.55906105041504,36.79535675048828,31.026508569717407,35.753763914108276,31.29716420173645,29.88876748085022,24.82508397102356,24.899903535842896,31.815491199493408,17.29950761795044
----Iteration 0----
memory=213.91796875,221.12109375,234.40234375,241.23046875,246.9765625,252.953125,259.70703125,264.59375,267.6640625,270.4375
time=37.813080072402954,51.14004707336426,35.74002718925476,31.01861834526062,29.86117935180664,28.75802993774414,23.27395510673523,28.895248889923096,25.47673797607422,21.413081645965576
----Iteration 7----
memory=218.0625,223.9921875,227.359375,236.58203125,244.859375,250.90625,256.453125,262.31640625,267.41015625,270.359375
time=44.97967052459717,29.604569673538208,29.796459674835205,26.625889778137207,34.822558879852295,36.638527154922485,23.6197509765625,32.13699674606323,29.646259307861328,25.087632179260254
----Iteration 3----
memory=215.1953125,222.48046875,233.9453125,241.09375,246.71484375,255.94921875,262.0703125,265.73046875,267.12890625,270.671875
time=48.29062104225159,41.54227614402771,30.14938521385193,33.334678411483765,30.36615777015686,33.441816568374634,26.66582202911377,29.019594430923462,25.493716716766357,17.356785774230957
----Iteration 2----
memory=215.58984375,217.23828125,230.96484375,236.40625,242.01171875,246.8046875,253.4609375,262.546875,267.04296875,271.734375
time=46.74954319000244,35.85584235191345,31.690324544906616,16.418210983276367,26.47064733505249,36.33021259307861,27.722774744033813,36.816035747528076,40.39439010620117,22.904196977615356
----Iteration 1----
memory=214.3203125,219.9609375,234.921875,242.70703125,246.79296875,259.59765625,263.68359375,269.1796875,270.5859375,270.38671875
time=38.28851056098938,43.36012649536133,43.981305837631226,32.20973086357117,35.1827507019043,42.31595587730408,28.927085638046265,31.277575254440308,19.64792513847351,12.805452823638916
----Iteration 8----
memory=267.96484375,269.3359375,259.15625,256.8203125,257.296875,258.06640625,258.6875,259.890625,260.7578125,261.12890625
time=47.82309031486511,16.534682750701904,9.234733819961548,5.8808488845825195,6.5343427658081055,7.487151622772217,5.60404109954834,8.47656774520874,7.467483043670654,5.859408378601074
----Iteration 9----
memory=270.2109375,256.8046875,257.36328125,257.96484375,258.70703125,259.4609375,259.56640625,260.9375,259.0390625,259.95703125
time=25.279149532318115,8.986424446105957,6.5307958126068115,7.44356369972229,7.059303045272827,6.849397420883179,6.1057658195495605,5.808211326599121,4.20629358291626,2.8829522132873535
