----Iteration 6----
360,292230;-124,609499;-314,641844;-82,407391;268,286576;-124,282941;11,399750;402,126277;405,67-19;-308,576634;339,576270;
45,428487;200,464261;-41,773308;-190,696531;-198,697681;-124,609499;176,410280;-166,657712;268,286576;11,399750;-19,49273;71,357475;91,337412;280,319239;361,483-5;466,311165;453,355162;512,306207;513,344143;
45,428487;200,464261;-41,773308;-198,697681;176,410280;-166,657712;268,286576;71,357475;91,337412;280,319239;466,311165;512,306207;513,344143;-175,576722;-185,751678;-222,762667;20,488887;-159,577654;-126,708591;-105,684620;-98,678584;-25,524584;-101,698560;317,211775;69,72578;181,610162;208,6012;358,210838;267,226839;413,53327;303,165943;363,181914;414,49585;403,96767;460,140709;456,381171;475,494129;437,51467;476,47181;499,242250;582,358115;624,29520;
200,464261;-41,773308;-198,697681;176,410280;-166,657712;280,319239;512,306207;-175,576722;-185,751678;-222,762667;20,488887;-159,577654;-126,708591;-25,524584;69,72578;181,610162;358,210838;267,226839;413,53327;303,165943;363,181914;414,49585;475,494129;437,51467;-351,609828;-556,865797;-289,813700;-294,832763;-364,972693;-211,819589;-72,701650;-158,717616;-83,732522;-216,855639;-62,671635;15,695485;-87,750509;343,98919;383,294639;136,453493;148,6967;369,121860;338,256835;152,467485;225,658-78;423,103811;171,376530;224,442233;279,638-29;211,69060;425,130743;488,157708;426,54516;467,187740;678,208378;517,489179;733,272273;634,442136;715,216314;780,62278;
-41,773308;-198,697681;-166,657712;-185,751678;-222,762667;20,488887;-126,708591;358,210838;267,226839;303,165943;363,181914;475,494129;-351,609828;-556,865797;-289,813700;-294,832763;-364,972693;-72,701650;-62,671635;-87,750509;343,98919;338,256835;423,103811;467,187740;517,489179;733,272273;634,442136;715,216314;780,62278;-400,238948;-391,649802;-408,854750;-561,979759;-654,984761;-355,1019684;-273,934661;-261,926627;-287,990650;-10,622638;-136,864661;353,215812;264,275733;210,616802;165,845145;158,814225;398,160900;374,397723;244,580749;392,747579;424,-6804;443,182770;535,235721;550,310714;583,719-11;552,191702;462,669100;580,725-45;600,181667;610,396531;566,566128;739,155528;709,233604;674,392371;925,190273;809,366-106;808,409-39;930,219201;956,147256;
-198,697681;-185,751678;-222,762667;20,488887;475,494129;-351,609828;-289,813700;-294,832763;-364,972693;-72,701650;517,489179;733,272273;634,442136;715,216314;-408,854750;-561,979759;-654,984761;-355,1019684;-273,934661;-261,926627;-287,990650;-10,622638;-136,864661;210,616802;158,814225;244,580749;392,747579;550,310714;462,669100;610,396531;566,566128;709,233604;674,392371;925,190273;-403,612841;-370,741813;-535,870842;-650,975763;-330,1062624;-217,1048619;283,-781020;69,995249;432,2751003;-38,691788;-70,734608;84,835385;190,919205;441,2331017;539,325740;362,744586;239,849212;675,876-63;207,913158;512,263899;377,733582;357,775593;604,283763;639,308656;410,720492;552,8679;606,245776;427,438758;624,914-10;612,289687;785,769-93;762,852-96;753,171705;658,219692;865,58656;830,140675;852,411134;866,127593;967,291221;893,16617;966,304260;
733,272273;210,616802;244,580749;392,747579;550,310714;610,396531;674,392371;925,190273;69,995249;432,2751003;-70,734608;84,835385;190,919205;441,2331017;539,325740;362,744586;239,849212;512,263899;377,733582;357,775593;604,283763;639,308656;410,720492;606,245776;427,438758;612,289687;762,852-96;753,171705;865,58656;852,411134;866,127593;967,291221;893,16617;966,304260;429,2681040;63,4861015;-212,5701182;-226,6071205;-499,938932;-152,1087893;-124,1056759;-228,6981118;-449,884931;430,2421045;232,2751184;32,709949;-13,7311015;120,988237;487,1901024;223,607827;316,817274;263,919200;691,91440;298,976101;535,2171004;437,820171;718,929-10;552,162971;558,195914;600,263785;594,569607;751,777188;731,186863;752,263741;560,787292;941,856-149;718,149911;861,832-86;851,209688;784,425159;1108,-23290;962,609-68;1046,-53310;959,603-22;1048,65246;
392,747579;925,190273;432,2751003;84,835385;441,2331017;362,744586;239,849212;377,733582;357,775593;410,720492;866,127593;967,291221;893,16617;966,304260;429,2681040;-226,6071205;-499,938932;-152,1087893;-124,1056759;430,2421045;232,2751184;316,817274;263,919200;691,91440;298,976101;535,2171004;437,820171;718,929-10;594,569607;751,777188;560,787292;851,209688;1108,-23290;962,609-68;1046,-53310;959,603-22;1048,65246;193,2811171;-203,5621197;-261,8321023;-470,934943;-195,1003895;-169,1091547;284,1751231;-151,9221001;172,1047353;350,1831186;275,2171217;348,4551047;134,6741191;86,7581184;-122,8301092;197,930376;407,3761029;512,645917;428,756343;266,926163;707,953-57;522,2171071;685,94511;537,1611027;573,176972;776,346958;658,541800;657,764244;987,902-102;796,306913;786,504773;822,366880;938,858-60;845,226810;829,567223;868,64659;917,682138;902,69501;941,119310;981,74410;1064,543-79;
232,2751184;691,91440;751,777188;851,209688;193,2811171;-169,1091547;284,1751231;350,1831186;275,2171217;134,6741191;86,7581184;522,2171071;685,94511;776,346958;657,764244;987,902-102;796,306913;822,366880;845,226810;917,682138;-141,5501291;-171,6591248;64,8521171;-359,9581092;-443,1113900;320,1281257;211,2251304;80,8161148;8,10881045;340,1184295;364,1501222;235,2491199;159,7291127;56,9651016;101,1333488;252,1172443;521,4991066;499,6761078;666,698932;185,8531044;742,2101137;667,727827;380,1060342;709,2951013;620,806840;680,938171;784,1881098;770,328967;766,595797;823,93923;809,550778;833,9387;854,998-1;895,190757;1167,280582;1088,574578;1015,885-39;1064,614596;1078,683-37;
232,2751184;193,2811171;284,1751231;350,1831186;275,2171217;134,6741191;86,7581184;776,346958;987,902-102;796,306913;822,366880;-141,5501291;-171,6591248;64,8521171;-359,9581092;320,1281257;211,2251304;80,8161148;8,10881045;340,1184295;364,1501222;235,2491199;159,7291127;56,9651016;101,1333488;252,1172443;521,4991066;499,6761078;666,698932;185,8531044;667,727827;709,2951013;620,806840;784,1881098;770,328967;1167,280582;1088,574578;1015,885-39;1064,614596;1078,683-37;-92,6761194;-139,6831244;150,7711113;-315,9721089;-161,10161058;-146,1124965;-148,1152835;-29,1208738;-84,1225704;172,2311291;131,7631126;140,8791090;-94,1266785;699,2141185;170,7341124;133,993985;83,1096548;370,1198233;555,2461127;463,824953;647,908758;372,1163341;748,2301143;633,3901055;733,807775;630,950814;415,1073425;806,1641094;783,2051111;711,679946;717,907757;799,106668;799,276957;737,800795;905,1011230;888,468849;851,998446;959,942305;1050,101975;865,703671;950,958319;934,992290;1015,623845;1098,50725;1121,450477;1191,528331;
134,6741191;86,7581184;776,346958;796,306913;822,366880;-141,5501291;-171,6591248;64,8521171;211,2251304;80,8161148;8,10881045;101,1333488;521,4991066;499,6761078;666,698932;667,727827;620,806840;770,328967;1167,280582;1088,574578;1064,614596;-92,6761194;-139,6831244;172,2311291;140,8791090;-94,1266785;699,2141185;555,2461127;463,824953;748,2301143;633,3901055;733,807775;630,950814;806,1641094;783,2051111;711,679946;717,907757;799,276957;737,800795;905,1011230;888,468849;851,998446;959,942305;1050,101975;950,958319;934,992290;1015,623845;1191,528331;-75,5541289;-138,7001218;219,8141142;-70,10901184;155,10281052;-41,11761060;624,1971283;-13,8991146;519,3581222;196,9261072;569,1158893;666,1201810;471,1364284;651,2141235;596,1166854;739,1280750;723,2451146;754,1761166;690,2651082;796,2251100;747,3001048;948,1991063;906,274994;796,558854;757,788790;862,901586;902,110483;1007,961-21;1029,717778;1112,191959;1047,92597;1237,559288;1081,84619;1121,61946;1187,459495;
----Iteration 1----
393,3610;-184,568445;626,227539;238,369104;-76,525577;-68,-3617;-249,544639;43,523165;465,232113;-168,77080;98,6167;263,329405;199,-152572;136,507-31;200,487422;-3,540393;
-281,196729;-405,328825;-399,681740;-418,667847;-364,293823;-277,657669;-431,702822;-296,263822;-271,678650;-406,589758;-235,673642;-289,548691;-294,739710;-127,703580;-126,614634;-165,712603;-188,795-190;-154,720545;-112,692539;85,161488;265,434430;183,530420;106,159714;382,378433;364,418464;441,315475;406,383348;405,318466;451,244450;
-418,667847;-294,739710;-188,795-190;106,159714;382,378433;364,418464;-262,303865;-219,604779;-275,668814;-283,716790;-297,757839;-334,792831;39,564852;-238,805632;-89,722672;73,506789;65,597781;81,479681;172,634274;132,649190;125,536679;199,344693;278,546457;190,501665;257,329643;310,556379;340,59143;284,306624;283,318622;308,6102;322,313614;494,365582;484,433388;481,471359;629,348544;
-275,668814;-334,792831;-238,805632;278,546457;310,556379;340,59143;-194,375933;-250,804791;-350,660871;-243,693795;-296,776851;-353,806805;97,645920;-321,659870;-83,803687;61,800649;115,765607;54,647930;131,586896;159,603831;205,733533;275,579852;201,652604;222,609569;241,626394;316,65079;292,63395;338,57995;329,65866;537,465856;524,476482;417,566128;449,499750;582,429865;659,447859;
-334,792831;-250,804791;-296,776851;-353,806805;97,645920;-83,803687;61,800649;115,765607;205,733533;659,447859;-128,4511017;62,655949;100,692878;89,716880;-375,657890;-382,754862;68,813597;78,643988;285,639894;-221,813763;158,804490;142,642925;258,605941;144,738555;303,588958;277,734506;396,564967;642,679369;403,442956;592,359948;617,421918;607,503878;445,585872;569,668704;545,681639;731,821263;648,468892;557,595729;584,652570;638,399906;596,628714;752,838203;686,380843;714,411838;696,404840;812,758207;790,411777;782,758225;808,366782;740,565702;801,804224;
61,800649;659,447859;68,813597;285,639894;158,804490;592,359948;617,421918;607,503878;445,585872;569,668704;648,468892;557,595729;638,399906;596,628714;686,380843;714,411838;696,404840;790,411777;808,366782;740,565702;-61,6901116;-5,6951072;103,6791065;97,7161016;-342,8111069;-311,9011023;-195,904977;77,6231158;-99,836943;-70,812936;-194,8381020;-138,868993;138,843538;160,6811040;153,761997;178,637996;242,683951;24,791809;148,833536;268,681902;710,768572;409,6211145;577,528941;361,624805;549,644719;587,479893;582,558826;608,772653;949,881295;678,434780;732,421809;780,385813;841,439743;942,580488;917,697412;922,575525;914,580639;990,680383;
592,359948;-5,6951072;103,6791065;138,843538;153,761997;148,833536;710,768572;409,6211145;608,772653;949,881295;841,439743;914,580639;51,6191366;185,5421560;-170,7401193;-308,7851151;-185,9191104;-67,8791028;60,904970;118,6091343;105,6701314;-49,8541147;-15,928954;329,903391;176,5831436;182,825835;237,5211388;220,5711451;756,660764;339,2761183;414,5961166;629,753664;492,6051137;922,864343;553,6331069;585,7411046;897,886384;940,902248;801,426882;823,445840;709,715928;931,406923;1014,869212;917,586569;1115,793504;1096,752539;
710,768572;409,6211145;608,772653;914,580639;185,5421560;-185,9191104;-67,8791028;60,904970;-49,8541147;-15,928954;182,825835;220,5711451;629,753664;585,7411046;709,715928;1014,869212;917,586569;1115,793504;1096,752539;150,6001474;208,5861485;88,7001479;159,6601450;176,6171447;-92,8961053;35,944932;601,955277;207,901604;209,6321424;340,6881297;299,822711;671,924355;223,8171353;331,6091402;384,2921239;396,2991209;437,5961198;543,6491106;441,2931226;584,6151165;583,6431094;788,728912;734,769522;624,6091053;767,656997;968,905444;874,709949;899,692924;804,674972;1044,573903;1087,557951;1097,4901032;1235,4631010;
-185,9191104;-67,8791028;60,904970;-49,8541147;-15,928954;1014,869212;1096,752539;88,7001479;-92,8961053;35,944932;601,955277;207,901604;671,924355;788,728912;968,905444;874,709949;899,692924;1044,573903;1087,557951;1097,4901032;1235,4631010;150,6271553;115,6581506;111,6951471;76,7091429;-1,7711427;19,8531056;-96,9161092;512,985457;162,6121517;247,6861490;414,972539;418,6591471;453,6101573;320,7611408;724,8441385;885,777872;892,712896;890,751819;952,853506;786,6511153;853,678998;1005,696835;911,592938;1125,844519;1211,4571097;1123,812523;1144,4861118;1194,4471136;1186,589854;
-185,9191104;88,7001479;1235,4631010;111,6951471;76,7091429;-1,7711427;-96,9161092;247,6861490;418,6591471;453,6101573;320,7611408;724,8441385;885,777872;1125,844519;1211,4571097;1144,4861118;1194,4471136;1186,589854;162,6851561;165,6911515;260,8491320;463,1067992;169,6431568;510,5771545;455,1019998;475,1062988;494,6601442;419,10231076;929,1025783;956,1044462;663,7841398;655,8901298;862,831866;887,999825;753,7941304;927,916791;786,6621197;991,919680;944,6541160;1048,6391182;1033,893456;1091,5891213;1089,7591047;1139,5701086;1200,5491019;1162,823586;1264,655761;1300,627750;
453,6101573;724,8441385;885,777872;1125,844519;1194,4471136;1186,589854;463,1067992;510,5771545;455,1019998;475,1062988;419,10231076;929,1025783;663,7841398;655,8901298;862,831866;887,999825;753,7941304;927,916791;991,919680;1091,5891213;1089,7591047;1139,5701086;1162,823586;1264,655761;1300,627750;463,5161620;244,9681367;292,9331346;257,9411270;299,10141101;276,1123880;279,1129834;502,5271568;391,8461657;543,4991513;644,7011489;398,7971711;473,9251322;829,1108889;1074,1136546;594,7421497;671,9141241;732,9271203;832,1098956;1009,1209560;755,7821325;815,5181318;802,950980;895,1050737;1100,1192530;1077,5771253;1057,6661215;1039,7381129;1075,6031195;1157,931496;1226,5291133;1370,5591068;
----Iteration 5----
419,394102;-309,779321;-156,549586;431,-123347;35,256747;548,134297;-327,284686;257,616493;380,43366;-205,868-277;139,65679;-519,623328;-618,469734;
279,591428;316,614390;246,625378;448,162739;257,616493;626,528499;630,584492;577,534523;695,575490;687,375649;685,130794;728,320694;716,277738;726,318696;
257,616493;685,130794;716,277738;232,727490;248,694429;360,114805;96,607581;329,670404;333,660343;405,416731;802,390724;634,607508;610,626468;686,204773;891,495670;768,442693;824,505653;752,604413;878,457678;852,536648;828,601624;917,566587;874,572558;909,498608;
685,130794;232,727490;248,694429;360,114805;405,416731;610,626468;891,495670;768,442693;878,457678;852,536648;917,566587;874,572558;909,498608;209,683599;157,738536;255,699384;251,663548;815,401725;711,394789;397,785268;806,382780;721,420721;596,675452;930,481654;774,649384;851,535670;868,592618;848,622680;890,439719;905,538626;946,620463;
917,566587;848,622680;946,620463;258,475810;-89,684696;205,935520;590,228878;577,268934;495,858681;447,894607;774,385851;500,875671;933,520693;760,784455;756,845504;812,468832;1006,501751;891,618695;924,549713;809,674675;759,742526;838,634793;968,676459;944,531632;994,546565;1067,575436;
756,845504;759,742526;838,634793;968,676459;1067,575436;581,570939;511,4361032;417,693969;556,592873;480,728836;416,773722;385,849987;505,907696;495,909637;535,4691015;400,5471060;438,748859;547,900593;376,1026849;585,911578;817,457934;585,642813;824,906405;860,399942;783,476824;619,690577;901,471894;782,793462;955,682767;869,689606;851,890395;926,448796;987,672773;897,888393;1026,613762;1057,489703;1096,517433;
1067,575436;581,570939;556,592873;385,849987;535,4691015;376,1026849;585,911578;817,457934;585,642813;824,906405;860,399942;901,471894;851,890395;926,448796;897,888393;1026,613762;1057,489703;1096,517433;426,5591106;248,969975;323,900935;316,903913;507,913702;552,966657;433,5341078;236,9351044;286,911924;589,4331045;459,6951073;425,817890;444,815918;431,863856;572,956640;631,435973;783,431953;512,6331062;601,628868;581,646820;519,788858;486,854719;663,900448;866,913352;834,421921;788,819675;765,881626;893,479913;886,774811;922,856366;1098,257920;971,343935;968,816776;940,426781;1106,246919;995,679777;983,852565;1098,275876;1019,734540;1158,407786;1143,239875;
385,849987;376,1026849;585,911578;824,906405;851,890395;897,888393;248,969975;323,900935;316,903913;507,913702;552,966657;236,9351044;286,911924;589,4331045;459,6951073;444,815918;572,956640;512,6331062;788,819675;765,881626;886,774811;968,816776;983,852565;436,5801142;201,9901135;263,9121025;334,6691132;683,1017551;664,3971044;520,748956;439,907906;721,962439;780,5301025;778,873886;692,969462;930,933386;697,578998;850,859506;945,880392;1072,755893;1032,842666;1132,684822;1043,811714;1208,577986;1382,4751033;1333,4961004;
385,849987;376,1026849;248,969975;323,900935;316,903913;552,966657;236,9351044;286,911924;459,6951073;444,815918;572,956640;886,774811;968,816776;983,852565;201,9901135;263,9121025;683,1017551;520,748956;439,907906;778,873886;930,933386;945,880392;1072,755893;1032,842666;1132,684822;1043,811714;1208,577986;1382,4751033;444,4961221;376,7181207;214,9291048;398,928798;344,1058675;682,1029547;525,6831150;696,6561126;291,8641057;233,950995;789,1010568;786,1031541;567,770921;820,878850;904,952455;927,935371;863,934725;1037,869448;973,911368;1093,5361013;1003,809760;1067,814652;1018,6441101;1069,806379;1083,684827;1137,629913;1266,515928;1280,4991079;1349,4311048;1333,5011064;1364,520905;
983,852565;201,9901135;683,1017551;778,873886;930,933386;945,880392;1032,842666;1208,577986;1382,4751033;444,4961221;376,7181207;682,1029547;525,6831150;696,6561126;789,1010568;786,1031541;820,878850;904,952455;927,935371;863,934725;1037,869448;973,911368;1093,5361013;1018,6441101;1266,515928;1280,4991079;1333,5011064;1364,520905;353,6691224;351,6441310;332,7331160;344,9861097;390,9781048;594,1043900;515,1104800;561,7301138;306,9521141;542,1099797;689,5231154;513,8791089;544,968993;848,4701253;801,869880;859,729978;970,904389;1071,5391023;1050,852481;998,879435;1247,764966;1176,806957;1382,847623;1388,806651;1289,541923;1349,4441076;1305,824853;1403,789749;1431,759495;1460,716466;
778,873886;1382,4751033;376,7181207;525,6831150;696,6561126;820,878850;863,934725;1018,6441101;1266,515928;1280,4991079;1333,5011064;1364,520905;353,6691224;351,6441310;344,9861097;390,9781048;594,1043900;515,1104800;561,7301138;513,8791089;544,968993;801,869880;859,729978;1247,764966;1176,806957;1289,541923;1349,4441076;1305,824853;1403,789749;1431,759495;1460,716466;319,6491307;531,4941422;733,5621377;318,9731164;295,10001238;292,10231174;187,11121091;413,10851037;553,1102965;805,1051648;642,5031385;825,5281300;881,5871292;783,8141120;464,8991162;866,1036594;898,5571284;780,846887;1109,1016468;1008,6881056;873,848815;1143,1005506;1206,4511187;1183,766903;1172,963484;1173,953420;1226,5411150;1224,6061007;1361,5061022;1330,819745;1368,876649;1374,759883;1418,851713;1412,905630;1436,4461020;1438,4811009;
----Iteration 3----
255,52422;491,224183;-116,408494;-73,274867;39,379496;488,519391;-174,664211;-67,289771;-315,75048;101,62630;218,190504;-10,643-228;585,25-251;579,-224-136;151,-133728;
144,4531036;467,758577;273,886678;384,289890;346,832717;334,854765;388,685678;400,638647;
144,4531036;343,915765;285,783940;364,882761;305,731939;400,887746;345,717976;516,804862;465,872934;479,840898;
285,783940;305,731939;345,717976;465,872934;479,840898;135,6741042;117,763949;395,957782;116,7941021;50,828966;438,1025774;55,2731088;401,6691019;223,749961;101,8151009;159,792937;407,881796;477,1007688;337,6551038;365,693996;497,958627;423,6261014;645,878859;508,912610;690,732932;709,789927;766,709961;768,821899;826,699958;817,762897;842,722900;
645,878859;826,699958;817,762897;842,722900;137,4121295;119,5111290;134,7651134;136,8111117;135,8521070;350,9241035;345,9741039;129,3701324;135,6231284;196,7341277;474,1069993;514,1056834;389,6301266;511,8431093;479,8641005;535,1028861;423,6091141;435,7801117;614,1044833;539,890997;579,7571002;542,905986;641,1104793;662,1014766;805,867997;841,680933;
826,699958;817,762897;842,722900;196,7341277;474,1069993;389,6301266;511,8431093;641,1104793;662,1014766;805,867997;841,680933;111,2611646;289,7411212;433,11001050;213,6241410;160,7561241;439,10931061;435,10771071;427,9421136;517,10411032;443,8481189;617,1091914;474,5321319;578,1008985;272,2331688;481,4841260;596,1036947;601,7071091;796,10041027;493,6771144;563,7211093;741,9791080;757,8261081;786,7261041;801,1011896;805,7511016;
111,2611646;517,10411032;272,2331688;796,10041027;741,9791080;801,1011896;267,2911645;-43,4411562;-85,4831534;302,8031469;308,8341462;267,8731464;221,8791492;513,11661105;600,11891016;609,1179860;-84,4651575;-55,4671567;302,7901488;387,4781508;235,8451484;459,11551201;627,1147855;597,4571507;399,8331320;674,1132848;643,6861426;620,4201503;693,7211235;763,10261042;630,3711455;641,7781401;645,3401433;680,3441432;757,5761359;785,1100975;782,2481575;760,8441087;766,1101987;875,9041068;838,2501340;902,6891078;902,3661200;922,6891005;
796,10041027;741,9791080;267,8731464;513,11661105;459,11551201;643,6861426;641,7781401;757,5761359;785,1100975;782,2481575;766,1101987;875,9041068;838,2501340;902,6891078;902,3661200;922,6891005;366,6041581;305,9911428;248,9911496;296,10731337;363,10781318;555,11701066;368,5931584;313,8531473;361,10321335;659,12311017;481,5271638;334,7911511;577,4421600;381,8611464;374,9701362;475,10761243;701,1209978;703,1241951;643,3351715;686,4051557;594,7631410;617,10801078;620,1272995;725,1202914;667,3161755;746,9361285;686,9461263;754,3731565;706,9421373;778,10631061;709,1156919;790,2091561;707,6651554;849,1089908;805,1301519;814,8831090;892,1151443;879,8111125;835,2701334;924,1135863;841,2201251;888,6121193;
513,11661105;459,11551201;363,10781318;555,11701066;754,3731565;706,9421373;892,1151443;924,1135863;355,10851390;528,3011793;526,3611847;373,8651633;710,11651161;452,9711522;268,10751444;692,3591763;436,7081766;442,10451517;407,10851317;741,3391760;714,3801762;886,11341090;643,6441683;712,9101498;718,9081501;711,10481273;794,3611686;764,7201513;789,9961364;777,11391269;779,12901056;745,6861624;898,10541264;862,2751576;838,5131330;931,10911032;952,8481236;961,10301087;961,4071361;904,9961250;921,1137956;959,1067963;
706,9421373;892,1151443;924,1135863;526,3611847;373,8651633;692,3591763;436,7081766;741,3391760;714,3801762;886,11341090;643,6441683;712,9101498;718,9081501;711,10481273;794,3611686;789,9961364;777,11391269;779,12901056;745,6861624;898,10541264;862,2751576;838,5131330;931,10911032;961,10301087;961,4071361;904,9961250;921,1137956;-21,9651664;-100,10151591;290,11651476;629,12331155;649,12661150;536,3521855;524,4081867;540,4581775;-44,8881670;467,10881525;206,8291644;53,8981597;417,11161551;604,3871807;698,3171806;488,7391757;440,9701567;428,10721543;604,10921433;825,12391072;678,6141668;889,11121110;746,2721758;648,7541602;758,11761209;811,6791623;776,7301518;975,10801003;817,6711654;836,7571487;987,9471302;950,1096997;852,1731600;1079,9841084;992,4581247;1022,1080873;1048,5001174;
706,9421373;924,1135863;526,3611847;373,8651633;692,3591763;436,7081766;741,3391760;714,3801762;886,11341090;643,6441683;711,10481273;794,3611686;789,9961364;777,11391269;779,12901056;898,10541264;961,4071361;921,1137956;-21,9651664;290,11651476;536,3521855;524,4081867;540,4581775;467,10881525;417,11161551;698,3171806;488,7391757;440,9701567;428,10721543;604,10921433;889,11121110;746,2721758;758,11761209;811,6791623;817,6711654;836,7571487;987,9471302;1079,9841084;992,4581247;1048,5001174;549,3971830;521,5211825;-11,9241677;211,9901636;244,10211593;95,10891558;281,11471488;357,11761450;375,11981392;674,13841169;689,12781065;696,2861815;678,3931821;213,9231659;445,10681561;729,12771236;697,3281782;539,6511745;533,8071709;695,12121339;881,7241595;724,9201503;555,10031444;842,12601129;747,6741672;779,7941627;794,10861235;835,12461159;956,10051358;906,10221334;1048,11251063;927,2871615;1034,10711124;952,6291557;1014,10361147;939,2751560;975,9701292;1055,10231081;1021,9711238;1042,10231160;1099,5911150;
----Iteration 2----
-464,703211;203,409678;245,266421;-607,606447;-355,453539;439,342305;366,429409;14,-129693;485,-210451;-373,516528;342,512-103;-172,471499;
-126,506475;-214,61743;-262,62028;-204,602364;105,598154;-155,559393;89,573178;98,161766;54,287723;-3,465320;116,547212;146,504294;223,259727;282,350721;223,414641;208,372648;250,411641;
-262,62028;-204,602364;105,598154;-155,559393;89,573178;116,547212;-186,466661;-196,470689;-116,490551;-53,544321;-82,635-10;-82,645-25;-141,548481;-83,665-4;37,619116;-110,6582;47,611-86;162,399879;112,555193;148,433837;232,535475;153,53993;329,397845;251,533534;387,465781;347,460817;447,392928;
447,392928;208,1811074;156,2661027;135,2901075;207,392972;225,1911028;197,4361024;207,496961;95,519971;277,577941;299,314955;347,833604;328,277949;386,792568;423,746602;508,470761;460,501921;453,720560;469,403835;
347,833604;386,792568;469,403835;152,853562;469,766635;406,562985;489,767578;367,5561116;403,5511108;409,4701018;429,650975;442,571982;520,714607;468,545989;644,635552;514,736507;506,386907;630,649596;742,498819;738,534817;
347,833604;406,562985;429,650975;442,571982;742,498819;738,534817;149,2041213;103,2241204;179,748855;76,766897;88,2591261;73,2731236;-182,5801040;153,750927;220,1079581;450,792684;375,827700;339,672888;322,830696;585,5111171;649,5461160;603,742859;542,797654;563,5571176;589,794617;709,502887;631,672729;781,560781;756,761619;777,782596;715,535842;
88,2591261;73,2731236;253,785969;264,789947;161,819928;174,901839;184,1179674;101,1184763;344,1251501;346,1147528;115,873846;219,806932;139,868875;412,7231153;513,1009722;295,736925;495,1097696;445,6821162;591,1109559;650,5751213;672,5961139;581,5881225;702,801851;598,1075585;715,740897;705,5191115;731,4811147;778,752891;652,825595;736,878417;784,798846;826,5731039;859,757780;
174,901839;412,7231153;513,1009722;495,1097696;445,6821162;591,1109559;650,5751213;672,5961139;702,801851;598,1075585;715,740897;705,5191115;778,752891;784,798846;826,5731039;859,757780;51,3091318;166,9661191;165,1573801;145,1515804;172,1518732;430,1539617;40,1000870;313,7161190;256,1447814;549,1529498;365,7881106;382,1126818;203,1481762;352,1487680;554,1493448;640,6481255;420,1088819;318,1524695;611,6771297;343,9001018;430,1383817;730,4811218;613,776962;486,1095739;569,996674;566,1110596;753,4951165;683,6851099;603,1064630;685,940698;630,1022635;749,5941104;831,5561089;791,895668;797,6101045;813,847621;
702,801851;778,752891;784,798846;859,757780;166,9661191;165,1573801;145,1515804;430,1539617;256,1447814;549,1529498;352,1487680;554,1493448;318,1524695;430,1383817;685,940698;749,5941104;831,5561089;791,895668;797,6101045;813,847621;62,3641366;191,10001138;167,10041128;382,11071003;423,1110938;82,1512953;147,1466965;32,1582997;104,2961359;295,11761025;242,1539767;179,10021190;164,1363888;156,1489911;701,6151257;578,8791342;235,1194906;229,1479792;458,1452642;551,1504477;657,8421331;403,1089991;361,1119928;466,1527579;692,7781331;485,9231074;436,1173831;590,1446460;619,852996;601,1191754;629,1400416;730,5261227;665,1395347;771,5291189;753,7711010;805,1107517;796,1153619;863,5861080;783,1180649;822,844845;
859,757780;166,9661191;165,1573801;145,1515804;430,1539617;256,1447814;549,1529498;352,1487680;318,1524695;430,1383817;831,5561089;791,895668;797,6101045;813,847621;382,11071003;423,1110938;82,1512953;147,1466965;32,1582997;295,11761025;242,1539767;179,10021190;156,1489911;578,8791342;235,1194906;229,1479792;458,1452642;657,8421331;403,1089991;361,1119928;466,1527579;692,7781331;485,9231074;436,1173831;601,1191754;730,5261227;665,1395347;796,1153619;863,5861080;783,1180649;822,844845;131,8021412;351,8991310;345,11221021;64,1549996;159,1597706;119,10581210;-12,15531084;300,1546598;69,10751186;184,1471954;500,1544472;570,8881384;206,9851177;229,11931147;192,1365899;400,1503647;611,7711379;608,8721361;575,1044992;436,1405699;512,1412607;641,1558356;631,1483473;635,8781001;485,1130876;649,1157813;558,1507505;726,7821258;611,1040945;694,1189801;786,8281215;785,1366580;762,846931;782,958720;789,8121156;883,1212520;
165,1573801;145,1515804;430,1539617;549,1529498;430,1383817;831,5561089;382,11071003;423,1110938;32,1582997;295,11761025;242,1539767;578,8791342;657,8421331;403,1089991;361,1119928;436,1173831;601,1191754;796,1153619;863,5861080;783,1180649;822,844845;345,11221021;64,1549996;159,1597706;-12,15531084;300,1546598;570,8881384;611,7711379;608,8721361;641,1558356;631,1483473;485,1130876;649,1157813;558,1507505;694,1189801;786,8281215;785,1366580;883,1212520;542,8301413;232,11471342;-48,15111135;12,15471051;528,7821426;177,13231351;144,13951357;114,1574962;573,7371423;293,1508882;449,1543556;333,10961496;197,12601336;234,13891243;258,14921023;376,1478783;565,1604475;569,9111387;404,9541415;665,1558282;674,10491179;541,1535755;658,1426664;758,8141275;688,8201287;650,1091948;698,1484199;784,7961299;678,9271201;738,1138871;714,1366682;801,7931355;861,1407515;813,1403544;809,9911168;806,7771325;974,1117815;996,1117813;1029,1095798;
----Iteration 7----
90,527152;444,246398;229,480455;287,298-256;-131,495761;429,276186;-187,525366;-359,530143;-415,2711034;19,240772;459,33568;88,55493;331,25662;
229,697887;110,7041005;388,763678;312,853627;241,873635;242,877621;211,769872;202,724970;193,777829;-88,862907;225,763902;312,845681;273,872585;185,777919;195,765954;310,701703;297,757738;344,801582;371,788605;417,663786;374,588793;
312,853627;202,724970;312,845681;195,765954;-83,8451050;162,764970;300,888652;128,7841016;356,897597;164,818961;151,773986;248,7081023;255,738955;256,922953;272,769895;391,942570;521,823815;777,879524;547,804845;750,896512;790,890500;795,810629;750,813655;931,742580;787,905451;909,689631;837,752624;894,714694;973,711508;936,700570;
-83,8451050;248,7081023;255,738955;256,922953;272,769895;521,823815;547,804845;795,810629;894,714694;235,8421014;-37,8681010;172,8591005;191,1016906;121,1050905;312,1037801;292,1074783;194,8451040;354,6021018;276,857882;222,929915;418,550994;335,735990;378,905737;478,602971;538,868769;546,859727;835,1019570;696,974721;789,1024716;807,794670;973,859386;877,747704;1104,796476;950,753666;972,733594;1049,797546;1061,775498;
191,1016906;121,1050905;312,1037801;292,1074783;409,10021131;276,10041184;152,1037977;100,1116977;435,9501123;460,1025899;541,8321160;489,975999;544,9651068;490,975790;568,8401140;546,846981;693,730957;920,1070757;809,7011132;912,1070767;838,5231002;921,414973;1097,1024616;1062,982668;1067,1045658;968,3981040;1091,730729;1057,916751;1098,998526;1130,947512;1070,995619;1153,725684;
541,8321160;568,8401140;920,1070757;809,7011132;912,1070767;838,5231002;1097,1024616;1067,1045658;1130,947512;1153,725684;378,9471189;441,10891184;497,10971126;553,11571119;519,11891120;550,11671111;455,11921026;471,8601168;413,9121208;510,7951161;523,10511121;591,11561085;765,1166929;788,4091143;769,7371098;851,4321134;1110,1005769;1063,1067693;1036,1068585;812,687929;765,7031119;908,1042796;988,4411129;983,1038761;1069,4051074;993,461962;1128,3531022;1112,650733;1118,379964;1216,910483;1202,950442;
1128,3531022;629,13581197;618,13751258;518,10251343;579,10701262;949,12831107;616,14111233;919,12951112;834,8561168;776,5771302;845,7851290;998,4501212;989,12041065;994,5341146;1081,1187987;1068,1190988;1006,4451161;1138,761909;1121,1164992;1099,4161075;1306,1099792;1360,1022814;1348,1040738;
629,13581197;618,13751258;518,10251343;949,12831107;616,14111233;919,12951112;776,5771302;845,7851290;989,12041065;1121,1164992;1306,1099792;1360,1022814;1348,1040738;660,13531219;589,13761327;657,14151169;608,12111320;900,13091138;875,13311151;888,13461148;882,9431281;863,10551237;963,12391096;960,12671152;963,12881074;1057,13121030;1044,11661111;1015,12431064;1048,7551279;1110,12001040;1117,1205994;1171,7381225;1132,1116980;1127,1149997;1297,945971;1295,1127894;1295,1096980;1281,1205845;1297,1145850;1324,1053951;1333,954920;
618,13751258;1306,1099792;1360,1022814;1348,1040738;589,13761327;608,12111320;882,9431281;1171,7381225;1295,1127894;1295,1096980;1281,1205845;1297,1145850;1333,954920;957,7791360;597,12141354;568,13841273;568,13781306;616,14611257;963,15241170;978,7881340;629,11621322;606,11831363;967,14121227;1034,7441413;920,8441304;889,14381257;1033,14531090;970,8241335;1024,13871162;1024,14731090;1039,14601028;1099,11251185;1059,13891065;1122,8011300;1100,1361998;1133,7551283;1170,7181256;1137,12201159;1142,12531006;1148,1269964;1201,11841014;1151,12391030;1218,7791209;1203,10751163;1236,10661198;1266,1134967;1267,10691050;1224,1141961;1299,10231018;1331,1057987;1331,1059983;
963,15241170;967,14121227;1034,7441413;652,10581391;713,15781368;917,16011350;983,6611423;635,12091470;1102,15101165;1064,15241070;953,15301090;1218,9621334;1119,11351304;1122,14241192;1198,9051390;1188,9461395;1172,12471302;1117,14911140;1115,14971113;1176,12261303;1105,12631327;1149,14271121;1134,14331097;1211,8941350;1227,13361158;1196,14271109;1210,13781125;1274,13571087;1341,12001198;1329,12221246;1385,11561092;1405,10081001;
713,15781368;917,16011350;1172,12471302;1176,12261303;1105,12631327;1149,14271121;1227,13361158;1210,13781125;1329,12221246;938,8381651;907,8961690;877,9791608;628,12061517;614,12891620;702,12571490;711,13001469;761,16801303;798,16181319;887,16271262;960,8871625;814,16401313;958,16201283;1006,16201233;918,10691499;906,12441396;1074,14871212;1123,15501201;1065,10221564;941,10581600;1213,13311243;1123,9431623;1282,12201339;1192,13981174;1267,14441111;1220,11991451;1216,13031190;1310,1496944;1234,10571381;1307,13961124;1377,11641229;1369,11951231;1334,1380911;1348,12031248;1397,1326950;1433,11721204;1398,12011194;
----Iteration 4----
-72,317617;-11,510231;198,100176;260,-182444;416,44398;-384,377643;-162,526262;480,37152;-221,221688;179,60533;225,46166;147,57585;56,105461;-69,-106717;-453,-9750;-25,8690;64,340436;87,707224;16,477328;-388,-134802;115,259343;542,52554;28,436277;151,280283;240,-51495;
-191,430632;-291,529626;51,596380;55,-35780;125,501464;40,623464;146,436591;104,441536;127,542399;280,388487;215,465498;274,436512;338,12737;265,416529;250,473438;276,496288;407,286479;400,124541;358,293478;431,196438;
-374,600691;-213,537855;-210,484898;-327,555626;-328,570624;550,269826;260,652620;394,525833;267,652377;500,315872;469,365914;479,335989;400,387946;726,310643;685,304654;769,311575;700,383544;790,248580;
550,269826;260,652620;394,525833;267,652377;500,315872;479,335989;400,387946;726,310643;685,304654;769,311575;700,383544;790,248580;-87,492987;-284,720967;104,770936;31,3421026;111,539903;154,749882;118,782848;66,462942;259,672374;536,318810;278,589718;331,665370;587,229883;547,269883;466,348961;651,225915;499,379918;567,325799;696,273729;641,369630;758,219641;798,272571;821,234496;
394,525833;500,315872;479,335989;-284,720967;104,770936;118,782848;536,318810;331,665370;466,348961;651,225915;499,379918;567,325799;696,273729;38,3691118;93,3771025;-21,5241046;253,751917;338,2201127;275,680830;260,682910;252,731948;288,2681179;268,2951268;422,446966;315,617943;571,657693;406,658433;469,390956;474,439916;537,161965;660,272906;617,620635;612,309948;733,444670;687,604577;793,254878;909,351610;899,313627;
651,225915;288,2681179;268,2951268;612,309948;733,444670;687,604577;909,351610;899,313627;-35,6341129;-101,6171181;265,6871061;212,6921033;249,7341003;225,740998;314,761987;326,2231179;256,2021383;355,795975;261,1991404;2,3751249;428,5221047;431,697837;389,6141154;594,651746;614,695714;501,3901047;513,4021021;480,4471008;621,742691;573,381962;667,673610;743,1941096;620,257959;603,262957;748,557652;701,593638;769,418684;780,1431001;784,1081065;882,347867;839,373709;816,407872;888,305910;895,400594;945,303604;
268,2951268;612,309948;687,604577;265,6871061;249,7341003;225,740998;314,761987;355,795975;2,3751249;389,6141154;594,651746;614,695714;501,3901047;513,4021021;480,4471008;621,742691;573,381962;667,673610;743,1941096;701,593638;784,1081065;816,407872;945,303604;278,2551491;46,3551337;-31,5681221;-154,6271426;-91,6171251;210,6601124;467,813794;164,2891353;36,8671145;321,1651424;310,2231465;461,5851181;370,6951052;444,1451360;402,1511319;589,787864;630,1071185;511,3971046;651,685571;747,-31205;838,430762;835,581665;746,271161;901,406782;888,371900;871,557688;910,354919;868,565599;874,2791039;907,479741;
314,761987;355,795975;621,742691;743,1941096;278,2551491;-154,6271426;467,813794;164,2891353;36,8671145;461,5851181;589,787864;747,-31205;874,2791039;344,2331507;163,3781421;-127,6101380;-100,5851424;47,8521365;-21,8481373;63,7611319;57,8001290;191,8431194;365,2501479;417,2541443;133,6591268;78,7761283;235,8131230;303,8121054;422,949818;548,1461412;544,1961352;482,3371332;386,6281273;408,6451180;381,6991112;588,1221485;556,1591336;611,767776;599,802773;650,91319;658,4431294;727,4741113;719,4171211;622,710734;659,441258;709,3501244;858,1231185;1003,703877;1004,707863;876,2761016;946,602979;1032,4661007;1076,521977;1039,567943;1079,527943;
314,761987;355,795975;278,2551491;-154,6271426;36,8671145;874,2791039;344,2331507;163,3781421;-100,5851424;47,8521365;-21,8481373;63,7611319;57,8001290;191,8431194;365,2501479;78,7761283;235,8131230;303,8121054;422,949818;588,1221485;658,4431294;858,1231185;1003,703877;1004,707863;876,2761016;946,602979;1032,4661007;1076,521977;1039,567943;1079,527943;176,3181476;-140,7241381;-39,8261380;-189,8991334;16,8971228;113,9581085;419,2331459;514,1021579;48,8101379;164,9461050;251,949885;347,251664;309,4891377;333,5561333;421,997754;618,3291444;605,4571329;708,734928;641,794909;490,7311289;691,4071346;723,4961197;739,3721325;741,4761252;775,700902;782,3601316;1115,848840;1099,760842;1155,831257;1055,647927;
355,795975;235,8131230;303,8121054;422,949818;658,4431294;946,602979;1032,4661007;1076,521977;113,9581085;514,1021579;164,9461050;251,949885;347,251664;309,4891377;333,5561333;618,3291444;605,4571329;490,7311289;691,4071346;723,4961197;739,3721325;741,4761252;1115,848840;1099,760842;1155,831257;493,1071576;338,4201562;259,5061587;237,5301524;-115,9441394;91,10071283;452,999803;213,9231497;502,966802;369,3941585;339,4621529;211,6641567;456,859844;641,2941492;629,3861433;499,6701298;435,7681143;883,820964;669,2881500;698,3201483;644,3231463;476,4841326;797,3641320;826,2341387;901,810891;904,813867;959,1671257;813,3771192;1124,911810;1130,472995;1079,775968;1043,4321129;1091,2031207;1184,3811173;1141,1461237;
1032,4661007;1076,521977;490,7311289;723,4961197;1115,848840;1099,760842;1155,831257;259,5061587;237,5301524;-115,9441394;452,999803;213,9231497;369,3941585;339,4621529;211,6641567;499,6701298;435,7681143;883,820964;901,810891;904,813867;1124,911810;1130,472995;1079,775968;1043,4321129;1091,2031207;1184,3811173;1141,1461237;422,1371667;369,4331577;-116,8141528;-13,11961110;111,10751283;44,11411160;551,1041641;479,2701626;360,8451418;62,10721326;-3,12371041;589,1101593;589,5821464;203,10661237;302,10431118;289,8431419;812,883930;532,971959;818,4801486;639,5331403;557,774983;522,9761129;861,3911498;866,3341571;1150,975722;915,3381422;1027,834853;1091,920740;1074,748988;1036,4371343;1229,517865;1313,2291160;1250,464823;
----Iteration 0----
-74,165436;131,433372;253,55247;-116,387691;276,502-177;267,181394;137,827-152;331,113128;113,442156;-62,559307;218,286356;-125,633475;346,70-5;17,621-127;445,177-380;341,3120;368,288-59;-180,697126;
-97,300752;-56,265750;-201,3191058;-62,559307;-81,367554;-13,336634;179,260934;312,103890;304,241739;380,112660;
-201,3191058;-62,559307;-116,13974;-73,97970;-111,279965;-232,4121049;-14,869-139;-67,42960;-242,452967;-139,329976;-133,822237;64,386921;68,60260;26,718-147;186,262958;409,409907;324,447897;453,447888;477,399852;520,395851;509,416814;
-201,3191058;-62,559307;-232,4121049;-133,822237;68,60260;-93,2971074;-60,916-105;28,78499;-128,507903;19,870-115;-145,500912;-12,794129;208,504862;468,4411044;314,489912;563,481971;548,482961;424,503820;412,515840;621,450804;
-60,916-105;19,870-115;468,4411044;-238,650881;-18,772813;64,812422;121,787394;62,866102;-79,951-102;-216,645840;54,779797;133,854351;149,828374;173,763310;448,5021093;397,5151174;329,5261164;529,5321043;592,562999;538,660631;632,620969;702,587964;732,608928;737,513936;
-60,916-105;-79,951-102;397,5151174;329,5261164;538,660631;632,620969;702,587964;732,608928;737,513936;8,5201244;-27,5271212;8,5021284;-56,811863;-2,857743;24,910679;13,4901380;-83,851846;196,814740;163,884316;37,4491230;73,4321210;160,7941023;260,858701;285,790723;296,823651;481,749674;540,5201122;537,5501069;521,683603;587,4741133;582,5851034;629,5341011;748,600911;717,576999;665,633930;
397,5151174;329,5261164;632,620969;702,587964;732,608928;8,5201244;-27,5271212;13,4901380;-83,851846;160,7941023;537,5501069;582,5851034;717,576999;665,633930;48,4501323;-64,5981282;-98,8061075;180,7491011;97,825919;33,831766;63,1004647;194,1017559;58,5071297;238,957762;148,1050573;147,4721303;25,7301209;133,7941066;183,4451268;248,948721;367,5701161;488,5931137;483,6051096;202,7111046;321,887752;271,939726;562,786935;594,4711155;520,5961070;523,799990;589,5211159;691,5971026;579,674894;745,5021094;720,5451049;735,663883;776,648918;578,685806;710,672817;772,558949;779,4541039;
63,1004647;148,1050573;25,7301209;133,7941066;589,5211159;776,648918;128,5511479;23,6221312;38,8461158;-13,919907;8,988717;237,4301380;187,5241521;274,6101314;195,9171030;403,990446;314,1054516;234,4461424;285,1062565;475,6401184;342,7171057;212,8951030;339,7871049;607,844949;492,3891501;449,7021167;526,856991;688,878884;519,3711405;526,3621436;556,3831383;683,962898;751,879848;657,817926;656,3261475;735,4631217;804,4951209;705,932879;819,4111176;756,7051140;723,928828;851,3731215;868,3961202;811,6061024;823,5881135;
63,1004647;148,1050573;128,5511479;38,8461158;187,5241521;274,6101314;195,9171030;403,990446;314,1054516;285,1062565;212,8951030;492,3891501;519,3711405;526,3621436;556,3831383;656,3261475;115,5861547;101,5971477;-58,6231421;-123,7021367;16,7561281;-90,7751263;183,9391078;360,993836;249,1111566;81,6101564;34,7351312;32,1014734;298,1146512;239,6461376;499,3711516;457,4701577;771,986982;542,3911338;724,4241303;753,3481305;724,3851311;808,9071022;964,7381250;903,8021146;769,9481000;983,7301279;948,8211096;1004,7251282;1035,7051261;
128,5511479;187,5241521;556,3831383;656,3261475;115,5861547;101,5971477;249,1111566;81,6101564;298,1146512;239,6461376;457,4701577;542,3911338;903,8021146;948,8211096;1035,7051261;41,6601488;52,7151431;69,8741170;-7,9571165;508,4441540;277,8001282;59,7121453;208,9321116;533,1093852;602,3821478;331,7511315;725,1069726;660,3391438;758,10561018;740,3861347;684,10431084;818,10191100;900,6031335;853,9791040;956,7901287;975,7241332;1010,7441306;961,7771305;977,7761219;1041,6931292;1049,6571228;
187,5241521;81,6101564;298,1146512;457,4701577;948,8211096;1035,7051261;508,4441540;725,1069726;758,10561018;684,10431084;956,7901287;961,7771305;977,7761219;1041,6931292;1049,6571228;350,5141564;419,3741647;128,5971559;448,3701610;44,6211563;212,8451518;289,8201482;5,10341118;507,3041552;552,2981549;462,5221544;595,10161214;710,11181051;767,2431559;411,6441396;577,9481344;591,9801295;810,9481269;861,1821549;844,9141327;865,10251114;823,5791405;848,9071347;942,9761156;856,8641259;945,5711511;994,7571286;937,8131260;1047,6731393;971,8101117;997,7541388;1028,7491380;
----Iteration 9----
-496,235614;115,27548;-141,67655;-36,164644;-227,517442;162,-32573;-132,-332711;-3,358452;-448,77705;540,648382;430,-4510;-161,-124661;
308,54762;-283,622480;-270,615440;132,452764;159,448784;-55,605914;293,528583;218,416776;274,585564;282,537633;326,528571;324,510601;391,381757;408,504713;424,412714;
308,54762;-55,605914;-42,623900;51,577758;79,486786;249,650587;275,609595;294,558505;316,318843;456,541751;418,427839;440,491785;
-55,605914;-42,623900;27,800765;246,895376;235,840590;254,855457;175,520986;225,852555;455,801717;689,672839;646,673816;642,709779;549,4731039;648,745750;629,703865;704,702795;749,712757;
246,895376;175,520986;455,801717;689,672839;646,673816;549,4731039;648,745750;629,703865;-58,869861;27,896836;133,887784;86,917781;169,957715;-46,849990;183,920692;9,823841;258,883664;160,829718;215,933612;513,863690;632,660942;519,710812;682,655871;657,804630;721,591880;652,840680;895,596536;678,795586;754,717804;754,656826;968,551552;766,710676;847,545773;1050,543551;1041,499593;1011,427704;1012,536599;1033,446690;
175,520986;455,801717;689,672839;646,673816;549,4731039;629,703865;133,887784;169,957715;-46,849990;183,920692;160,829718;513,863690;632,660942;519,710812;682,655871;657,804630;721,591880;652,840680;678,795586;754,717804;754,656826;847,545773;1011,427704;1033,446690;-51,9001016;33,937926;20,993879;104,961769;-32,8281013;104,939919;258,942677;575,689976;318,763761;511,868650;520,895617;649,616894;744,733781;653,860594;675,795628;696,530920;759,567792;785,750764;765,792704;750,549832;931,732670;981,546617;1086,546605;1167,457652;1141,633560;1149,600591;1168,598572;
689,672839;646,673816;549,4731039;629,703865;169,957715;632,660942;682,655871;721,591880;652,840680;754,717804;754,656826;847,545773;-51,9001016;33,937926;20,993879;104,961769;104,939919;258,942677;649,616894;744,733781;653,860594;696,530920;785,750764;931,732670;587,699981;271,8951112;8,1013823;23,1015817;-15,949926;221,965695;584,933531;621,899831;663,594903;755,583872;796,556803;793,717795;795,792710;763,793760;672,842612;749,325875;816,670787;851,827641;912,643697;800,576791;1030,689661;1326,614750;1035,711589;1237,662634;
629,703865;632,660942;682,655871;721,591880;649,616894;271,8951112;621,899831;663,594903;234,6281180;569,8371116;545,9321065;95,9641150;269,10531078;389,11461016;418,7881178;443,1067999;420,1070952;777,5471066;615,8281127;656,900814;712,935745;565,1018866;483,10301026;795,5601012;708,879799;619,947930;849,501899;804,618876;877,898720;578,971693;903,461891;995,830834;913,234895;1147,757845;1059,812840;1236,810632;1207,865557;1145,810688;1287,700826;1362,738751;1337,750698;1373,664689;
621,899831;569,8371116;545,9321065;95,9641150;269,10531078;389,11461016;418,7881178;615,8281127;483,10301026;795,5601012;619,947930;1362,738751;1337,750698;1373,664689;431,7021285;614,7631187;471,9431125;280,10471063;631,7271234;433,9831123;376,11071060;467,11001000;681,6541264;845,1006781;877,1004821;584,1020871;761,5551096;654,894824;887,964745;793,5661077;898,4301148;795,564991;904,665946;937,961697;906,2831062;1130,552977;1171,931583;1100,831852;1174,896580;1342,614863;1252,883560;1319,802869;1309,827898;1325,795850;1365,728861;1386,779688;
569,8371116;545,9321065;269,10531078;389,11461016;615,8281127;483,10301026;1362,738751;1337,750698;1373,664689;431,7021285;471,9431125;280,10471063;631,7271234;433,9831123;376,11071060;467,11001000;681,6541264;898,4301148;904,665946;1130,552977;1171,931583;1100,831852;1174,896580;1342,614863;1252,883560;1319,802869;1309,827898;1325,795850;1365,728861;1386,779688;653,8101206;484,8991152;293,9821204;255,9831137;174,10391108;385,11451034;341,1160987;725,6151228;746,6631167;694,7851176;604,8811069;504,9671068;918,1024819;666,1238910;719,6861186;852,5821126;834,8221022;703,9821055;902,1043855;961,1029807;934,4361089;1093,6241009;1259,3421007;986,891722;1040,971547;1322,855708;1188,915557;1297,4451003;1269,867534;1349,397927;1415,723617;1407,544845;1444,657745;1446,625745;1474,548565;
545,9321065;269,10531078;389,11461016;483,10301026;1362,738751;1337,750698;471,9431125;280,10471063;433,9831123;376,11071060;467,11001000;1171,931583;1100,831852;1342,614863;1252,883560;1319,802869;1309,827898;1325,795850;1365,728861;1386,779688;385,11451034;341,1160987;504,9671068;918,1024819;666,1238910;703,9821055;902,1043855;961,1029807;1259,3421007;986,891722;1040,971547;1322,855708;1188,915557;1297,4451003;1269,867534;1415,723617;1407,544845;1444,657745;1446,625745;720,8611338;311,9941207;158,10891192;148,10991122;555,1331968;774,8331276;829,8131277;757,9141222;184,10711185;181,10861136;597,1381955;451,10131060;952,6491175;934,7231172;844,8311024;805,1142954;730,1206956;969,6321124;1116,6731052;877,742951;896,1062907;853,1124990;1181,3071089;1122,6241073;1150,6611045;1027,929693;970,1006545;859,1061945;1134,842780;1149,945675;1245,3031027;1311,651941;1306,701901;1289,843729;1255,870661;1196,898627;1560,540744;1449,455996;1406,738708;1508,575764;1463,584699;1513,581673;
----Iteration 8----
-392,583445;-2,-29626;-157,585-3;-253,-149642;123,488201;516,391207;-184,498324;-246,-265673;188,41349;124,381353;258,252613;125,508-226;-230,343370;-48,331407;
456,724463;267,772540;305,733536;294,966443;287,672564;270,993468;387,940502;318,631655;314,780527;385,797505;374,671619;327,787517;424,654643;391,916448;443,658631;776,40981;471,826411;639,493115;744,424118;713,5002;
374,671619;424,654643;443,658631;776,40981;471,826411;744,424118;339,786593;333,935571;324,941618;317,977547;233,1191478;224,1221423;189,1235468;270,674652;328,804637;268,941659;423,975508;334,1052415;307,817636;275,1131425;400,667673;342,1033478;457,771599;411,1027403;325,1034423;523,831298;685,542280;600,779501;541,812481;651,589387;890,52225;834,56650;873,53546;869,53169;
333,935571;324,941618;317,977547;233,1191478;189,1235468;268,941659;423,975508;275,1131425;411,1027403;262,898665;362,993541;347,1059492;319,1077452;225,1274425;219,1290423;283,1239348;376,858674;435,855804;246,1265381;249,1169393;533,765690;423,889621;303,1091379;291,1156401;493,772680;443,982492;519,1036357;459,1017368;325,1089409;479,805724;531,995349;521,1069315;648,788602;601,741624;634,827586;605,943321;640,935468;818,885407;849,851386;863,913381;860,818430;951,861273;
435,855804;533,765690;493,772680;648,788602;634,827586;818,885407;849,851386;863,913381;860,818430;424,751813;290,1258679;330,1206756;589,744741;479,846799;468,879755;424,1319657;439,1338605;449,1188520;533,1168504;596,803671;599,745713;578,1132498;601,778671;635,825573;588,1118448;722,843551;703,1055471;750,791517;914,946360;943,823418;957,868317;983,830268;
634,827586;439,1338605;588,1118448;460,1288799;418,1380797;399,1523497;435,1307691;407,1282834;423,1301738;432,1352734;465,1278821;396,1381700;436,1509568;470,785847;578,928778;556,948816;453,1363560;637,768747;599,1063693;585,1195614;600,1160410;489,1412518;732,764713;686,1154429;815,805660;687,1154405;865,773698;800,783693;888,1075561;751,1147404;867,751643;958,990418;908,1042515;876,834577;1002,639537;1053,1006348;1085,752472;1023,990415;
460,1288799;418,1380797;435,1307691;407,1282834;423,1301738;432,1352734;465,1278821;396,1381700;436,1509568;599,1063693;585,1195614;888,1075561;908,1042515;388,1334835;262,1438845;245,1487882;471,1465620;343,1491585;404,1530522;396,877933;509,950871;456,1415677;500,1461583;518,1479581;542,1458429;522,1533372;633,880794;581,969840;465,1260889;562,1427363;804,835776;812,843767;895,867755;814,961696;907,1295499;907,1263523;867,1018591;951,1050502;1145,1022419;913,1251478;1171,860565;1137,1023345;924,1249399;1100,837585;1185,858579;1226,978557;1200,999428;1256,994478;
418,1380797;396,1381700;599,1063693;888,1075561;262,1438845;245,1487882;471,1465620;456,1415677;500,1461583;518,1479581;581,969840;465,1260889;907,1295499;907,1263523;867,1018591;1171,860565;1100,837585;1185,858579;1226,978557;534,1132988;512,1193982;418,1355809;506,1451620;524,1574538;444,1521625;556,1574534;752,7891025;789,7491025;484,1195914;568,1346842;443,1354783;597,1601501;613,1499504;623,1526502;763,818853;608,1054820;670,1463465;887,933800;930,1004748;765,1423647;821,1333584;809,1387569;890,1307542;950,866831;971,898768;953,1260509;1018,837654;982,1034550;1152,1206304;1093,875629;1023,1061517;967,1237492;1055,747639;1202,1075484;1294,1020493;1167,1192289;
418,1380797;465,1260889;907,1295499;907,1263523;1171,860565;1185,858579;1226,978557;534,1132988;512,1193982;418,1355809;444,1521625;752,7891025;789,7491025;484,1195914;568,1346842;443,1354783;887,933800;930,1004748;765,1423647;821,1333584;809,1387569;890,1307542;950,866831;971,898768;953,1260509;1018,837654;1152,1206304;1093,875629;1023,1061517;967,1237492;1055,747639;1202,1075484;1294,1020493;1167,1192289;459,10941028;501,11441015;547,1166955;412,13571000;343,1447942;245,1541888;294,1457827;549,1134980;765,1055932;546,1171884;683,1506723;704,1693621;907,696984;899,948777;739,1366728;741,1475607;796,1191685;919,1443473;979,844828;991,890796;989,1136671;967,1409386;970,1224567;1011,1400381;979,910730;1001,913711;1049,1395488;1083,859631;1120,1041548;1106,888595;1211,847609;1196,1148381;1195,1089431;1302,987524;
907,1295499;907,1263523;752,7891025;789,7491025;568,1346842;930,1004748;765,1423647;821,1333584;809,1387569;890,1307542;953,1260509;967,1237492;1294,1020493;459,10941028;501,11441015;412,13571000;765,1055932;683,1506723;704,1693621;907,696984;899,948777;739,1366728;741,1475607;796,1191685;919,1443473;989,1136671;967,1409386;970,1224567;1011,1400381;1049,1395488;1211,847609;1302,987524;503,10561029;426,1295999;375,1496944;334,1620917;297,1654997;450,1635861;543,1662837;701,1819607;736,1820518;446,12481054;645,1213992;394,1361953;813,701989;480,1356974;419,1396922;661,1297831;800,1606541;765,1643532;720,1645587;760,1354738;817,1625482;994,1005711;835,1587499;977,1564355;911,1322489;1139,931889;1110,938976;1100,1316414;989,1485353;1183,1306393;1185,835660;1262,1223596;1221,1253373;
907,1263523;752,7891025;789,7491025;568,1346842;765,1423647;821,1333584;809,1387569;890,1307542;953,1260509;459,10941028;501,11441015;412,13571000;765,1055932;704,1693621;907,696984;739,1366728;796,1191685;989,1136671;970,1224567;1049,1395488;1211,847609;1302,987524;503,10561029;426,1295999;375,1496944;334,1620917;297,1654997;450,1635861;543,1662837;446,12481054;645,1213992;394,1361953;813,701989;480,1356974;419,1396922;661,1297831;800,1606541;760,1354738;835,1587499;1139,931889;1110,938976;1185,835660;1262,1223596;410,12741006;333,1423986;356,1569970;312,1691920;575,1743734;645,1882704;773,1866610;436,1521880;511,1610872;661,1818618;622,1486790;719,1524739;623,1530771;775,1712521;903,1095854;828,1633496;1039,953917;962,1031873;793,1236626;1003,1582486;1023,1596377;1118,889944;1073,1084794;1011,1581409;1166,889894;1103,1027785;1136,1573326;1215,1532417;1194,841646;1329,1344501;1267,1280503;1300,1384375;1343,1342469;1347,1327451;
