----Iteration 1----
x_Moead_Rfts_Worst=[590, 612, 254, 315, 582, 325, 563, 644, 617, 653, 663, 651, 116, 124, 105, 165, 211, 326, 336, 388, 305, 349, 419, 407, 426, 581, 647, 629, 699, 669, 114, 124, 418, 306, 227, 403, 483, 441, 337, 351, 463, 605, 606, 529, 614, 568, 702, 647, 687, 685, 684, 263, 295, 40, 84, 78, 85, 110, 257, 464, 305, 101, 373, 588, 458, 225, 539, 496, 468, 548, 583, 475, 640, 549, 575, 549, 587, 633, 641, 683, 700, 339, 96, 171, 161, 221, 167, 301, 176, 262, 483, 328, 239, 582, 400, 373, 209, 380, 464, 380, 500, 519, 591, 545, 542, 502, 573, 566, 582, 622, 624, 637, 557, 632, 666, 653]
y_Moead_Rfts_Worst=[479, 469, 814, 808, 370, 698, 422, 509, 569, 549, 514, 557, 697, 773, 874, 746, 868, 755, 794, 622, 668, 672, 774, 785, 764, 379, 414, 410, 503, 550, 678, 836, 464, 753, 893, 779, 499, 529, 683, 842, 696, 356, 444, 675, 512, 631, 416, 578, 370, 568, 513, 509, 492, 647, 699, 715, 745, 840, 878, 372, 856, 625, 809, 367, 505, 641, 396, 595, 658, 504, 654, 702, 383, 578, 666, 665, 606, 554, 596, 570, 549, 457, 516, 655, 744, 830, 890, 491, 656, 863, 285, 498, 621, 287, 438, 644, 696, 799, 439, 734, 762, 477, 278, 515, 586, 737, 489, 676, 487, 534, 604, 624, 634, 323, 292, 589]
z_Moead_Rfts_Worst=[417, 416, 214, 185, 506, 265, 502, 372, 341, 360, 362, 279, 435, 369, 257, 361, 212, 263, 182, 432, 421, 409, 140, 129, 150, 580, 454, 471, 363, 346, 439, 264, 579, 292, 147, 256, 536, 523, 398, 120, 282, 533, 453, 175, 413, 314, 392, 296, 409, 278, 338, 574, 662, 512, 469, 421, 400, 342, 170, 592, 193, 499, 159, 589, 506, 475, 557, 459, 402, 461, 262, 228, 466, 389, 200, 245, 257, 316, 264, 278, 266, 644, 610, 488, 412, 334, 213, 650, 476, 195, 652, 626, 500, 602, 628, 437, 431, 169, 562, 264, 141, 525, 593, 498, 484, 115, 470, 116, 449, 368, 283, 124, 264, 500, 444, 172]
----Iteration 0----
x_Moead_Rfts_Worst=[630, 255, 127, 187, 202, 218, 403, 355, 547, 479, 680, 699, 600, 642, 649, 645, 120, 136, 178, 193, 292, 401, 689, 622, 620, 586, 688, 638, 774, 180, 178, 150, 216, 331, 414, 659, 414, 635, 447, 538, 499, 653, 469, 597, 662, 669, 685, 608, 694, 708, 728, 753, 519, 443, 527, 430, 139, 150, 295, 489, 514, 159, 528, 457, 314, 358, 334, 615, 349, 473, 669, 539, 374, 517, 497, 506, 581, 592, 564, 689, 645, 702, 713, 727, 745, 738, 766, 741]
y_Moead_Rfts_Worst=[455, 409, 620, 692, 682, 651, 593, 638, 334, 572, 282, 228, 393, 417, 418, 475, 563, 619, 728, 613, 681, 606, 257, 321, 350, 381, 419, 441, 305, 591, 726, 740, 689, 736, 690, 165, 620, 212, 633, 609, 609, 189, 395, 445, 271, 268, 286, 550, 486, 337, 413, 315, 229, 302, 311, 381, 638, 642, 770, 293, 324, 755, 275, 326, 387, 634, 699, 227, 593, 670, 153, 284, 405, 511, 659, 625, 476, 506, 578, 252, 296, 247, 375, 247, 269, 430, 391, 334]
z_Moead_Rfts_Worst=[336, 567, 546, 464, 489, 514, 450, 365, 562, 421, 622, 675, 474, 405, 357, 315, 583, 552, 461, 542, 458, 412, 576, 606, 554, 507, 355, 317, 361, 566, 491, 494, 452, 350, 361, 726, 406, 679, 363, 292, 345, 761, 481, 436, 672, 643, 592, 424, 314, 539, 456, 412, 731, 694, 678, 607, 531, 523, 446, 719, 670, 455, 716, 666, 673, 519, 448, 766, 554, 294, 745, 643, 549, 478, 271, 267, 470, 463, 410, 650, 595, 654, 465, 606, 509, 340, 411, 441]
----Iteration 5----
x_Moead_Rfts_Worst=[239, 443, 146, 277, 428, 560, 195, 171, 122, 187, 74, 390, 161, 196, 107, 307, 402, 517, 504, 581, 372, 379, 239, -7, 29, 115, 424, 294, 453, 165, 441, 458, 324, 439, 483, 524, 562, 565, 538, 522, 514, 558, 558, 605, 594, 631, 428, 409, 178, 127, -65, 73, 178, 110, 82, 237, 361, 556, 573, 414, 211, 425, 543, 323, 427, 495, 591, 550, 603, 577, 650, 576, 681, 645, 661]
y_Moead_Rfts_Worst=[533, 540, 642, 615, 583, 268, 449, 492, 497, 544, 646, 347, 650, 645, 483, 529, 591, 525, 550, 276, 336, 418, 438, 562, 640, 684, 300, 591, 202, 619, 643, 320, 425, 580, 575, 579, 183, 263, 572, 293, 382, 337, 549, 161, 526, 502, 248, 268, 462, 682, 644, 638, 683, 591, 619, 610, 657, 103, 162, 266, 525, 576, 175, 487, 568, 587, 259, 491, 248, 274, 460, 487, 381, 404, 439]
z_Moead_Rfts_Worst=[350, 187, 270, 199, 139, 536, 522, 485, 464, 377, 389, 579, 236, 214, 523, 303, 98, 321, 137, 478, 662, 634, 589, 495, 494, 326, 627, 183, 623, 399, 91, 537, 458, 157, 137, 116, 657, 589, 126, 560, 504, 507, 163, 562, 116, 142, 671, 696, 545, 351, 475, 448, 213, 434, 414, 314, 153, 684, 652, 692, 398, 242, 677, 505, 225, 121, 594, 350, 605, 504, 364, 355, 396, 443, 318]
----Iteration 7----
x_Moead_Rfts_Worst=[414, 502, 474, 521, 525, 515, 486, 528, 504, 549, 391, 96, 444, 278, 495, 448, 504, 455, 525, 532, 595, 563, 577, 580, 614, 592, 387, 126, 144, 119, 449, 117, 412, 437, 451, 496, 462, 513, 510, 626, 520, 580, 670, 668, 356, 399, 311, 97, 381, 453, 56, 466, 338, 335, 363, 424, 376, 471, 297, 467, 389, 545, 500, 469, 514, 533, 541, 580, 571, 598, 625, 588, 612, 618, 740, 795, 353, 335, 76, 326, 261, 453, 242, 338, 339, 254, 33, 356, 342, 353, 306, 468, 379, 419, 259, 437, 415, 538, 489, 565, 554, 553, 529, 644, 603, 721, 668, 683, 691, 724, 737, 754]
y_Moead_Rfts_Worst=[426, 262, 384, 225, 311, 498, 329, 425, 382, 526, 243, 801, 236, 674, 313, 417, 428, 619, 576, 538, 420, 240, 260, 568, 290, 268, 255, 644, 731, 765, 361, 655, 276, 554, 323, 436, 550, 160, 293, 575, 185, 372, 528, 467, 282, 424, 543, 624, 332, 368, 679, 196, 292, 583, 810, 402, 707, 162, 582, 635, 605, 151, 270, 378, 276, 494, 610, 225, 312, 402, 646, 532, 455, 629, 524, 429, 305, 513, 681, 779, 877, 219, 281, 310, 334, 574, 656, 798, 818, 886, 803, 105, 281, 369, 727, 446, 744, 148, 720, 182, 470, 666, 706, 614, 182, 433, 526, 627, 387, 395, 542, 459]
z_Moead_Rfts_Worst=[609, 655, 564, 676, 603, 415, 606, 533, 551, 367, 801, 265, 796, 344, 622, 561, 530, 435, 393, 414, 520, 622, 570, 326, 533, 536, 760, 482, 312, 305, 668, 486, 723, 473, 718, 535, 483, 761, 639, 310, 747, 538, 261, 339, 774, 628, 543, 493, 726, 663, 434, 787, 835, 492, 202, 615, 301, 776, 504, 422, 490, 707, 672, 630, 638, 452, 386, 647, 602, 493, 230, 360, 486, 277, 218, 241, 762, 600, 405, 303, 181, 838, 865, 776, 716, 512, 459, 271, 233, 173, 256, 804, 767, 711, 395, 560, 292, 752, 279, 697, 499, 331, 312, 243, 665, 361, 338, 229, 414, 383, 190, 315]
----Iteration 6----
x_Moead_Rfts_Worst=[697, 676, 663, 580, 552, 667, 294, 258, 464, 514, 611, 599, 759, 746, 762, 736, 319, 202, 166, 466, 496, 301, 399, 448, 531, 507, 476, 583, 647, 661, 646, 778, 751, 780, 798, 757, 468, 171, 237, 461, 305, 511, 447, 545, 397, 464, 473, 573, 571, 528, 506, 635, 609, 629, 533, 642, 773, 645, 689, 728, 701, 744, 706, 770, 777, 772, 791, 801]
y_Moead_Rfts_Worst=[391, 494, 423, 501, 507, 506, 274, 276, 542, 503, 485, 163, 476, 360, 356, 428, 212, 592, 594, 31, 125, 223, 249, 541, 87, 461, 531, 142, 448, 471, 160, 386, 428, 105, 131, 397, -7, 281, 315, 496, 124, 239, 585, 74, 189, 416, 241, 431, 149, 189, 316, 481, 558, 107, 168, 465, 507, 128, 182, 382, 452, 519, 547, 296, 463, 419, 285, 413]
z_Moead_Rfts_Worst=[449, 396, 458, 401, 412, 346, 692, 661, 457, 470, 480, 678, 355, 461, 464, 425, 815, 469, 387, 873, 818, 857, 700, 481, 826, 585, 468, 786, 498, 469, 653, 422, 359, 679, 633, 443, 879, 728, 684, 604, 862, 786, 550, 862, 837, 658, 744, 586, 767, 725, 643, 508, 355, 767, 731, 500, 312, 659, 604, 495, 443, 308, 306, 564, 346, 350, 440, 320]
----Iteration 4----
x_Moead_Rfts_Worst=[488, 384, 454, 515, 517, 496, 733, 740, 728, 316, 210, 272, 488, 476, 429, 568, 426, 400, 575, 535, 622, 610, 623, 643, 700, 802, 269, 195, 119, 381, 362, 510, 444, 214, 582, 543, 570, 422, 585, 556, 644, 623, 556, 687, 722, 868, 787, 830, 831, 830, 834, 287, 345, 410, 291, 189, 418, 243, 406, 283, 520, 502, 309, 538, 575, 547, 499, 454, 605, 625, 575, 687, 611, 659, 595, 761, 648, 834, 735, 829, 766, 743, 776, 761, 725, 853]
y_Moead_Rfts_Worst=[77, 92, 216, 143, 330, 381, 181, 211, 222, 55, 188, 97, 389, 447, 490, -97, 143, 564, 258, 286, 213, 245, 170, 206, 281, 209, 243, 694, 697, -190, 573, 332, 536, 615, -117, 405, 125, 554, -42, 316, -21, 178, 451, 198, 97, 113, 255, 203, 170, 206, 170, -35, -15, 396, 644, 696, -109, 152, 552, 668, -102, -131, 635, 391, 430, 480, 492, 530, 428, 430, 435, 114, 359, 373, 437, 169, 427, 302, 333, 74, 247, 332, 158, 320, 350, 239]
z_Moead_Rfts_Worst=[723, 724, 668, 692, 623, 613, 548, 538, 527, 738, 715, 716, 604, 560, 550, 689, 706, 519, 598, 611, 647, 582, 622, 553, 469, 517, 688, 435, 411, 761, 479, 659, 533, 507, 727, 553, 655, 516, 676, 586, 648, 618, 496, 568, 618, 505, 467, 506, 542, 504, 485, 794, 789, 591, 488, 435, 760, 821, 533, 424, 731, 757, 427, 581, 525, 477, 481, 416, 512, 483, 504, 647, 517, 490, 475, 598, 446, 404, 246, 587, 485, 322, 562, 321, 279, 453]
----Iteration 3----
x_Moead_Rfts_Worst=[529, 536, 580, 494, 483, 505, 564, 353, 212, 433, 429, 530, 501, 557, 598, 255, 63, 536, 395, 457, 247, 298, 333, 577, 573, 638, 602, 602, 712, 805, 849, 881, 837, 322, 84, 207, 133, 240, 273, 436, 479, 511, 454, 505, 549, 663, 671, 576, 595, 596, 711, 625, 735, 796, 846, 372, 284, 62, 60, 206, 163, 202, 188, 410, 294, 380, 256, 307, 322, 318, 456, 668, 572, 539, 484, 477, 717, 697, 736, 699, 647, 627, 595, 692, 731, 637, 689, 735, 754, 816, 757, 865, 391, 159, 53, 156, 263, 296, 34, 573, 355, 310, 378, 430, 422, 720, 719, 569, 386, 426, 437, 621, 564, 519, 801, 582, 680, 777, 683, 840]
y_Moead_Rfts_Worst=[494, 495, 411, 457, 529, 517, 489, 402, 769, 558, 597, 472, 515, 446, 538, 589, 680, 266, 401, 466, 683, 627, 701, 426, 557, 349, 403, 514, 301, 268, 179, 164, 253, 524, 662, 793, 701, 809, 564, 681, 728, 423, 491, 673, 647, 382, 397, 435, 520, 553, 319, 400, 357, 365, 189, 386, 546, 685, 737, 732, 762, 817, 871, 396, 542, 607, 716, 758, 789, 761, 754, 264, 544, 633, 678, 709, 264, 335, 292, 321, 508, 601, 612, 387, 475, 595, 492, 444, 420, 128, 387, 107, 308, 645, 746, 791, 839, 625, 691, 228, 532, 612, 743, 770, 793, 211, 234, 341, 645, 692, 784, 316, 603, 666, 196, 623, 581, 295, 520, 213]
z_Moead_Rfts_Worst=[468, 420, 361, 483, 487, 386, 409, 623, 216, 397, 337, 458, 409, 492, 244, 586, 498, 590, 572, 567, 460, 455, 355, 464, 232, 567, 339, 281, 453, 331, 349, 305, 287, 590, 487, 222, 466, 148, 577, 269, 129, 546, 510, 158, 125, 564, 454, 442, 309, 217, 490, 407, 412, 396, 318, 651, 635, 489, 499, 383, 354, 173, 169, 624, 639, 393, 440, 318, 149, 180, 183, 597, 322, 211, 181, 133, 548, 502, 541, 500, 285, 145, 106, 383, 207, 193, 120, 122, 155, 410, 128, 313, 657, 535, 486, 383, 84, 573, 500, 619, 554, 545, 330, 168, 39, 602, 593, 587, 377, 270, 104, 574, 279, 210, 537, 106, 105, 430, 108, 353]
----Iteration 2----
x_Moead_Rfts_Worst=[559, 217, 256, 235, 538, 573, 630, 187, 277, 234, 519, 635, 608, 677, 718, 208, 363, 274, 358, 281, 367, 373, 371, 459, 388, 486, 480, 518, 533, 616, 554, 612, 585, 698, 630, 212, 189, 133, 184, 339, 376, 315, 337, 293, 293, 420, 348, 355, 204, 450, 356, 538, 472, 559, 455, 501, 580, 521, 581, 610, 593, 662, 629, 638, 684, 644, 681]
y_Moead_Rfts_Worst=[373, 223, 157, 249, 461, 371, 431, 397, 80, 372, 477, 338, 481, 305, 272, 241, 559, 791, 515, 62, 159, 476, 506, 645, 714, 446, 634, 487, 626, 311, 557, 474, 526, 218, 348, 286, 295, 439, 439, 521, 628, 636, 692, 743, 767, 593, 631, 35, 294, 663, 703, 185, 364, 293, 388, 628, 370, 549, 578, 352, 513, 241, 523, 423, 267, 393, 383]
z_Moead_Rfts_Worst=[351, 638, 628, 605, 326, 316, 229, 584, 633, 594, 318, 397, 305, 366, 360, 675, 475, 46, 479, 606, 591, 449, 452, 253, 253, 388, 272, 330, 185, 511, 225, 246, 217, 433, 356, 662, 662, 622, 574, 532, 412, 377, 372, 339, 184, 431, 420, 615, 667, 355, 266, 564, 506, 551, 532, 334, 419, 310, 204, 460, 257, 480, 232, 274, 387, 198, 302]
----Iteration 9----
x_Moead_Rfts_Worst=[643, 542, 703, 258, 578, 603, 586, 639, 714, 736, 500, 450, 251, 342, 587, 506, 668, 626, 499, 592, 560, 543, 722, 722, 644, 773, 777, 308, 244, 150, 557, 187, 518, 430, 486, 457, 349, 561, 488, 568, 499, 701, 717, 610, 598, 681, 713, 659, 722, 756, 741, 712, 212, 169, 106, 102, 312, 314, 204, 281, 580, 366, 425, 549, 503, 471, 397, 667, 477, 479, 575, 511, 590, 566, 598, 698, 656, 662, 604, 798, 716, 708, 771, 832, 786, 737]
y_Moead_Rfts_Worst=[479, 688, 420, 583, 524, 574, 630, 519, 417, 418, 256, 327, 623, 867, 366, 689, 271, 268, 557, 428, 676, 691, 418, 403, 556, 293, 328, 579, 612, 664, 368, 650, 709, 785, 541, 584, 590, 648, 539, 663, 731, 450, 171, 494, 579, 448, 248, 623, 562, 307, 350, 512, 583, 632, 715, 905, 897, 853, 871, 834, 466, 569, 596, 650, 718, 767, 812, 246, 743, 755, 513, 687, 728, 604, 722, 203, 604, 671, 679, 263, 407, 598, 493, 198, 289, 524]
z_Moead_Rfts_Worst=[309, 194, 257, 442, 379, 296, 245, 356, 472, 388, 587, 555, 388, 244, 541, 281, 509, 514, 395, 474, 193, 170, 405, 456, 289, 428, 267, 455, 532, 410, 554, 411, 267, 165, 472, 423, 401, 338, 472, 311, 179, 419, 552, 365, 346, 448, 531, 178, 190, 468, 420, 230, 542, 423, 377, 365, 171, 259, 267, 349, 547, 642, 387, 379, 335, 277, 257, 557, 314, 255, 537, 313, 157, 372, 110, 539, 199, 161, 185, 464, 467, 183, 247, 443, 401, 200]
----Iteration 8----
x_Moead_Rfts_Worst=[459, 451, 416, 469, 455, 446, 422, 520, 464, 459, 524, 542, 531, 649, 668, 686, 349, 388, 374, 332, 345, 411, 369, 279, 326, 361, 415, 393, 440, 446, 459, 521, 523, 543, 530, 593, 590, 648, 660, 674, 692, 691, 705, 354, 346, 234, 276, 329, 414, 529, 381, 431, 544, 497, 525, 491, 467, 561, 510, 604, 591, 660, 623, 616, 713, 646, 682, 700, 349, 313, 339, 344, 314, 344, 262, 312, 300, 397, 472, 364, 414, 450, 396, 404, 448, 434, 553, 514, 606, 615, 562, 567, 646, 642, 761, 775, 757, 749, 805, 779, 798]
y_Moead_Rfts_Worst=[325, 382, 184, 487, 474, 206, 511, 152, 260, 496, 522, 143, 307, 191, 261, 285, 262, 263, 489, 528, 579, 240, 279, 587, 595, 548, 588, 338, 453, 522, 540, 250, 314, 374, 544, 290, 356, 479, 516, 350, 417, 471, 258, 221, 495, 695, 656, 374, 259, 183, 524, 586, 114, 374, 402, 559, 565, 305, 445, 74, 244, 514, 294, 417, 538, 195, 505, 279, 448, 465, 584, 602, 650, 694, 701, 488, 598, 643, 181, 438, 647, 210, 466, 512, 606, 626, 67, 419, 497, 595, 113, 119, 550, 211, 176, 274, 484, 261, 189, 335, 319]
z_Moead_Rfts_Worst=[603, 571, 759, 536, 556, 748, 538, 711, 669, 508, 352, 652, 593, 576, 527, 404, 786, 749, 650, 643, 562, 775, 741, 588, 554, 528, 365, 654, 578, 526, 388, 671, 648, 545, 285, 568, 590, 377, 241, 438, 315, 290, 476, 807, 661, 418, 477, 750, 754, 684, 516, 321, 695, 585, 534, 379, 350, 612, 486, 644, 646, 296, 480, 457, 234, 557, 294, 486, 709, 684, 587, 553, 503, 458, 410, 675, 586, 506, 769, 734, 325, 685, 648, 562, 320, 282, 696, 545, 466, 206, 681, 653, 255, 614, 473, 399, 241, 433, 429, 364, 392]
----End of Run----
