----Iteration 6----
memory=191.2109375,196.578125,199.71484375,202.828125,205.6796875,208.5859375,210.51953125,214.2109375,216.88671875,219.953125
time=23.814385414123535,17.919170379638672,15.467068910598755,13.418380498886108,14.87004041671753,11.106297016143799,11.386311292648315,10.703515768051147,11.786870002746582,8.587350606918335
----Iteration 1----
memory=191.109375,196.36328125,199.59375,202.9453125,205.5,208.8671875,211.859375,215.0234375,217.10546875,220.515625
time=23.927583694458008,15.072378635406494,17.44543170928955,14.116474151611328,16.08411455154419,11.988779783248901,14.811469793319702,10.502219438552856,10.231536149978638,7.686912536621094
----Iteration 5----
memory=189.1484375,196.00390625,198.75390625,201.2578125,204.921875,209.15625,212.86328125,216.06640625,219.8046875,225.875
time=22.093224048614502,15.262154817581177,14.613079309463501,15.743815660476685,16.35044264793396,13.887023210525513,16.454747676849365,13.3350989818573,12.422911882400513,12.341965198516846
----Iteration 3----
memory=184.953125,196.23046875,199.3359375,203.23046875,206.24609375,209.51171875,214.02734375,216.37109375,222.85546875,225.92578125
time=19.42854356765747,18.513275623321533,17.092918157577515,18.89893937110901,16.496397018432617,12.78771424293518,14.198331594467163,11.800553321838379,14.934884548187256,9.770966529846191
----Iteration 7----
memory=189.30078125,195.9609375,198.54296875,202.453125,205.40625,208.8671875,213.4296875,216.6640625,224.90625,227.11328125
time=22.410497665405273,14.618949174880981,15.2303946018219,17.831907510757446,15.287297010421753,13.28524136543274,17.847115755081177,13.568849802017212,16.788763523101807,13.271218061447144
----Iteration 2----
memory=186.56640625,196.25,199.64453125,203.96484375,206.703125,210.453125,214.78515625,219.4921875,225.33984375,227.12109375
time=21.143173456192017,17.916385889053345,18.945709943771362,18.839760303497314,15.42790699005127,15.689115762710571,14.764941692352295,15.802506923675537,12.386512756347656,9.07106065750122
----Iteration 4----
memory=189.73046875,196.015625,199.33984375,202.73046875,205.55078125,209.37109375,213.8515625,216.22265625,225.17578125,227.37109375
time=23.0530104637146,15.251430749893188,18.446709394454956,14.777109384536743,15.628458738327026,15.622730493545532,14.523757457733154,11.436338186264038,19.04559016227722,13.675822019577026
----Iteration 0----
memory=192.80859375,196.6875,200.7578125,203.9765625,207.48828125,212.953125,217.0078125,223.03515625,226.46484375,227.27734375
time=25.16193151473999,18.22704577445984,17.713024377822876,16.52951455116272,16.72083854675293,20.23874258995056,18.000780820846558,11.809370756149292,12.841533422470093,7.830385446548462
----Iteration 9----
memory=227.44921875,227.359375,227.55859375,227.5234375,227.7109375,227.90625,227.84765625,228.0,228.2890625,228.390625
time=20.07815408706665,5.240190505981445,3.4321842193603516,4.352391242980957,2.8121109008789062,3.16439151763916,3.3922173976898193,3.1181352138519287,2.7192816734313965,3.956918716430664
----Iteration 8----
memory=227.28125,227.359375,227.515625,227.5234375,227.671875,227.81640625,227.83203125,227.89453125,228.2890625,228.2890625
time=19.9566752910614,5.9122474193573,4.217782258987427,3.875093936920166,3.6907918453216553,4.358009576797485,3.121138095855713,3.460937023162842,2.6409428119659424,2.992173671722412
