----Iteration 0----
memory=146.38671875,146.38671875,147.41796875,148.19140625,148.70703125,149.48046875,149.48046875,150.56640625,151.59765625,151.85546875
time=1.6420071125030518,1.8785018920898438,1.953289270401001,1.8169350624084473,1.9139409065246582,1.8950369358062744,1.9078638553619385,1.8905017375946045,1.905785322189331,1.757883071899414
----Iteration 1----
memory=146.38671875,146.38671875,147.41796875,148.19140625,148.96484375,149.48046875,149.48046875,150.56640625,151.33984375,151.85546875
time=1.925096035003662,1.6441254615783691,2.089966297149658,1.926147222518921,1.8937311172485352,1.8570959568023682,1.8409051895141602,1.7970705032348633,1.7517521381378174,1.8893516063690186
----Iteration 2----
memory=146.38671875,146.38671875,147.41796875,148.19140625,148.96484375,149.48046875,149.48046875,150.56640625,151.59765625,152.11328125
time=1.612426996231079,1.7363216876983643,1.9994604587554932,1.9887030124664307,1.9368083477020264,2.0803017616271973,1.8861324787139893,1.910454511642456,1.9071404933929443,2.079169988632202
----Iteration 3----
memory=153.14453125,153.14453125,153.40234375,153.40234375,153.91796875,153.91796875,154.17578125,154.43359375,154.94921875,155.46484375
time=1.4787592887878418,1.8387105464935303,1.4259028434753418,1.433016300201416,1.675417184829712,2.0392274856567383,2.513596296310425,2.461915969848633,2.4254589080810547,1.9369819164276123
----Iteration 4----
memory=153.14453125,153.14453125,153.40234375,153.66015625,153.91796875,153.91796875,154.43359375,154.69140625,154.94921875,155.72265625
time=1.7885215282440186,1.4994945526123047,1.44716477394104,1.5707778930664062,1.9286413192749023,2.16697359085083,2.275679111480713,2.325324058532715,2.2896759510040283,2.1673574447631836
----Iteration 5----
memory=153.14453125,153.14453125,153.40234375,153.66015625,153.91796875,153.91796875,154.43359375,154.94921875,155.46484375,155.98046875
time=1.816030740737915,1.4591648578643799,1.4504351615905762,1.5241599082946777,2.1123621463775635,2.5082297325134277,2.4608402252197266,2.316166877746582,2.062833309173584,2.353635787963867
----Iteration 6----
memory=156.23828125,156.23828125,156.49609375,156.49609375,156.75390625,157.01171875,157.01171875,157.26953125,157.52734375,158.04296875
time=1.703629493713379,2.1689250469207764,2.316801071166992,2.4744715690612793,2.3858895301818848,2.6372499465942383,2.4522106647491455,2.467297315597534,2.445758581161499,2.3106749057769775
----Iteration 7----
memory=156.23828125,156.23828125,156.49609375,156.49609375,156.75390625,157.01171875,157.01171875,157.52734375,157.78515625,158.30078125
time=2.0613787174224854,2.35627818107605,2.3889710903167725,2.2954273223876953,2.584728956222534,2.754699230194092,2.3202943801879883,2.4956860542297363,2.3538975715637207,2.36279559135437
----Iteration 8----
memory=158.30078125,158.30078125,158.30078125,158.30078125,158.30078125,158.30078125,158.30078125,158.30078125,158.81640625,159.07421875
time=1.3102891445159912,1.5613377094268799,1.8410143852233887,1.683518409729004,1.8883776664733887,1.8009123802185059,1.7721002101898193,1.9845035076141357,1.724092960357666,1.4319133758544922
----Iteration 9----
memory=158.30078125,158.30078125,158.30078125,158.30078125,158.30078125,158.30078125,158.30078125,158.81640625,159.07421875,159.07421875
time=1.64984130859375,2.0492103099823,1.6802172660827637,1.6993422508239746,1.827803373336792,1.8207640647888184,1.8242886066436768,1.8422458171844482,1.546438217163086,1.3279998302459717
