----Iteration 0----
x_Moead=[1054, 873, 1060, 1360, 1395, 1396, 1845, 1706, 1837, 1810, 1954, 1932, 2056, 1052, 952, 915, 1020, 1359, 1889, 1526, 1290, 1134, 1356, 1368, 1614, 1563, 1953, 1608, 1755, 1868, 1983, 1942, 1950, 1826, 1874, 1969, 1953, 2002, 1966, 2004, 2018, 2091, 2110, 2215]
y_Moead=[1196, 1381, 1380, 1472, 1362, 1353, 748, 1176, 1304, 1352, 1185, 1194, 846, 1153, 1307, 1456, 1497, 1481, 680, 1112, 1220, 1299, 1301, 1401, 1217, 1287, 821, 918, 1327, 1283, 708, 838, 1175, 1288, 1048, 1236, 718, 695, 865, 813, 838, 1051, 931, 1063]
z_Moead=[1638, 1543, 1574, 1463, 1404, 1401, 1881, 1448, 1339, 1319, 1432, 1348, 1695, 1710, 1633, 1492, 1478, 1466, 1919, 1995, 1628, 1508, 1502, 1383, 1606, 1570, 1841, 1890, 1334, 1363, 1887, 1806, 1593, 1439, 1619, 1337, 1891, 1847, 1770, 1836, 1744, 1502, 1565, 1417]
----Iteration 1----
x_Moead=[2211, 2319, 2385, 2301, 2411, 2464, 2404, 2524]
y_Moead=[1292, 1572, 1531, 1587, 1313, 1361, 1385, 1417]
z_Moead=[1953, 1692, 1898, 1724, 1671, 1660, 1649, 1598]
----Iteration 2----
x_Moead=[1854, 1600, 1910, 1939, 1989, 1971, 1574, 1521, 1727, 1784, 1646, 1744, 1756, 1861, 1834, 2154, 1448, 1645, 1642, 1574, 1552, 1518, 1653, 1649, 1569, 1582, 1459, 1877, 1693, 1719, 1804, 1733, 1759, 1812, 1876, 1885, 1815, 2093, 1954, 2042, 2022, 2123, 2090, 2030, 2218, 2389, 2423]
y_Moead=[687, 888, 636, 609, 467, 323, 786, 877, 705, 797, 589, 668, 699, 579, 697, 574, -16, 595, 700, 721, 752, 768, 793, 866, 928, 686, 900, 506, 756, 798, 841, 610, 627, 857, 568, 473, 654, 686, 569, 685, 435, 496, 667, 583, 384, 608, 624]
z_Moead=[959, 1709, 1554, 1571, 1687, 1715, 2090, 1789, 2064, 1820, 2179, 2044, 2039, 1822, 1640, 1546, 2382, 2241, 2184, 2175, 2173, 2147, 2063, 1938, 1751, 2250, 2073, 2308, 2085, 1911, 1799, 2143, 2001, 1773, 2319, 2219, 1712, 1431, 1927, 1495, 1665, 1598, 1509, 1602, 1568, 1533, 1520]
----Iteration 3----
x_Moead=[2273, 2307, 2332, 2333, 2133, 2407, 2213, 2365, 2356, 2347, 2372, 2491, 2464, 1044, 989, 1675, 1395, 1614, 1711, 1854, 1829, 1625, 1745, 2156, 1907, 2033, 2323, 2050, 2052, 2001, 2313, 2194, 2264, 2357, 2349, 2273, 2248, 2455, 2378, 2448, 2521, 2505, 2523]
y_Moead=[1171, 1155, 1106, 1127, 1232, 922, 1232, 965, 1148, 1199, 1195, 1069, 1094, 1298, 1364, 1437, 1349, 1555, 1386, 1333, 1388, 1472, 1074, 1299, 1370, 1357, 955, 1328, 1360, 1364, 1041, 1254, 1213, 961, 1040, 1219, 1231, 1034, 1189, 1137, 825, 1143, 990]
z_Moead=[1557, 1583, 1605, 1588, 1547, 1632, 1542, 1597, 1578, 1524, 1523, 1530, 1529, 1800, 1799, 1763, 1765, 1301, 1669, 1731, 1461, 1236, 1761, 1445, 1488, 1170, 1711, 1439, 1152, 1219, 1735, 1523, 1590, 1652, 1610, 1507, 1517, 1538, 1515, 1508, 1676, 1473, 1537]
----Iteration 4----
x_Moead=[2103, 2070, 2049, 2091, 1603, 1610, 1447, 1352, 1388, 1715, 1638, 1643, 1798, 1752, 1687, 1693, 1844, 1918, 1954, 2029, 2055, 2123, 2099, 2095]
y_Moead=[1315, 1377, 1350, 1317, 1504, 1447, 1553, 1691, 1668, 1638, 1307, 1296, 1607, 1623, 1302, 1403, 1215, 1198, 1210, 1372, 1604, 1297, 1491, 1522]
z_Moead=[1629, 1648, 1682, 1618, 1958, 1888, 1833, 1656, 1634, 1211, 2007, 2040, 1462, 1238, 1970, 1697, 1822, 1774, 1772, 1653, 1561, 1747, 1590, 1559]
----Iteration 5----
x_Moead=[1086, 1135, 1073, 1144, 1172, 1191, 1403, 1645, 1702, 1705, 1703, 2023, 1995, 1323, 1160, 1263, 1158, 1166, 1404, 1160, 1303, 1251, 1412, 1264, 1730, 1802, 2019, 1814, 1751, 1980, 1876, 1833, 1968, 1972, 2089, 2070, 2101]
y_Moead=[1367, 1323, 1371, 1298, 1274, 1110, 1235, 1203, 1187, 1176, 1227, 890, 836, 826, 943, 872, 1145, 1387, 1129, 1295, 1308, 1336, 1096, 1185, 469, 1054, 883, 1042, 1151, 971, 1048, 1075, 747, 1011, 1012, 1009, 1002]
z_Moead=[1647, 1701, 1661, 1639, 1673, 1841, 1255, 1374, 1606, 1282, 1292, 1829, 1851, 2007, 1996, 2033, 1833, 1427, 1777, 1696, 1576, 1436, 1799, 1729, 1906, 1587, 1833, 1858, 1691, 1874, 1548, 1574, 1902, 1882, 1774, 1792, 1776]
----Iteration 6----
x_Moead=[777, 746, 897, 1289, 1313, 1382, 1705, 1170, 1091, 1440, 1258, 1336, 1484, 1396, 1367, 1697, 1866, 1195, 1194, 1096, 950, 1188, 1072, 972, 1461, 1211, 1174, 1248, 1281, 1507, 1472, 1524, 1529, 1530, 1588, 1653, 1626, 1761, 1739, 1677, 1730, 1707, 1681, 1813, 1756, 1831, 1813, 1839, 1919, 1880, 1850, 1921]
y_Moead=[1120, 1133, 1310, 1355, 1352, 754, 647, 1479, 1372, 701, 1415, 1342, 671, 728, 1349, 864, 737, 899, 878, 970, 1300, 1244, 1263, 1361, 686, 841, 1250, 1394, 1347, 665, 734, 664, 1020, 767, 851, 1183, 1323, 573, 523, 856, 1248, 1204, 1289, 848, 1240, 595, 982, 1182, 1140, 902, 1176, 842]
z_Moead=[1848, 1867, 1672, 1532, 1475, 1811, 1656, 1573, 1657, 1846, 1568, 1532, 1853, 1870, 1507, 1627, 1632, 1835, 1852, 1906, 1740, 1741, 1794, 1670, 1941, 1832, 1811, 1569, 1564, 1855, 1826, 1779, 1732, 1736, 1700, 1621, 1645, 1701, 1731, 1667, 1555, 1566, 1561, 1651, 1482, 1694, 1600, 1530, 1576, 1608, 1579, 1477]
----Iteration 7----
x_Moead=[1011, 1069, 1776, 1905, 1063, 1066, 1214, 1437, 1257, 1105, 1557, 1631, 1680, 1688, 1804, 1713, 1727, 1810, 1769, 1775, 1849, 1988, 2138, 2159]
y_Moead=[921, 942, 1041, 1187, 886, 904, 775, 1740, 833, 856, 1698, 1612, 1577, 1653, 820, 1400, 1659, 792, 1434, 1371, 941, 1611, 1463, 1525]
z_Moead=[1939, 1891, 1814, 1719, 1988, 1973, 1969, 1762, 1958, 1909, 1856, 1879, 1864, 1723, 1757, 1798, 1680, 1784, 1708, 1725, 1722, 1602, 1707, 1698]
----Iteration 8----
x_Moead=[1441, 1470, 1509, 1541, 1606, 1676, 1118, 1272, 1526, 1430, 1617, 1491, 1496, 1534, 1550, 1680, 1721, 1869, 1720, 2167, 2091, 2106, 1181, 1160, 1236, 1246, 1468, 1352, 1565, 1241, 1500, 1374, 1441, 1220, 1438, 1651, 1581, 1500, 1423, 1619, 1576, 1637, 1863, 1685, 1624, 1686, 1825, 1808, 1905, 1819, 1891, 1959, 1828, 1884, 2074, 1959, 1952, 2043, 1985, 1895, 2090, 2112, 2082]
y_Moead=[662, 569, 1039, 1001, 1054, 1082, 733, 744, 1180, 1107, 266, 1054, 1050, 1128, 1034, 750, 585, 888, 787, 517, 542, 536, 663, 668, 821, 838, 1076, 1123, 1201, 817, 1038, 1140, 1204, 556, 1055, 1122, 318, 387, 590, 832, 1109, 245, 946, 1010, 291, 552, 786, 160, 904, 369, 714, 861, 173, 345, 538, 798, 354, 597, 847, 493, 658, 499, 757]
z_Moead=[2094, 2100, 1696, 1725, 1660, 1633, 2199, 2120, 1561, 1748, 2167, 1842, 1687, 1524, 1670, 2074, 2018, 1644, 1907, 1408, 1356, 1393, 2380, 2423, 2137, 2112, 1854, 1793, 1488, 2197, 1883, 1792, 1659, 2422, 1861, 1416, 2185, 2247, 2165, 2056, 1612, 2200, 1708, 1404, 2159, 2046, 1847, 2024, 1564, 1970, 1724, 1594, 1843, 1781, 1710, 1642, 1755, 1707, 1207, 1769, 1504, 1710, 1571]
----Iteration 9----
x_Moead=[1033, 1438, 1442, 1494, 1943, 2113, 2094, 961, 672, 290, 705, 728, 1357, 2018, 2004, 2017, 1953, 1934, 2103, 1977, 994, 435, 931, 719, 751, 1072, 1192, 1303, 1288, 665, 1017, 1263, 1278, 1264, 1245, 1675, 1343, 1351, 1333, 1722, 1794, 1709, 1836, 1644, 1864, 1847, 1938, 1726, 1911, 1961, 2136]
y_Moead=[-311, 760, 750, 724, 174, 111, 158, 95, 1245, 191, 1265, 1261, 800, 101, 448, 165, 521, 525, 79, 398, 16, 56, 1087, 1259, 1270, 738, 838, 935, 982, 1271, 1255, -376, -417, 1025, 1120, 538, 900, 968, 983, 262, 534, 677, 524, 704, 424, 500, 602, 662, 654, 521, 186]
z_Moead=[1974, 792, 632, 642, 1392, 1260, 1230, 1909, 1318, 1847, 1219, 1278, 1508, 1552, 1268, 1519, 1281, 1282, 1380, 1364, 2042, 1994, 1341, 1291, 1196, 1782, 1756, 1505, 1452, 1309, 1015, 1908, 1865, 1434, 890, 1594, 1523, 1266, 1275, 1844, 1680, 1129, 1748, 1362, 1806, 1701, 1258, 1097, 1417, 1247, 1184]
----End of Run----
----End of Run----
