----Iteration 0----
memory=146.38671875,146.64453125,147.41796875,148.19140625,148.96484375,149.48046875,149.73828125,150.82421875,151.85546875,152.11328125
time=1.7918994426727295,1.9551582336425781,2.0495641231536865,2.027244806289673,2.166285514831543,1.9582984447479248,1.8779292106628418,1.8895869255065918,1.8887157440185547,2.196321725845337
----Iteration 1----
memory=146.38671875,146.64453125,147.41796875,148.44921875,148.96484375,149.48046875,150.05078125,150.82421875,151.85546875,152.37109375
time=1.9782919883728027,1.8862693309783936,2.147386074066162,2.0176100730895996,2.3594765663146973,1.864675521850586,1.8617756366729736,1.9611895084381104,1.9051263332366943,2.3080873489379883
----Iteration 2----
memory=153.14453125,153.14453125,153.40234375,153.66015625,153.91796875,153.91796875,154.43359375,154.94921875,154.94921875,155.72265625
time=1.8439536094665527,1.59381103515625,1.4872772693634033,1.5007092952728271,1.6918277740478516,2.3893349170684814,2.6643428802490234,2.64021897315979,2.374152421951294,2.3445873260498047
----Iteration 3----
memory=153.14453125,153.14453125,153.40234375,153.66015625,153.91796875,153.91796875,154.43359375,154.94921875,154.94921875,155.72265625
time=1.8443660736083984,1.483337640762329,1.5981383323669434,1.4646387100219727,1.6457157135009766,2.566720962524414,2.5113625526428223,2.2999379634857178,2.4044172763824463,2.4732773303985596
----Iteration 4----
memory=153.14453125,153.14453125,153.40234375,153.66015625,153.91796875,153.91796875,154.43359375,154.94921875,155.46484375,155.98046875
time=1.8908929824829102,1.4544036388397217,1.5277292728424072,1.482351541519165,1.9460687637329102,2.673776388168335,2.4390861988067627,2.715196132659912,2.2650561332702637,2.2537224292755127
----Iteration 5----
memory=156.23828125,156.23828125,156.49609375,156.49609375,156.75390625,157.01171875,157.01171875,157.52734375,157.52734375,158.30078125
time=1.7885982990264893,2.0846266746520996,2.5125327110290527,2.3823375701904297,2.6324143409729004,2.6658782958984375,2.6180925369262695,2.5891776084899902,2.5041921138763428,2.4620285034179688
----Iteration 6----
memory=156.23828125,156.23828125,156.49609375,156.49609375,156.75390625,157.01171875,157.26953125,157.52734375,158.04296875,158.30078125
time=1.9678938388824463,2.3026785850524902,2.435063362121582,2.5020620822906494,2.456906795501709,3.037367820739746,2.706630229949951,2.3094561100006104,2.6695926189422607,2.404475450515747
----Iteration 7----
memory=156.23828125,156.23828125,156.49609375,156.75390625,157.01171875,157.01171875,157.52734375,157.52734375,158.30078125,158.30078125
time=2.2813684940338135,2.6641855239868164,2.9126296043395996,2.567247152328491,2.746593713760376,2.5580389499664307,2.6124961376190186,2.6391735076904297,2.517545223236084,1.6590001583099365
----Iteration 8----
memory=158.30078125,158.30078125,158.30078125,158.30078125,158.30078125,158.30078125,158.81640625,159.07421875,159.07421875,159.58984375
time=1.7601556777954102,2.2193260192871094,1.8666787147521973,1.8712570667266846,1.978586196899414,1.9415416717529297,2.0174341201782227,1.637819528579712,1.4647011756896973,1.1349766254425049
----Iteration 9----
memory=158.30078125,158.30078125,158.30078125,158.30078125,158.30078125,158.30078125,158.81640625,159.07421875,159.07421875,159.58984375
time=1.8639264106750488,1.9511072635650635,1.8486082553863525,1.9079644680023193,1.808812141418457,2.0042757987976074,2.031627655029297,1.7074832916259766,1.4522662162780762,1.0092151165008545
