----Iteration 0----
x_Moead=[539, 512, 476, 554, 695, 126, 551, 191, 70, 199, 441, 341, 218, 156, 306, 227, 199, 449, 510, 499, 645, 656, 670, 705, 481, 306, 44, 78, 207, 106, 292, 193, 441, 352, 412, 487, 479, 445, 562, 466, 468, 536, 579, 606, 617, 667, 660, 723, 356, 317, 275, 31, 121, 402, 125, 296, 286, 174, 408, 304, 290, 406, 284, 431, 319, 510, 469, 535, 509, 571, 452, 565, 591, 612, 586, 604, 614, 652, 624]
y_Moead=[413, 460, 483, 421, 257, 718, 356, 199, 729, 203, 326, 528, 656, 711, 542, 594, 683, 314, 363, 382, 249, 349, 303, 325, 307, 565, 720, 782, 273, 775, 181, 637, 288, 542, 472, 254, 396, 577, 206, 494, 531, 210, 237, 267, 479, 406, 193, 209, 293, 513, 543, 728, 796, 441, 759, 780, 608, 705, 483, 562, 651, 658, 727, 585, 628, 240, 413, 206, 434, 559, 595, 204, 350, 509, 605, 217, 327, 398, 445]
z_Moead=[452, 381, 384, 440, 411, 294, 444, 782, 358, 754, 677, 645, 479, 283, 618, 598, 279, 633, 528, 536, 483, 393, 459, 387, 651, 515, 365, 289, 736, 290, 735, 551, 722, 589, 640, 612, 582, 461, 577, 470, 370, 572, 555, 486, 321, 379, 460, 425, 726, 672, 634, 360, 127, 723, 298, 6, 595, 301, 655, 573, 442, 367, 215, 408, 390, 671, 507, 631, 449, 357, 388, 618, 518, 378, 340, 570, 482, 413, 417]
----Iteration 1----
x_Moead=[500, 462, 624, 749, 734, 335, 445, 515, 417, 388, 539, 510, 743, 577, 527, 585, 611, 618, 689, 718, 781, 735, 303, 552, 464, 521, 548, 622, 574, 617, 698, 640, 742, 695, 729, 647, 788, 763, 826, 827, 367, 368, 345, 493, 408, 407, 283, 361, 413, 369, 382, 392, 399, 389, 635, 604, 451, 554, 634, 630, 790, 582, 700, 673, 762, 688, 789, 707, 678, 866, 831, 812, 827]
y_Moead=[585, 613, 456, 292, 284, 110, 419, 575, 569, 577, 501, 559, 232, 530, 604, 387, 443, 484, 287, 337, 336, 345, 655, 514, 655, 45, 170, 330, 317, 507, 190, 400, 165, 208, 389, 553, 148, 318, 314, 243, -17, 15, 320, 510, 562, 658, 697, 728, 116, 641, 692, 687, 66, 576, 258, 494, 538, 636, 294, 358, 125, 511, 199, 431, 217, 339, 229, 399, 508, 207, 211, 361, 313]
z_Moead=[204, 202, 422, 472, 506, 676, 462, 229, 309, 325, 439, 268, 487, 349, 191, 514, 458, 410, 478, 423, 403, 378, 290, 403, 133, 698, 659, 554, 584, 401, 589, 507, 626, 616, 321, 24, 575, 415, 442, 390, 753, 717, 565, 414, 394, 248, 229, 169, 671, 346, 288, 219, 687, 419, 654, 437, 421, 189, 616, 517, 638, 369, 588, 436, 572, 512, 518, 287, 73, 479, 497, 351, 363]
----Iteration 2----
x_Moead=[544, 577, 556, 538, 630, 193, 85, 447, 425, 287, 374, 367, 303, 545, 546, 543, 609, 637, 635, 168, 249, 236, 38, 225, 216, 478, 345, 328, 237, 386, 326, 434, 412, 381, 537, 463, 505, 501, 485, 505, 535, 522, 621, 614, 661, 253, 236, 230, 199, 266, 175, 256, 80, 91, 279, 270, 437, 267, 326, 269, 267, 314, 314, 499, 442, 354, 362, 362, 324, 446, 490, 603, 672, 609, 616]
y_Moead=[60, 148, 150, 185, 148, 369, 723, 263, 387, 493, 567, 418, 462, 186, 330, 232, 242, 127, 145, 713, 313, 512, 691, 642, 653, 113, 305, 530, 644, 337, 587, 523, 539, 558, 262, 359, 410, 420, 480, 455, 370, 364, 81, 287, 87, 310, 408, 477, 483, 483, 553, 639, 693, 697, 429, 463, 122, 388, 457, 473, 536, 616, 636, 215, 332, 451, 568, 570, 598, 473, 350, 111, 205, 328, 160]
z_Moead=[605, 570, 570, 567, 437, 732, 191, 596, 552, 563, 289, 576, 529, 519, 405, 478, 451, 476, 413, 272, 746, 587, 303, 367, 372, 693, 706, 385, 243, 658, 370, 461, 291, 211, 681, 554, 453, 388, 230, 242, 272, 359, 541, 374, 487, 762, 705, 659, 650, 574, 461, 405, 286, 278, 688, 692, 712, 719, 684, 616, 534, 345, 235, 690, 637, 673, 364, 300, 298, 489, 508, 565, 390, 353, 475]
----Iteration 3----
x_Moead=[725, 678, 714, 694, -21, 771, 743, -33, 760, 638, 740, 782, 297, 680, 353, 387, 335, 514, 755, 799, 841, 818, 45, 85, 139, 68, 104, 530, 188, 263, 648, 634, 351, 716, 863, 754, 889, 845, 843, 435, 218, 164, 79, 144, 475, 413, 157, 231, 500, 296, 334, 630, 679, 694, 690, 724, 628, 718, 741, 736, 728, 766, 833, 787, 171, 30, 40, -8, 114, 130, 182, 584, 196, 276, 549, 460, 551, 398, 590, 659, 585, 693, 685, 620, 711, 749, 705, 798, 768]
y_Moead=[338, 381, 296, 425, 621, 296, 311, 611, 400, 445, 423, 272, 579, 360, 508, 471, 557, 465, 287, 414, 248, 382, 553, 582, 597, 363, 611, 212, 600, 630, 355, 395, 521, 211, 330, 460, 200, 121, 328, 111, 451, 532, 673, 701, 50, 193, 714, 685, 200, 439, 524, 337, 373, 386, 520, 293, 507, 129, 433, 280, 357, 278, 270, 421, 214, 362, 485, 495, 730, 570, 680, 118, 580, 607, 197, 319, 395, 582, 1, 309, 577, 163, 561, 569, 435, 246, 495, 155, 493]
z_Moead=[460, 450, 513, 411, 370, 441, 424, 394, 399, 370, 390, 459, 288, 421, 322, 264, 243, 321, 464, 386, 431, 399, 471, 464, 414, 576, 387, 577, 345, 255, 494, 440, 227, 522, 389, 354, 450, 461, 418, 684, 558, 469, 363, 353, 716, 644, 317, 269, 578, 538, 314, 506, 479, 415, 193, 500, 220, 546, 387, 489, 439, 476, 467, 308, 633, 626, 598, 639, 310, 436, 277, 662, 416, 321, 641, 611, 487, 78, 645, 526, 196, 586, 172, 223, 400, 519, 193, 535, 250]
----Iteration 4----
x_Moead=[540, 455, 483, 579, 225, 635, 713, 671, 643, 658, 92, 139, 260, 242, 407, 616, 613, 630, 709, 742, 16, 75, 132, 46, 302, 144, 361, 673, 420, 602, 616, 702, 676, 745, 533, 320, 169, 50, 238, 378, 187, 466, 317, 587, 412, 647, 636, 558, 635, 749, 707, 391, 119, 127, 137, 140, 307, 249, 223, 219, 224, 440, 418, 210, 361, 332, 546, 453, 546, 524, 513, 659, 652, 568, 659, 556, 765, 635, 548, 635, 727]
y_Moead=[477, 462, 438, 464, 546, 439, 429, 468, 343, 455, 529, 848, 526, 682, 500, 415, 448, 517, 414, 422, 499, 563, 628, 860, 491, 617, 630, 203, 574, 521, 507, 290, 482, 286, 265, 303, 842, 482, 680, 394, 669, 306, 779, 237, 645, 246, 345, 549, 550, 283, 437, 478, 515, 569, 587, 683, 709, 775, 823, 504, 765, 331, 438, 686, 751, 629, 360, 409, 474, 629, 632, 153, 271, 401, 305, 614, 216, 529, 591, 348, 376]
z_Moead=[280, 303, 355, 262, 243, 291, 242, 235, 308, 271, 420, -108, 254, 139, 310, 322, 325, 71, 253, 222, 500, 368, 319, -71, 422, 330, 128, 601, 174, 146, 254, 412, 65, 255, 613, 727, 67, 525, 153, 724, 218, 681, 108, 630, 108, 542, 375, 132, -4, 405, 114, 682, 409, 352, 340, 180, 138, 124, 94, 445, 155, 660, 602, 164, 122, 164, 596, 584, 262, 137, 87, 617, 530, 506, 528, 93, 584, 12, 153, 465, 239]
----Iteration 5----
x_Moead=[319, 78, 218, 212, 204, 250, 113, 126, 256, 73, 260, 223, 200, 249, 255, 622, 601, 593, 84, 49, 119, 77, 109, 127, 157, 147, 181, 236, 298, 457, 538, 423, 510, 479, 493, 478, 478, 494, 586, 572, 110, 73, 97, 146, 153, 370, 249, 203, 233, 178, 398, 311, 180, 395, 368, 231, 368, 434, 475, 405, 520, 553, 517, 537, 614, 684, 675, 660]
y_Moead=[475, 575, 601, 540, 476, 467, 394, 407, 579, 442, 232, 303, 583, 235, 488, 240, 203, 282, 495, 607, 673, 690, 497, 643, 705, 351, 389, 557, 528, 114, 294, 431, 543, 590, 91, 583, 314, 547, 263, 490, 313, 417, 461, 570, 545, 700, 746, 218, 294, 372, 640, 115, 454, 683, 187, 400, 418, 636, 98, 458, 57, 184, 408, 140, 423, 318, 272, 368]
z_Moead=[270, 416, 323, 349, 373, 398, 561, 525, 278, 585, 554, 548, 335, 504, 370, 417, 433, 390, 534, 366, 296, 262, 509, 310, 256, 608, 509, 288, 259, 600, 463, 311, 174, 170, 553, 234, 419, 218, 464, 174, 646, 623, 554, 398, 442, 235, 154, 717, 667, 594, 253, 745, 494, 193, 680, 466, 411, 178, 581, 247, 562, 511, 401, 550, 302, 356, 371, 382]
----Iteration 6----
x_Moead=[203, 282, 311, 189, 73, 235, 302, 469, 527, 570, 700, 756, 703, 410, 144, 202, 286, 334, 240, 321, 276, 413, 300, 375, 448, 512, 653, 679, 642, 567, 631, 634, 705, 694, 769, 754, 452, 356, 193, 187, 154, 201, 176, 495, 172, 244, 514, 424, 268, 434, 618, 504, 587, 497, 602, 586, 661, 690, 788, 177, 128, 45, 69, 210, 409, 183, 169, 284, 366, 456, 595, 589, 470, 616, 549, 535, 495, 558, 577, 495, 704, 673, 612, 646, 643, 676, 769, 705, 722, 768]
y_Moead=[423, 463, 367, 643, 609, 596, 399, 330, 328, 380, 158, 171, 140, 247, 520, 516, 408, 421, 570, 555, 597, 293, 407, 415, 322, 406, 108, 83, 51, 338, 133, 253, 135, 286, 231, 218, 208, 321, 469, 497, 562, 448, 477, 230, 578, 595, 140, 297, 470, 371, 155, 388, 404, 432, 413, 445, 350, 269, 215, 508, 587, 652, 659, 638, 340, 524, 544, 592, 526, 542, 155, 209, 522, 207, 316, 456, 491, 267, 436, 472, 59, 104, 406, 121, 395, 147, -19, 246, 64, 268]
z_Moead=[595, 509, 664, 335, 426, 228, 608, 504, 485, 413, 405, 261, 378, 738, 567, 550, 626, 596, 338, 321, 212, 730, 709, 416, 522, 381, 579, 600, 615, 462, 524, 351, 427, 208, 230, 276, 745, 688, 615, 603, 539, 626, 629, 696, 404, 334, 763, 722, 459, 476, 644, 447, 369, 327, 186, 61, 228, 335, 258, 573, 518, 473, 428, 369, 674, 517, 479, 307, 429, 357, 675, 674, 395, 640, 631, 267, 381, 641, 323, 415, 604, 555, 310, 492, 170, 479, 509, 355, 395, 260]
----Iteration 7----
x_Moead=[698, 445, 545, 574, 668, 432, 505, 440, 533, 433, 452, 690, 767, 792, 729, 792, 560, 467, 315, 306, 545, 430, 461, 448, 472, 525, 676, 697, 711, 732, 756, 833, 536, 363, 368, 400, 407, 407, 661, 570, 521, 685, 670, 596, 661, 728, 682, 669, 730, 799, 793, 742, 816, 807, 409, 379, 339, 361, 369, 235, 395, 443, 510, 381, 675, 492, 639, 579, 588, 664, 671, 718, 630, 773, 724, 735, 685, 634, 716, 697, 788, 753, 847, 885, 851]
y_Moead=[121, 298, 172, 197, 161, 425, 286, 467, 223, 443, 427, 159, 84, 117, 289, 156, 138, 239, 429, 443, 91, 477, 301, 426, 452, 359, 179, 121, 106, 308, 146, 59, 32, 312, 437, 473, 471, 508, 193, 262, 317, 327, 380, 436, 406, 181, 355, 380, 166, 76, 250, 254, 107, 144, 277, 421, 461, 517, 570, 595, 509, 365, 424, 513, 55, 445, 274, 377, 442, 319, 344, 68, 413, 69, 314, 308, 374, 428, 362, 378, 255, 237, 125, 19, 121]
z_Moead=[598, 635, 660, 628, 617, 523, 639, 406, 696, 486, 494, 654, 586, 528, 583, 524, 681, 648, 710, 723, 696, 462, 633, 495, 362, 533, 616, 675, 631, 562, 549, 432, 711, 746, 688, 583, 613, 559, 653, 639, 600, 580, 406, 305, 446, 596, 402, 478, 587, 584, 503, 548, 528, 496, 727, 725, 694, 534, 500, 391, 573, 706, 626, 343, 705, 469, 612, 489, 274, 598, 444, 652, 402, 647, 562, 478, 363, 295, 311, 283, 540, 574, 414, 375, 402]
----Iteration 8----
x_Moead=[522, 557, 508, 529, 508, 544, 80, 521, 177, 474, 583, 522, 495, 683, 795, 786, 85, 347, 430, 309, 475, 439, 717, 713, 696, 721, 752, 768, 768, 214, 233, 89, 329, 404, 442, 654, 528, 686, 611, 679, 816, 416, 285, 245, 288, 308, 268, 200, 293, 548, 311, 525, 643, 418, 575, 691, 522, 581, 697, 674, 607, 720, 691, 646, 744, 729, 760, 776, 764, 767, 845, 806]
y_Moead=[442, 422, 429, 437, 552, 454, 346, 451, 741, 428, 415, 564, 666, 326, 428, 382, 747, 653, 691, 671, 426, 542, 443, 389, 546, 390, 366, 436, 407, 643, 654, 733, 657, 506, 601, 316, 604, 301, 434, 526, 315, 383, 624, 643, 729, 716, 201, 544, 708, 416, 618, 653, 377, 588, 651, 391, 583, 630, 293, 412, 529, 270, 321, 567, 197, 554, 320, 387, 534, 271, 445, 484]
z_Moead=[420, 431, 445, 427, 299, 401, 577, 437, 167, 480, 471, 258, 109, 499, 277, 292, 287, 159, 111, 132, 462, 408, 405, 444, 302, 412, 476, 296, 298, 442, 382, 207, 246, 534, 238, 571, 221, 527, 417, 360, 391, 562, 530, 393, 321, 85, 619, 576, 119, 548, 490, 155, 574, 390, 165, 482, 234, 178, 540, 509, 344, 539, 526, 223, 521, 271, 514, 397, 282, 428, 261, 244]
----Iteration 9----
x_Moead=[303, 613, 261, 369, 358, 508, 471, 545, 560, 593, 565, 294, 230, 322, 330, 256, 443, 512, 565, 535, 584, 559, 580, 278, 237, 170, 253, 153, 279, 190, 322, 293, 364, 470, 411, 424, 498, 487, 466, 492, 545, 626, 587, 612, 641, 200, 221, 211, 246, 176, 234, 254, 346, 227, 369, 220, 187, 429, 279, 309, 260, 293, 376, 452, 474, 452, 461, 430, 470, 455, 503, 675, 539, 566, 636, 607, 720, 685, 704, 746]
y_Moead=[597, 225, 629, 482, 578, 484, 496, 403, 306, 361, 405, 239, 318, 590, 245, 305, 559, 560, 363, 515, 497, 375, 395, 270, 321, 536, 541, 784, 658, 538, 253, 552, 651, 507, 652, 665, 259, 491, 616, 596, 496, 210, 512, 259, 384, 320, 352, 451, 602, 655, 732, 734, 227, 443, 227, 627, 701, 252, 440, 520, 526, 648, 734, 214, 368, 537, 516, 561, 548, 628, 455, 155, 432, 563, 168, 209, 332, 341, 394, 305]
z_Moead=[402, 476, 440, 567, 367, 379, 366, 418, 521, 469, 389, 710, 725, 484, 697, 703, 350, 298, 455, 272, 219, 461, 414, 744, 675, 623, 580, 293, 410, 594, 702, 535, 341, 441, 326, 290, 573, 555, 304, 321, 256, 545, 161, 499, 366, 738, 709, 668, 528, 493, 455, 426, 744, 669, 694, 507, 472, 686, 634, 615, 599, 436, 336, 671, 664, 517, 534, 485, 427, 320, 539, 639, 492, 65, 657, 645, 367, 397, 290, 364]
----End of Run----
