----Iteration 0----
-120,308247;113,340200;-74,-122243;102,336208;212,455140;236,40254;231,423153;217,-66235;230,433145;172,-44196;251,-18178;334,7791;326,-67203;362,1676;299,9780;369,12927;
212,455140;172,512295;184,460319;120,483298;174,477185;324,400222;402,299305;361,340412;355,398210;357,436206;373,329423;401,294434;378,336373;366,402202;
212,455140;172,512295;184,460319;120,483298;174,477185;324,400222;361,340412;355,398210;357,436206;373,329423;401,294434;378,336373;366,402202;142,110564;116,184517;22,498354;56,706257;88,639235;115,605345;97,617346;173,131482;78,482382;307,296456;345,343451;179,540181;244,504126;311,401231;353,45077;437,353278;405,322397;413,302430;396,353314;422,347292;
172,512295;184,460319;357,436206;401,294434;116,184517;56,706257;115,605345;97,617346;173,131482;78,482382;307,296456;345,343451;353,45077;413,302430;140,161593;260,303480;176,347447;58,452423;72,469392;101,654299;122,615258;145,140574;74,694256;62,569382;154,606308;274,261464;111,497362;174,569197;136,588320;378,378443;238,542250;291,580130;278,560198;317,502191;316,538153;319,520126;459,434398;409,417413;
56,706257;115,605345;97,617346;72,469392;101,654299;122,615258;74,694256;62,569382;154,606308;136,588320;238,542250;291,580130;278,560198;215,87609;100,399506;31,524392;-11,563385;120,638307;60,659312;97,693229;236,95591;306,201586;177,360569;86,457497;4,609368;174,542379;234,238597;342,401490;316,426469;209,600254;236,620147;355,511296;375,567172;312,56836;409,558211;494,245522;539,413452;512,460381;504,433441;476,483384;481,442405;478,391540;
56,706257;97,617346;101,654299;74,694256;62,569382;154,606308;136,588320;238,542250;291,580130;-11,563385;120,638307;60,659312;97,693229;306,201586;177,360569;86,457497;4,609368;174,542379;234,238597;342,401490;316,426469;209,600254;236,620147;355,511296;375,567172;409,558211;494,245522;539,413452;512,460381;504,433441;476,483384;481,442405;478,391540;250,189633;97,287572;227,398532;54,413589;81,506426;144,535400;2,541397;-1,579373;127,605356;60,714218;363,199596;130,623338;103,685252;112,672211;290,426524;148,572349;176,623217;373,136559;347,452396;336,57850;415,161555;328,404479;365,568207;437,83548;398,431443;627,274420;554,421440;477,474354;597,276433;515,456277;695,295366;559,428291;695,257411;623,371367;652,223422;623,333412;639,284407;
238,542250;291,580130;60,659312;4,609368;209,600254;236,620147;355,511296;375,567172;409,558211;494,245522;539,413452;512,460381;504,433441;476,483384;481,442405;478,391540;250,189633;130,623338;176,623217;336,57850;415,161555;365,568207;398,431443;627,274420;554,421440;477,474354;597,276433;515,456277;695,295366;559,428291;695,257411;623,371367;652,223422;623,333412;639,284407;411,263631;281,396601;228,424610;33,461587;2,506538;121,579480;192,617366;133,642317;126,718294;121,759273;222,444636;127,588473;271,458511;93,568481;129,658326;129,676243;438,153608;191,543473;318,59051;463,119568;354,454495;311,474397;280,575231;337,590-32;475,78546;551,356444;367,445525;519,458275;558,433359;445,509320;481,486273;579,288434;649,352311;693,306354;
291,580130;236,620147;355,511296;375,567172;409,558211;539,413452;512,460381;504,433441;476,483384;481,442405;478,391540;336,57850;365,568207;398,431443;554,421440;477,474354;515,456277;559,428291;695,257411;623,371367;623,333412;126,718294;121,759273;129,658326;318,59051;463,119568;354,454495;280,575231;337,590-32;475,78546;551,356444;367,445525;519,458275;558,433359;445,509320;481,486273;649,352311;191,199782;390,300693;70,729358;199,203754;441,326677;341,528645;218,656479;156,711283;331,391659;306,542618;227,594598;199,683279;195,72240;211,6916;398,346607;449,314633;510,363528;468,515262;443,517226;499,382536;526,313488;547,307486;645,249483;628,387330;656,349393;670,303459;705,325387;
236,620147;539,413452;512,460381;504,433441;476,483384;481,442405;336,57850;554,421440;695,257411;623,333412;126,718294;121,759273;129,658326;318,59051;337,590-32;551,356444;558,433359;191,199782;390,300693;70,729358;199,203754;441,326677;341,528645;218,656479;156,711283;331,391659;306,542618;227,594598;199,683279;195,72240;211,6916;449,314633;510,363528;499,382536;526,313488;547,307486;645,249483;656,349393;670,303459;705,325387;481,307651;306,565515;44,720365;78,782289;207,273736;261,570595;106,775290;292,181735;322,431664;193,637551;291,759-5;441,288722;352,542589;224,622161;412,472640;297,602228;283,61040;487,254612;479,396582;445,577461;562,206577;466,494470;468,531370;536,210572;579,237555;567,441329;541,497371;582,156559;591,200534;606,267486;617,479321;667,406379;660,193460;723,209425;
539,413452;512,460381;476,483384;554,421440;695,257411;126,718294;551,356444;191,199782;70,729358;199,203754;441,326677;341,528645;218,656479;156,711283;306,542618;227,594598;199,683279;449,314633;510,363528;499,382536;645,249483;656,349393;670,303459;705,325387;481,307651;306,565515;44,720365;78,782289;207,273736;106,775290;292,181735;193,637551;441,288722;352,542589;412,472640;487,254612;479,396582;445,577461;562,206577;466,494470;468,531370;536,210572;579,237555;606,267486;617,479321;667,406379;660,193460;723,209425;356,293726;317,513672;275,543634;31,728360;121,796127;402,441723;125,759298;296,7806;286,608595;174,705301;408,483655;304,562573;290,651442;406,658367;284,727215;431,585408;319,628390;510,240671;469,413507;535,206631;509,434449;571,559357;452,595388;565,204618;591,350518;612,509378;586,605340;604,217570;614,327482;652,398413;624,445417;
----Iteration 1----
240,153128;167,-39175;225,-77141;335,346119;407,314104;385,31562;409,267105;452,1290;
335,346119;226,42857;181,40170;332,42952;317,329162;429,282249;333,360151;391,41359;426,225277;471,236266;478,318110;476,220292;566,35630;549,36649;597,282127;590,320106;
429,282249;426,225277;471,236266;476,220292;597,282127;224,319295;297,300302;357,-178467;245,233327;322,-158456;311,374249;271,46386;335,238265;470,420-6;369,225339;452,347245;452,433166;398,196318;385,236298;395,212299;536,364130;492,155274;536,330232;537,38351;529,296234;524,341221;570,157265;578,37572;648,201225;593,340139;619,244176;600,37051;609,194231;648,231214;
357,-178467;311,374249;470,420-6;452,347245;452,433166;536,364130;536,330232;529,296234;578,37572;648,201225;593,340139;619,244176;600,37051;609,194231;648,231214;272,347369;387,47538;401,15409;393,320397;406,392236;382,44882;372,61439;471,341330;437,397232;476,437-7;420,-3435;514,311359;446,-80465;490,335312;471,324361;517,330338;525,343232;490,413110;552,299218;577,40854;597,199269;666,219213;602,306135;671,179282;
357,-178467;311,374249;452,433166;536,330232;529,296234;600,37051;401,15409;393,320397;406,392236;372,61439;471,341330;437,397232;420,-3435;514,311359;446,-80465;490,335312;471,324361;517,330338;525,343232;490,413110;552,299218;577,40854;602,306135;671,179282;291,384303;258,508174;320,52372;316,178441;225,440260;461,349373;484,290391;499,44964;473,482136;533,283351;475,371211;590,191351;548,46011;655,147358;605,237334;560,248285;574,42681;638,188335;599,384157;648,358119;590,42118;654,200283;689,279251;701,268262;
452,433166;393,320397;514,311359;446,-80465;471,324361;517,330338;316,178441;461,349373;484,290391;499,44964;473,482136;548,46011;574,42681;599,384157;648,358119;689,279251;701,268262;316,337384;240,457300;249,423296;248,475274;326,549108;360,310421;367,536204;404,519160;407,103472;330,527271;408,517209;506,416347;503,7463;639,178392;614,45155;596,42294;676,352305;633,39278;682,310372;740,264364;
330,527271;408,517209;676,352305;633,39278;682,310372;511,440439;500,585204;462,613202;378,182520;502,84571;512,479419;525,492383;578,507358;548,512121;624,456422;749,292472;734,284506;673,362129;692,324326;
676,352305;500,585204;462,613202;502,84571;578,507358;624,456422;749,292472;734,284506;673,362129;335,110676;445,419462;515,575229;417,569309;441,635100;351,585314;388,577325;484,616179;389,42683;403,280542;524,73580;539,501439;510,559268;743,232487;577,530349;527,604191;709,201529;585,387514;611,443458;618,484410;689,287478;638,399496;694,193563;718,337423;781,336403;782,300441;735,345378;
500,585204;462,613202;624,456422;749,292472;734,284506;335,110676;445,419462;515,575229;417,569309;351,585314;388,577325;484,616179;539,501439;510,559268;743,232487;577,530349;527,604191;709,201529;585,387514;611,443458;618,484410;689,287478;718,337423;781,336403;735,345378;303,655290;552,514403;464,655133;521,45698;548,170659;622,330554;574,317584;617,507401;698,190589;640,400507;742,165626;695,208616;729,389321;647,55324;788,148575;763,318415;826,314442;827,243390;
500,585204;462,613202;624,456422;749,292472;734,284506;335,110676;445,419462;515,575229;417,569309;388,577325;539,501439;510,559268;743,232487;577,530349;527,604191;585,387514;611,443458;618,484410;689,287478;718,337423;781,336403;735,345378;303,655290;552,514403;464,655133;521,45698;548,170659;622,330554;574,317584;617,507401;698,190589;640,400507;742,165626;695,208616;729,389321;647,55324;788,148575;763,318415;826,314442;827,243390;367,-17753;368,15717;345,320565;493,510414;408,562394;407,658248;283,697229;361,728169;413,116671;369,641346;382,692288;392,687219;399,66687;389,576419;635,258654;604,494437;451,538421;554,636189;634,294616;630,358517;790,125638;582,511369;700,199588;673,431436;762,217572;688,339512;789,229518;707,399287;678,50873;866,207479;831,211497;812,361351;827,313363;
----Iteration 2----
172,87112;0,241-52;82,154258;199,18721;-45,20264;157,9787;183,21855;265,11054;307,179-39;346,4154;429,182-95;203,45199;222,70161;422,166-81;421,115-43;408,150-9;389,878;
82,154258;429,182-95;422,166-81;408,150-9;-164,193118;-69,28470;-57,363-9;-22,312-74;-128,310-7;-287,34118;5,333-95;-114,119293;35,87431;-103,171118;219,81270;235,30756;270,22471;294,22756;282,145258;321,131121;343,212-25;355,254-127;282,38282;441,122136;469,177-115;431,205-117;432,83153;475,89152;454,54163;460,132104;
82,154258;35,87431;219,81270;294,22756;282,145258;343,212-25;469,177-115;431,205-117;25,184332;17,290244;-78,327227;-22,471-30;-7,140431;31,531-56;4,510-35;67,508-103;72,181417;208,77278;75,441-71;316,56294;264,391125;448,142235;372,201-36;370,244-102;280,372159;470,113245;360,255-78;448,19669;404,208-79;477,114197;468,190181;
17,290244;-78,327227;31,531-56;4,510-35;67,508-103;264,391125;280,372159;122,236503;9,408140;91,281454;-17,319262;-11,352184;72,500-29;127,184462;135,45730;146,152475;303,98350;233,228295;281,413111;304,40046;269,132368;286,329116;324,89321;384,325186;297,39994;476,192270;488,230140;460,223304;481,151291;
67,508-103;264,391125;280,372159;122,236503;72,500-29;135,45730;233,228295;281,413111;384,325186;297,39994;488,230140;460,223304;181,131490;113,190518;158,272429;104,306454;36,314307;54,386179;15,49446;36,52318;50,534-10;14,430337;42,473105;49,47457;288,227475;30,394321;352,42635;258,426136;371,41063;440,69461;416,119487;422,303141;367,4341;358,347250;458,87449;467,302153;393,291182;474,56415;561,149362;528,141393;533,179359;530,194313;540,141380;
67,508-103;72,500-29;135,45730;460,223304;15,49446;36,52318;50,534-10;42,473105;49,47457;352,42635;416,119487;367,4341;467,302153;561,149362;528,141393;533,179359;530,194313;540,141380;66,328499;136,397476;99,338484;-108,471245;204,424459;155,437418;-2,543191;111,501-31;342,264521;281,327517;192,304545;316,44982;137,500-71;382,217442;343,302409;205,403457;429,56589;300,449263;442,54525;502,59463;492,15490;375,287365;407,42296;413,372295;443,316302;576,110461;498,227224;452,291272;520,269203;633,123411;
367,4341;66,328499;136,397476;99,338484;204,424459;155,437418;342,264521;281,327517;192,304545;316,44982;382,217442;343,302409;205,403457;375,287365;413,372295;443,316302;520,269203;633,123411;24,316671;10,336633;265,512265;24,580-18;107,576-63;240,558313;311,463360;254,520331;544,60605;577,148570;244,206645;225,209601;302,494316;556,150570;278,171628;362,286417;389,42758;373,300396;396,380238;538,185567;541,160481;452,422124;452,354292;559,234389;476,307357;601,-1513;540,266376;630,148437;596,197368;656,61447;581,154405;
311,463360;544,60605;577,148570;556,150570;538,185567;452,422124;452,354292;601,-1513;630,148437;656,61447;193,369732;160,380704;197,430643;351,449393;324,453306;81,713254;229,506349;85,723191;495,144671;414,279622;309,427675;315,581320;294,573338;447,263596;425,387552;287,493563;374,567289;515,126655;367,418576;303,462529;449,337526;417,43697;537,147609;545,186519;546,330405;543,232478;475,387231;605,-63528;574,301341;609,242451;637,127476;635,145413;
544,60605;577,148570;556,150570;538,185567;630,148437;193,369732;160,380704;197,430643;85,723191;414,279622;309,427675;447,263596;425,387552;287,493563;374,567289;367,418576;303,462529;545,186519;546,330405;543,232478;574,301341;609,242451;637,127476;635,145413;156,463588;168,713272;249,313746;217,432614;236,512587;38,691303;225,642367;216,653372;478,113693;345,305706;272,453597;328,530385;237,644243;481,55685;386,337658;326,587370;354,431578;434,523461;412,539291;381,558211;537,262681;463,359554;505,410453;501,420388;485,480230;505,455242;535,370272;522,364359;621,81541;614,287374;661,87487;
544,60605;577,148570;556,150570;538,185567;630,148437;193,369732;85,723191;447,263596;425,387552;287,493563;374,567289;367,418576;303,462529;545,186519;546,330405;543,232478;609,242451;637,127476;635,145413;168,713272;249,313746;236,512587;38,691303;225,642367;216,653372;478,113693;345,305706;328,530385;237,644243;386,337658;326,587370;434,523461;412,539291;381,558211;537,262681;463,359554;505,410453;501,420388;485,480230;505,455242;535,370272;522,364359;621,81541;614,287374;661,87487;253,310762;236,408705;230,477659;199,483650;266,483574;175,553461;256,639405;80,693286;91,697278;279,429688;270,463692;437,122712;267,388719;326,457684;269,473616;267,536534;314,616345;314,636235;499,215690;442,332637;354,451673;362,568364;362,570300;324,598298;446,473489;490,350508;603,111565;672,205390;609,328353;616,160475;
----Iteration 3----
232,37408;-204,337229;-188,381137;-22,324336;-51,334300;16,302291;158,216275;49,348222;81,320245;248,6374;170,154332;369,-20495;201,250264;323,-11470;365,115357;263,173259;359,143345;
-22,324336;-310,488248;-279,522225;277,97463;116,271325;-46,497168;-81,540160;47,428177;58,473164;86,522145;259,151414;204,406316;239,397320;258,113435;220,405264;268,74523;432,65471;466,30480;393,143346;365,200381;345,261328;439,55434;369,175321;530,25532;467,29505;
-310,488248;-279,522225;277,97463;-46,497168;-81,540160;47,428177;58,473164;86,522145;204,406316;239,397320;220,405264;268,74523;432,65471;466,30480;530,25532;467,29505;-174,585112;-160,565150;-79,507227;356,93500;145,261361;225,388349;125,527139;114,542111;132,487126;400,65514;254,342319;279,359238;414,45552;370,67527;264,351272;462,75467;416,332350;443,91459;539,260451;546,-6498;
268,74523;530,25532;400,65514;414,45552;370,67527;-139,577337;-30,637158;67,62283;208,459348;155,570305;322,121519;258,457279;234,498281;270,455276;257,469218;492,34521;678,314467;725,338460;678,381450;714,296513;694,425411;
530,25532;414,45552;67,62283;208,459348;155,570305;322,121519;234,498281;492,34521;678,314467;725,338460;678,381450;714,296513;694,425411;181,83535;-87,543396;-21,621370;3,641288;109,454421;134,584222;115,63553;410,82537;105,515317;162,571257;214,538142;271,374466;724,181494;413,460309;328,469253;771,296441;756,264473;743,311424;762,250456;
530,25532;414,45552;67,62283;208,459348;155,570305;234,498281;678,314467;725,338460;678,381450;714,296513;694,425411;-21,621370;109,454421;134,584222;115,63553;410,82537;105,515317;162,571257;214,538142;271,374466;724,181494;413,460309;328,469253;771,296441;756,264473;743,311424;179,20564;36,453432;-11,534464;43,585395;-33,611394;17,640335;24,674333;41,560400;291,264539;117,463389;177,63440;735,123523;235,411477;298,546127;783,323407;760,400399;638,445370;740,423390;782,272459;796,333371;
530,25532;414,45552;208,459348;155,570305;678,314467;725,338460;678,381450;714,296513;694,425411;-21,621370;109,454421;134,584222;410,82537;105,515317;271,374466;724,181494;771,296441;756,264473;743,311424;179,20564;-11,534464;43,585395;-33,611394;17,640335;24,674333;291,264539;117,463389;177,63440;735,123523;235,411477;783,323407;760,400399;638,445370;740,423390;782,272459;157,137540;48,452446;47,580449;-53,678192;8,631363;101,653263;164,66896;625,124523;94,530378;297,579288;599,368453;680,360421;353,508322;387,471264;335,557243;360,492126;357,512207;514,465321;649,453349;755,287464;799,414386;841,248431;818,382399;820,296399;
678,314467;725,338460;678,381450;714,296513;694,425411;-21,621370;109,454421;271,374466;724,181494;771,296441;756,264473;743,311424;-33,611394;17,640335;24,674333;291,264539;177,63440;735,123523;235,411477;760,400399;638,445370;740,423390;782,272459;8,631363;101,653263;164,66896;625,124523;297,579288;599,368453;680,360421;353,508322;387,471264;335,557243;357,512207;514,465321;755,287464;799,414386;841,248431;818,382399;271,225575;-38,454491;-57,470483;45,553471;85,582464;139,597414;95,714312;543,83653;445,125604;68,363576;221,433531;104,611387;533,92598;530,212577;188,600345;263,630255;561,71652;648,355494;634,395440;443,500216;351,521227;646,300522;716,211522;771,196463;863,330389;754,460354;889,200450;845,121461;843,328418;
725,338460;678,381450;714,296513;694,425411;-21,621370;771,296441;743,311424;-33,611394;291,264539;760,400399;638,445370;740,423390;782,272459;297,579288;680,360421;353,508322;387,471264;335,557243;357,512207;514,465321;755,287464;799,414386;841,248431;818,382399;271,225575;-38,454491;-57,470483;45,553471;85,582464;139,597414;543,83653;445,125604;68,363576;104,611387;533,92598;530,212577;188,600345;263,630255;561,71652;648,355494;634,395440;351,521227;646,300522;716,211522;863,330389;754,460354;889,200450;845,121461;843,328418;435,111684;421,160638;190,262595;218,451558;164,532469;79,673363;144,701353;475,50716;413,193644;157,714317;231,685269;565,46625;500,200578;296,439538;334,524314;580,54615;630,337506;679,373479;694,386415;690,520193;748,127533;724,293500;628,507220;718,129546;741,433387;736,280489;728,357439;766,278476;765,439196;833,270467;787,421308;
725,338460;678,381450;714,296513;694,425411;-21,621370;771,296441;743,311424;-33,611394;760,400399;638,445370;740,423390;782,272459;297,579288;680,360421;353,508322;387,471264;335,557243;514,465321;755,287464;799,414386;841,248431;818,382399;45,553471;85,582464;139,597414;68,363576;104,611387;530,212577;188,600345;263,630255;648,355494;634,395440;351,521227;716,211522;863,330389;754,460354;889,200450;845,121461;843,328418;435,111684;218,451558;164,532469;79,673363;144,701353;475,50716;413,193644;157,714317;231,685269;500,200578;296,439538;334,524314;630,337506;679,373479;694,386415;690,520193;724,293500;628,507220;718,129546;741,433387;736,280489;728,357439;766,278476;833,270467;787,421308;171,214633;30,362626;40,485598;-8,495639;114,730310;130,570436;182,680277;584,118662;196,580416;276,607321;549,197641;460,319611;551,395487;398,58278;590,1645;659,309526;585,577196;693,163586;685,561172;620,569223;711,435400;749,246519;705,495193;798,155535;768,493250;
----Iteration 4----
286,254239;293,38167;338,-87373;272,204255;238,324108;324,149344;281,40391;399,39510;380,181320;325,43528;450,300204;451,34056;381,99256;425,314179;
338,-87373;399,39510;288,-83367;179,390143;353,-183362;326,-204383;252,409132;234,452102;356,231346;445,315259;386,46694;400,201360;450,366254;471,374236;
450,366254;471,374236;161,59956;208,55666;125,622103;377,255433;358,287420;113,390238;279,380352;316,372374;293,49869;454,271424;425,314375;334,385297;240,484193;257,521116;415,51813;463,299391;393,473102;451,310380;438,377243;424,417226;449,401233;467,389232;486,331284;
125,622103;377,255433;358,287420;279,380352;316,372374;454,271424;425,314375;334,385297;240,484193;415,51813;451,310380;486,331284;413,211443;401,222432;194,488180;218,539131;175,570136;116,66533;212,60984;241,424300;231,62078;353,251470;308,370427;237,580129;413,55294;253,559105;394,58481;453,294415;424,337366;351,373298;368,537166;471,305400;473,491149;509,290416;540,477280;
377,255433;358,287420;316,372374;454,271424;240,484193;415,51813;451,310380;413,211443;194,488180;218,539131;175,570136;116,66533;231,62078;353,251470;308,370427;237,580129;413,55294;394,58481;453,294415;424,337366;368,537166;471,305400;473,491149;509,290416;540,477280;148,566186;147,624154;44,723126;74,494248;97,691106;456,181472;397,235451;251,349436;142,772-20;141,466340;249,609127;429,318386;359,561106;255,586107;472,235441;455,462303;483,438355;498,293366;530,420299;608,418232;579,464262;
316,372374;240,484193;415,51813;451,310380;116,66533;231,62078;308,370427;237,580129;413,55294;394,58481;424,337366;368,537166;471,305400;473,491149;540,477280;148,566186;147,624154;44,723126;74,494248;251,349436;142,772-20;141,466340;249,609127;429,318386;359,561106;255,586107;472,235441;455,462303;483,438355;530,420299;579,464262;241,437360;-29,541292;10,528274;28,560243;77,590189;58,674172;0,73472;107,786-47;10,542255;12,595195;115,725125;379,240478;135,714-11;157,803-59;419,290474;337,327435;225,546243;188,613163;183,6668;287,556164;402,443304;378,62760;587,222544;559,304437;635,439291;713,429242;609,236380;671,468235;643,343308;658,455271;
316,372374;451,310380;308,370427;394,58481;424,337366;368,537166;471,305400;473,491149;540,477280;148,566186;147,624154;44,723126;251,349436;142,772-20;249,609127;429,318386;472,235441;455,462303;483,438355;579,464262;241,437360;-29,541292;28,560243;77,590189;58,674172;0,73472;107,786-47;12,595195;115,725125;135,714-11;157,803-59;337,327435;225,546243;188,613163;287,556164;378,62760;587,222544;559,304437;635,439291;713,429242;609,236380;671,468235;643,343308;658,455271;313,331426;197,489396;92,529420;13,580265;33,835-16;139,848-108;20,542286;91,699139;131,820-59;180,798-87;597,185493;363,468333;260,526254;242,682139;232,675141;184,695-22;468,300491;407,500310;308,682100;633,176568;573,278422;383,603133;363,612108;616,415322;474,572130;402,57676;528,504108;698,146468;679,162440;613,448325;573,48484;630,51771;709,414253;742,422222;
316,372374;451,310380;308,370427;424,337366;471,305400;540,477280;148,566186;147,624154;44,723126;251,349436;142,772-20;429,318386;472,235441;455,462303;483,438355;579,464262;58,674172;107,786-47;115,725125;135,714-11;157,803-59;337,327435;225,546243;188,613163;378,62760;587,222544;559,304437;635,439291;713,429242;671,468235;643,343308;658,455271;313,331426;92,529420;33,835-16;139,848-108;91,699139;131,820-59;180,798-87;363,468333;260,526254;242,682139;232,675141;184,695-22;468,300491;407,500310;308,682100;573,278422;383,603133;616,415322;474,572130;679,162440;613,448325;630,51771;709,414253;742,422222;345,239552;16,499500;75,563368;132,628319;107,661213;51,78284;61,78018;46,860-71;376,314513;143,809-48;562,219583;205,764-127;203,439428;302,491422;144,617330;410,308541;361,630128;330,67653;673,203601;530,393342;411,61559;402,618110;698,157553;420,574174;673,216529;602,521146;480,55289;616,507254;702,290412;676,48265;745,286255;
451,310380;471,305400;540,477280;44,723126;429,318386;455,462303;483,438355;579,464262;58,674172;115,725125;225,546243;188,613163;559,304437;635,439291;713,429242;671,468235;643,343308;658,455271;92,529420;139,848-108;91,699139;180,798-87;363,468333;260,526254;242,682139;468,300491;407,500310;573,278422;383,603133;616,415322;474,572130;679,162440;613,448325;630,51771;709,414253;742,422222;16,499500;75,563368;132,628319;51,78284;46,860-71;203,439428;302,491422;144,617330;410,308541;361,630128;330,67653;673,203601;530,393342;402,618110;698,157553;420,574174;673,216529;602,521146;480,55289;616,507254;702,290412;676,48265;745,286255;533,265613;320,303727;169,84267;250,405527;50,482525;238,680153;378,394724;187,669218;466,306681;69,453568;317,779108;587,237630;300,627142;338,416392;412,645108;647,246542;636,345375;534,551126;513,58422;558,549132;635,550-4;592,5240;749,283405;707,437114;
540,477280;455,462303;483,438355;579,464262;225,546243;635,439291;713,429242;671,468235;643,343308;658,455271;92,529420;139,848-108;260,526254;242,682139;407,500310;616,415322;613,448325;630,51771;709,414253;742,422222;16,499500;75,563368;132,628319;46,860-71;302,491422;144,617330;361,630128;673,203601;420,574174;602,521146;616,507254;702,290412;676,48265;745,286255;533,265613;320,303727;169,84267;50,482525;238,680153;378,394724;187,669218;466,306681;317,779108;587,237630;412,645108;647,246542;636,345375;558,549132;635,550-4;749,283405;707,437114;391,478682;119,515409;127,569352;137,587340;140,683180;307,709138;249,775124;223,82394;219,504445;224,765155;440,331660;418,438602;210,686164;361,751122;332,629164;546,360596;453,409584;546,474262;524,629137;513,63287;659,153617;652,271530;568,401506;659,305528;556,61493;765,216584;635,52912;548,591153;635,348465;727,376239;
----Iteration 5----
-40,63364;-110,356240;-72,289370;40,325167;61,333149;286,270323;302,314284;
-40,63364;-72,289370;286,270323;302,314284;4,365255;-2,393243;32,430189;14,37403;54,344141;209,235328;175,48373;165,340202;385,244238;354,272288;368,298275;368,336230;393,195341;378,238293;
-72,289370;286,270323;32,430189;14,37403;209,235328;175,48373;385,244238;368,298275;368,336230;393,195341;-129,177407;-81,103436;-67,83474;-176,357360;-133,380348;-85,443202;44,463124;24,459165;-39,20419;18,-29473;-43,171399;111,364357;44,419342;26,125376;60,16437;132,372339;97,399107;154,377293;152,386196;213,35880;193,271344;224,225353;380,30896;375,202360;365,347289;391,210346;377,312210;408,241324;
286,270323;32,430189;368,298275;368,336230;393,195341;-85,443202;44,463124;24,459165;111,364357;44,419342;132,372339;154,377293;152,386196;193,271344;380,30896;375,202360;365,347289;391,210346;377,312210;408,241324;4,143518;37,151487;-3,175492;33,191440;-52,405422;83,420340;43,429333;19,444184;73,102517;68,444146;110,77476;13,398350;188,461120;139,422185;95,138475;199,392153;193,420141;221,253407;222,262329;197,308309;229,407119;231,43198;247,250397;331,348248;288,378219;257,245374;403,306227;373,34969;438,261313;477,295253;
286,270323;368,298275;368,336230;393,195341;111,364357;44,419342;154,377293;193,271344;375,202360;365,347289;391,210346;377,312210;408,241324;4,143518;37,151487;-3,175492;-52,405422;83,420340;43,429333;73,102517;110,77476;13,398350;95,138475;221,253407;222,262329;197,308309;247,250397;331,348248;288,378219;257,245374;403,306227;438,261313;477,295253;17,215460;46,219455;-65,392458;6,397398;77,449319;58,481306;94,498305;145,63503;120,144458;52,216453;240,237435;172,79451;182,252444;133,378341;237,388260;221,454203;284,535139;246,213400;271,200371;295,211344;339,414122;317,178391;358,295293;316,440186;330,145450;404,172343;444,43492;488,299245;444,396137;445,375150;
368,336230;375,202360;365,347289;408,241324;37,151487;73,102517;221,253407;247,250397;331,348248;257,245374;438,261313;46,219455;-65,392458;94,498305;145,63503;52,216453;240,237435;182,252444;284,535139;246,213400;271,200371;317,178391;358,295293;330,145450;444,396137;445,375150;33,147506;2,366475;-59,380451;12,405423;22,468395;77,499288;-29,513221;-6,302573;-37,379493;68,493347;145,163486;19,268533;135,479265;319,475270;182,476271;161,467374;292,344353;320,471246;402,47385;289,138488;290,178460;288,365345;412,461143;449,459123;391,160393;437,166376;540,228347;524,319281;
365,347289;331,348248;-65,392458;240,237435;182,252444;284,535139;330,145450;444,396137;445,375150;2,366475;-59,380451;12,405423;-6,302573;-37,379493;145,163486;319,475270;292,344353;320,471246;289,138488;290,178460;288,365345;412,461143;449,459123;524,319281;13,270586;38,292560;40,393442;78,575416;218,601323;212,540349;53,256619;75,204533;43,285552;215,136510;252,119524;197,203446;205,311417;204,476373;250,467398;239,505211;339,53091;451,483102;354,488125;416,50391;394,136485;332,407213;426,455173;452,188443;555,274330;496,370230;516,286421;507,358238;515,322383;563,243431;549,351217;598,256346;
319,475270;320,471246;289,138488;290,178460;288,365345;449,459123;13,270586;78,575416;218,601323;212,540349;53,256619;205,311417;204,476373;250,467398;339,53091;354,488125;416,50391;394,136485;452,188443;496,370230;516,286421;507,358238;515,322383;563,243431;598,256346;-19,285630;113,394561;126,407525;28,450455;256,579278;89,208604;73,442585;101,628257;260,232554;223,303548;200,583335;320,616216;249,235504;152,421487;255,488370;260,601251;450,109525;436,144482;450,167453;438,466216;439,163461;484,492113;423,476191;506,450151;469,344356;535,249442;622,240417;601,203433;539,389146;593,282390;550,351329;
319,475270;320,471246;289,138488;288,365345;78,575416;218,601323;212,540349;53,256619;204,476373;250,467398;394,136485;496,370230;507,358238;515,322383;598,256346;-19,285630;113,394561;126,407525;256,579278;73,442585;260,232554;223,303548;200,583335;320,616216;249,235504;152,421487;255,488370;260,601251;436,144482;469,344356;622,240417;601,203433;593,282390;550,351329;88,236630;71,378616;84,495534;71,541418;49,607366;119,673296;77,690262;207,206615;109,497509;127,643310;157,705256;211,266564;147,351608;81,556378;231,635143;181,389509;236,557288;374,133489;298,528259;457,114600;538,294463;423,431311;510,543174;479,590170;493,91553;478,583234;478,314419;494,547218;586,263464;572,490174;664,294322;642,272345;656,307296;
319,475270;78,575416;218,601323;212,540349;204,476373;250,467398;113,394561;126,407525;256,579278;73,442585;260,232554;223,303548;200,583335;249,235504;255,488370;622,240417;601,203433;593,282390;84,495534;49,607366;119,673296;77,690262;109,497509;127,643310;157,705256;147,351608;181,389509;236,557288;298,528259;457,114600;538,294463;423,431311;510,543174;479,590170;493,91553;478,583234;478,314419;494,547218;586,263464;572,490174;110,313646;73,417623;97,461554;146,570398;153,545442;370,700235;249,746154;203,218717;233,294667;178,372594;398,640253;311,115745;180,454494;395,683193;368,187680;231,400466;368,418411;434,636178;475,98581;405,458247;520,57562;553,184511;517,408401;537,140550;614,423302;684,318356;675,272371;660,368382;
----Iteration 6----
-170,197302;-158,255227;-446,42835;0,360155;-363,426-7;14,407153;-1,361170;-133,197231;59,312172;84,326141;91,360139;204,255184;288,175234;195,286208;375,-88156;477,-73-41;338,120-133;396,139;426,11-4;
375,-88156;-25,416341;-483,45718;-341,4548;113,440301;165,375328;-78,445253;216,338418;230,317411;244,208399;263,212347;304,233330;368,106240;347,196338;528,4283;454,8075;443,11438;489,6086;
113,440301;216,338418;230,317411;244,208399;263,212347;304,233330;347,196338;528,4283;169,293439;92,423509;56,434521;-106,451264;-15,526258;-54,443261;182,381371;210,403332;187,272439;208,280421;218,377347;226,351329;251,403294;272,342288;293,321323;302,358287;357,127286;392,301235;311,324283;429,51245;418,276256;550,16248;519,135100;492,65130;512,18845;511,16185;
113,440301;347,196338;56,434521;182,381371;210,403332;218,377347;251,403294;357,127286;392,301235;418,276256;550,16248;512,18845;511,16185;190,333532;51,473488;-3,509512;11,542295;62,522184;298,247496;141,433526;86,466162;313,356451;205,438313;297,312490;286,389321;356,212321;324,386302;373,317227;339,343350;395,151273;474,18996;591,144155;494,177108;507,95274;557,155115;536,16744;559,14555;
210,403332;218,377347;392,301235;418,276256;11,542295;62,522184;313,356451;286,389321;324,386302;339,343350;494,177108;507,95274;149,465584;59,535529;78,503542;272,276569;136,494513;285,376568;191,447470;208,450434;308,256502;251,409310;238,438257;328,313499;334,289464;368,301417;308,400298;430,265433;354,321379;388,351240;447,224414;460,241227;651,144166;595,22096;604,71277;635,157257;560,24085;
11,542295;339,343350;149,465584;59,535529;78,503542;136,494513;308,400298;354,321379;635,157257;280,332657;294,382641;186,442577;107,532504;263,539333;161,600241;218,561294;329,398583;203,423595;161,499482;210,522349;271,407546;282,463509;265,485260;309,404228;370,425197;399,348290;364,358291;402,367269;477,315504;511,241417;491,305386;543,312261;573,9403;556,140370;588,286201;673,165216;643,124307;617,63322;657,269186;650,235188;
149,465584;59,535529;78,503542;136,494513;294,382641;186,442577;107,532504;263,539333;218,561294;329,398583;203,423595;161,499482;210,522349;271,407546;282,463509;477,315504;588,286201;657,269186;334,276687;311,367664;243,394613;189,643335;73,609426;232,584284;235,596228;399,250688;385,270650;302,399608;161,443529;146,533502;284,539276;346,280612;392,436414;314,521323;436,204586;380,278651;350,326570;384,461401;402,206547;469,330504;527,328485;570,380413;700,158405;756,171261;623,328141;682,266321;703,140378;691,204344;
149,465584;59,535529;186,442577;107,532504;263,539333;203,423595;210,522349;282,463509;477,315504;311,367664;189,643335;73,609426;232,584284;235,596228;302,399608;146,533502;392,436414;314,521323;350,326570;384,461401;469,330504;527,328485;570,380413;700,158405;756,171261;623,328141;682,266321;703,140378;691,204344;410,247738;168,433597;145,458593;144,520567;202,516550;39,558517;43,636460;133,630349;286,408626;334,421596;240,570338;321,555321;276,597212;437,228643;413,293730;300,407709;463,160625;438,191683;375,415416;398,511385;493,259590;448,322522;512,406381;653,108579;679,83600;642,51615;567,338462;582,398197;631,133524;634,253351;705,135427;694,286208;707,-35498;769,231230;754,218276;
203,423595;210,522349;282,463509;477,315504;311,367664;189,643335;73,609426;235,596228;302,399608;392,436414;350,326570;384,461401;469,330504;527,328485;570,380413;700,158405;756,171261;703,140378;691,204344;410,247738;144,520567;202,516550;43,636460;133,630349;286,408626;334,421596;240,570338;321,555321;276,597212;413,293730;300,407709;375,415416;398,511385;493,259590;448,322522;512,406381;653,108579;679,83600;642,51615;567,338462;631,133524;634,253351;705,135427;694,286208;707,-35498;769,231230;754,218276;452,208745;356,321688;193,469615;187,497603;154,562539;6,654412;201,448626;176,477629;495,230696;172,578404;244,595334;514,140763;424,297722;268,470459;333,540339;573,127660;434,371476;618,155644;595,181608;504,388447;587,404369;497,432327;505,424322;602,413186;586,44561;661,350228;690,269335;722,245192;788,215258;
203,423595;282,463509;311,367664;189,643335;73,609426;235,596228;302,399608;469,330504;527,328485;570,380413;700,158405;756,171261;703,140378;410,247738;144,520567;202,516550;286,408626;334,421596;240,570338;321,555321;276,597212;413,293730;300,407709;375,415416;448,322522;512,406381;653,108579;679,83600;642,51615;567,338462;631,133524;634,253351;705,135427;694,286208;769,231230;754,218276;452,208745;356,321688;193,469615;187,497603;154,562539;201,448626;176,477629;495,230696;172,578404;244,595334;514,140763;424,297722;268,470459;434,371476;618,155644;504,388447;587,404369;497,432327;602,413186;586,44561;661,350228;690,269335;788,215258;177,508573;128,587518;45,652473;69,659428;210,638369;409,340674;183,524517;169,544479;284,592307;366,526429;456,542357;595,155675;589,209674;470,522395;616,207640;549,316631;535,456267;495,491381;558,267641;577,436323;495,472415;704,59604;673,104555;612,406310;646,121492;643,395170;676,147479;769,-19509;705,246355;722,64395;768,268260;
----Iteration 7----
-149,117479;-121,106509;2,287249;176,373227;226,-87591;170,-58589;246,-85562;432,16493;360,67432;436,132374;363,146414;408,174397;
-149,117479;2,287249;176,373227;170,-58589;408,174397;-26,8575;-200,192504;-236,238522;-248,300453;-39,325339;-86,330229;-175,146456;-163,135467;-225,223518;-92,411280;302,-39534;144,267314;158,200307;141,387200;307,-60601;351,-69622;259,262154;287,202130;261,206125;498,99517;490,107522;546,33525;541,159423;
-26,8575;-200,192504;-236,238522;-225,223518;-92,411280;144,267314;158,200307;351,-69622;259,262154;287,202130;261,206125;498,99517;490,107522;-250,198562;-237,211526;-269,255481;-239,333460;95,338368;133,366289;-11,-23612;-228,177522;-290,247499;-163,152511;121,401327;183,441277;210,192403;354,-2602;238,304222;191,318220;247,197331;256,292221;553,139501;296,248115;399,178352;551,94545;537,143499;575,176462;601,90551;655,89486;630,82542;
-26,8575;-200,192504;-236,238522;-225,223518;351,-69622;498,99517;490,107522;-250,198562;-237,211526;-269,255481;-239,333460;95,338368;133,366289;-11,-23612;-228,177522;-290,247499;-163,152511;121,401327;183,441277;354,-2602;238,304222;191,318220;553,139501;551,94545;537,143499;575,176462;601,90551;655,89486;630,82542;-114,102588;-260,233568;-230,256479;74,473300;138,481215;-279,361376;-172,217486;329,303360;189,400157;383,-66556;233,315324;208,379144;574,91503;223,336192;486,197140;427,236240;482,220432;656,78547;692,117464;645,160454;
-200,192504;-236,238522;-225,223518;-250,198562;-239,333460;-260,233568;-230,256479;74,473300;138,481215;-172,217486;329,303360;482,220432;645,160454;-245,279551;-278,375492;-249,329462;97,342369;66,379358;255,471332;-237,267531;349,270412;230,341375;315,245423;336,337358;359,343323;649,104628;378,327351;560,191640;481,326254;642,142607;702,212409;475,239436;698,121598;610,175612;591,191604;684,141560;707,52542;
74,473300;255,471332;560,191640;481,326254;702,212409;698,121598;610,175612;591,191604;684,141560;707,52542;276,451368;260,536277;445,298635;371,339665;471,-56665;272,449382;303,475251;288,370394;279,407497;312,428321;545,172660;574,197628;379,345434;457,337274;473,386242;336,366344;636,91664;614,237500;613,260491;550,344246;555,317262;668,161617;596,267513;680,234417;676,243440;685,108634;698,159553;
74,473300;255,471332;560,191640;698,121598;610,175612;591,191604;260,536277;445,298635;371,339665;303,475251;545,172660;574,197628;636,91664;550,344246;555,317262;668,161617;391,-52713;399,333654;340,383662;405,404544;432,425523;207,472455;567,113673;505,286639;440,467406;323,477222;533,223696;460,306601;433,443486;452,427494;473,414395;470,413435;529,295544;520,400433;690,159654;767,84586;792,117528;754,243535;729,289583;781,58562;792,156524;
560,191640;698,121598;591,191604;260,536277;445,298635;371,339665;545,172660;574,197628;550,344246;668,161617;391,-52713;399,333654;340,383662;405,404544;432,425523;505,286639;440,467406;533,223696;460,306601;433,443486;452,427494;473,414395;470,413435;520,400433;690,159654;767,84586;792,117528;754,243535;729,289583;781,58562;792,156524;560,138681;467,239648;339,435692;315,429710;306,443723;387,455511;109,525421;190,512330;439,-53704;545,91696;266,506458;405,374625;430,477462;362,486374;461,301633;498,357536;441,391519;448,426495;472,452362;525,359533;504,407411;676,179616;628,222586;644,340407;540,396378;697,121675;540,358423;711,106631;732,308562;756,146549;792,-22575;809,62475;833,59432;
698,121598;445,298635;371,339665;545,172660;574,197628;668,161617;391,-52713;399,333654;432,425523;505,286639;440,467406;533,223696;460,306601;433,443486;452,427494;473,414395;470,413435;690,159654;767,84586;792,117528;754,243535;729,289583;792,156524;560,138681;467,239648;339,435692;315,429710;306,443723;545,91696;405,374625;430,477462;461,301633;498,357536;441,391519;448,426495;472,452362;525,359533;504,407411;676,179616;628,222586;697,121675;711,106631;732,308562;756,146549;833,59432;536,32711;363,312746;368,437688;400,473583;407,471613;291,549443;348,559357;407,508559;661,193653;570,262639;521,317600;489,363558;685,327580;670,380406;596,436305;661,406446;728,181596;682,355402;669,380478;730,166587;799,76584;793,250503;714,324310;714,362265;742,254548;816,107528;807,144496;
698,121598;445,298635;545,172660;574,197628;668,161617;432,425523;505,286639;440,467406;533,223696;433,443486;452,427494;690,159654;767,84586;792,117528;729,289583;792,156524;560,138681;467,239648;315,429710;306,443723;545,91696;430,477462;461,301633;448,426495;472,452362;525,359533;676,179616;697,121675;711,106631;732,308562;756,146549;833,59432;536,32711;363,312746;368,437688;400,473583;407,471613;407,508559;661,193653;570,262639;521,317600;685,327580;670,380406;596,436305;661,406446;728,181596;682,355402;669,380478;730,166587;799,76584;793,250503;742,254548;816,107528;807,144496;409,277727;379,421725;339,461694;361,517534;369,570500;235,595391;395,509573;443,365706;510,424626;381,513343;675,55705;492,445469;639,274612;579,377489;588,442274;664,319598;671,344444;718,68652;630,413402;773,69647;724,314562;735,308478;685,374363;634,428295;716,362311;697,378283;788,255540;753,237574;847,125414;885,19375;851,121402;
----Iteration 8----
104,210399;-29,315225;102,253321;12,291231;1,313212;36,277272;122,222171;117,222184;115,329198;163,44179;133,301130;121,412105;59,420119;216,18561;271,139118;228,18017;302,247-13;304,12874;421,17069;450,12439;
104,210399;5,469364;103,558344;131,528347;265,418353;237,451353;291,414358;233,512172;203,527271;244,428320;280,484109;425,407378;455,405281;565,284155;
104,210399;5,469364;103,558344;237,451353;425,407378;9,460392;156,552363;219,531336;109,577334;332,481351;163,580147;354,497287;339,514252;324,539299;428,357349;379,440366;396,392384;401,492328;473,425340;609,469253;574,486210;600,423268;624,373242;
103,558344;156,552363;219,531336;109,577334;332,481351;324,539299;379,440366;401,492328;-39,214526;-89,219511;177,518393;76,588303;93,619281;-7,73544;-41,171530;208,452406;238,555291;137,613210;82,187447;219,582247;394,435413;379,469358;434,533203;273,551263;346,461389;358,540298;404,390405;513,439393;475,537174;589,494243;534,535190;648,470251;610,492296;703,438259;
103,558344;156,552363;219,531336;109,577334;332,481351;324,539299;401,492328;-39,214526;-89,219511;177,518393;76,588303;93,619281;-7,73544;-41,171530;238,555291;137,613210;82,187447;434,533203;273,551263;358,540298;475,537174;589,494243;534,535190;648,470251;610,492296;703,438259;306,427429;321,473412;111,552402;105,636274;122,667252;70,144523;235,473439;125,572286;127,218444;267,593248;470,578153;411,470401;415,447377;522,442420;548,521193;552,440391;557,422431;585,513189;500,54655;621,393426;607,512231;640,474308;674,444302;696,483221;692,432301;
219,531336;332,481351;401,492328;177,518393;76,588303;93,619281;-7,73544;-41,171530;238,555291;589,494243;534,535190;648,470251;610,492296;703,438259;321,473412;105,636274;122,667252;235,473439;267,593248;470,578153;411,470401;522,442420;552,440391;557,422431;621,393426;640,474308;674,444302;692,432301;114,371527;168,474482;217,387519;97,579439;179,580388;54,605395;65,609350;145,667213;125,573428;335,300490;328,338469;323,350480;216,567306;322,613235;477,612151;508,429445;529,437427;363,566250;564,451335;508,552299;505,564180;547,395435;544,454401;582,411429;596,548186;641,395397;677,372350;625,523231;705,486248;751,451229;
177,518393;76,588303;93,619281;534,535190;610,492296;105,636274;122,667252;267,593248;470,578153;411,470401;522,442420;552,440391;557,422431;621,393426;640,474308;674,444302;692,432301;114,371527;168,474482;217,387519;97,579439;179,580388;54,605395;65,609350;145,667213;125,573428;216,567306;322,613235;477,612151;508,429445;529,437427;363,566250;564,451335;508,552299;544,454401;596,548186;641,395397;677,372350;751,451229;80,346577;172,457498;54,506454;241,235543;159,618259;292,176530;521,451437;374,473473;401,542360;192,560385;395,564326;177,741167;474,428480;366,612170;583,415471;522,564258;495,666109;672,350481;664,358486;623,432378;640,525234;683,326499;742,501275;702,310507;795,428277;786,382292;
122,667252;267,593248;522,442420;557,422431;640,474308;114,371527;217,387519;125,573428;322,613235;477,612151;508,429445;529,437427;363,566250;564,451335;508,552299;544,454401;751,451229;80,346577;241,235543;292,176530;521,451437;374,473473;395,564326;177,741167;474,428480;366,612170;583,415471;522,564258;495,666109;672,350481;664,358486;683,326499;742,501275;702,310507;795,428277;786,382292;108,346553;212,478510;172,530473;125,626425;120,701253;100,597446;85,747287;208,691248;292,222528;211,512470;215,535439;265,579399;185,641412;315,656227;347,653159;430,691111;309,671132;475,426462;352,641161;640,365525;653,368504;439,542408;640,409434;636,548210;567,576151;548,591169;717,443405;713,389444;696,546302;721,390412;752,366476;768,436296;768,407298;
122,667252;522,442420;557,422431;477,612151;508,429445;529,437427;363,566250;508,552299;544,454401;751,451229;80,346577;521,451437;395,564326;177,741167;474,428480;366,612170;583,415471;522,564258;495,666109;672,350481;664,358486;683,326499;742,501275;702,310507;795,428277;786,382292;120,701253;85,747287;208,691248;347,653159;430,691111;309,671132;475,426462;352,641161;640,365525;653,368504;439,542408;640,409434;636,548210;567,576151;548,591169;717,443405;713,389444;696,546302;721,390412;752,366476;768,436296;768,407298;260,103608;214,643442;233,654382;89,733207;262,714122;276,621503;563,364556;287,588449;329,657246;404,506534;442,601238;654,316571;528,604221;552,624124;562,617130;686,301527;611,434417;570,595130;679,526360;615,553250;816,315391;
522,442420;557,422431;508,429445;529,437427;508,552299;544,454401;80,346577;521,451437;177,741167;474,428480;583,415471;522,564258;495,666109;683,326499;795,428277;786,382292;85,747287;347,653159;430,691111;309,671132;475,426462;439,542408;717,443405;713,389444;696,546302;721,390412;752,366476;768,436296;768,407298;214,643442;233,654382;89,733207;329,657246;404,506534;442,601238;654,316571;528,604221;686,301527;611,434417;679,526360;816,315391;416,383562;285,624530;245,643393;288,729321;308,71685;268,201619;200,544576;293,708119;548,416548;311,618490;525,653155;643,377574;418,588390;575,651165;691,391482;522,583234;581,630178;697,293540;674,412509;607,529344;720,270539;691,321526;646,567223;744,197521;729,554271;760,320514;776,387397;764,534282;767,271428;845,445261;806,484244;
----Iteration 9----
6,209330;15,267177;63,235322;-31,44374;15,194338;25,252311;86,188307;76,223321;77,198138;181,32017;230,-94233;46,39946;231,31532;195,26271;222,7593;267,15368;264,15774;306,15431;
-198,220479;64,318336;95,316337;153,255419;-57,226463;67,337315;99,146480;1,185533;10,218431;183,335163;118,130488;110,309328;196,40074;186,64429;169,224373;207,415-12;227,139390;253,193363;236,144377;290,341149;257,333180;288,283224;275,304207;316,259192;331,305175;
5,265498;86,442443;160,479431;169,445427;105,251506;230,408375;308,197572;293,245528;325,206560;205,409492;296,242532;294,419364;377,360403;447,280478;334,199500;408,298481;
293,245528;205,409492;296,242532;377,360403;447,280478;408,298481;191,479463;289,99643;142,254602;313,49617;254,312505;224,447438;344,231573;241,241586;212,357448;292,366423;362,233531;246,347562;372,454414;420,467384;404,310449;427,469372;463,244462;467,195511;494,278439;485,203498;463,282417;484,226489;477,247461;489,217486;
293,245528;205,409492;296,242532;377,360403;447,280478;408,298481;289,99643;313,49617;344,231573;292,366423;362,233531;246,347562;372,454414;420,467384;404,310449;463,244462;467,195511;494,278439;485,203498;463,282417;484,226489;477,247461;489,217486;269,127661;135,362581;242,390480;189,437490;204,483473;188,355531;189,371524;253,400478;280,178643;283,468468;276,330629;349,518402;345,195611;319,417420;294,323431;376,165551;451,494372;448,236496;555,170381;473,368373;491,445290;499,203374;509,200354;
293,245528;205,409492;447,280478;408,298481;344,231573;362,233531;246,347562;372,454414;420,467384;404,310449;463,244462;467,195511;485,203498;484,226489;477,247461;489,217486;269,127661;135,362581;242,390480;189,437490;188,355531;189,371524;253,400478;280,178643;276,330629;345,195611;451,494372;448,236496;491,445290;71,188672;172,226658;117,273641;143,346583;105,374581;111,419570;138,394543;138,475512;328,513475;220,521463;182,161693;303,597402;352,549431;298,117652;349,183618;126,394567;406,180633;363,210604;357,244537;349,342524;392,229587;355,400425;430,138602;412,209554;411,508339;601,236465;476,418309;613,225476;615,232379;520,387444;494,442303;555,245440;575,149510;589,199494;
344,231573;276,330629;451,494372;71,188672;172,226658;117,273641;111,419570;328,513475;220,521463;182,161693;303,597402;352,549431;406,180633;392,229587;412,209554;411,508339;601,236465;613,225476;615,232379;520,387444;575,149510;589,199494;67,339619;95,332630;158,405608;256,550453;264,610420;315,174690;261,629440;366,171654;300,254655;231,510545;369,482567;381,217637;318,529451;304,561440;438,179622;449,202584;377,460505;476,491471;358,578367;471,171596;457,252528;471,455483;477,468480;474,156575;494,176559;493,439467;508,484379;492,558304;471,496366;562,96573;545,403418;538,419411;560,306521;593,361469;565,405389;
344,231573;276,330629;451,494372;328,513475;303,597402;352,549431;406,180633;392,229587;601,236465;613,225476;615,232379;520,387444;575,149510;589,199494;95,332630;158,405608;264,610420;261,629440;366,171654;300,254655;231,510545;369,482567;381,217637;438,179622;377,460505;476,491471;358,578367;471,171596;471,455483;477,468480;493,439467;508,484379;492,558304;471,496366;562,96573;545,403418;538,419411;560,306521;593,361469;565,405389;294,239710;230,318725;200,398628;216,498590;322,590484;267,218731;343,504503;330,245697;256,305703;306,492584;443,559350;408,148656;480,427543;381,494476;455,548361;463,222615;394,419548;512,560298;495,202577;532,355486;565,363455;535,515272;546,127607;584,497219;559,375461;596,124517;580,395414;
276,330629;328,513475;303,597402;352,549431;613,225476;615,232379;520,387444;264,610420;261,629440;300,254655;369,482567;358,578367;471,171596;493,439467;508,484379;471,496366;545,403418;538,419411;560,306521;593,361469;565,405389;294,239710;230,318725;200,398628;216,498590;322,590484;343,504503;330,245697;256,305703;306,492584;443,559350;381,494476;455,548361;463,222615;512,560298;495,202577;532,355486;565,363455;535,515272;584,497219;559,375461;580,395414;278,270744;237,321675;202,382633;169,438626;170,536623;253,541580;153,784293;222,696379;233,693429;279,658410;238,490613;317,197706;190,538594;147,604447;322,253702;232,501582;293,552535;425,248675;364,262622;364,651341;454,218646;470,507441;411,652326;424,665290;498,259573;487,491555;466,616304;478,154614;492,596321;588,163554;545,496256;594,145610;626,210545;587,512161;612,259499;641,384366;636,277368;
303,597402;613,225476;261,629440;369,482567;358,578367;508,484379;471,496366;545,403418;560,306521;593,361469;565,405389;294,239710;230,318725;322,590484;330,245697;256,305703;443,559350;512,560298;565,363455;535,515272;584,497219;559,375461;580,395414;278,270744;237,321675;170,536623;253,541580;153,784293;279,658410;190,538594;322,253702;293,552535;364,651341;470,507441;411,652326;424,665290;498,259573;487,491555;466,616304;492,596321;545,496256;626,210545;587,512161;612,259499;641,384366;200,320738;221,352709;211,451668;246,602528;176,655493;234,732455;254,734426;346,227744;227,443669;369,227694;220,627507;187,701472;429,252686;279,440634;309,520615;260,526599;293,648436;376,734336;452,214671;474,368664;452,537517;461,516534;430,561485;470,548427;455,628320;503,455539;675,155639;539,432492;566,56365;636,168657;607,209645;720,332367;685,341397;704,394290;746,305364;
