----Iteration 0----
304,625891;833,3521131;1302,89866;884,4341124;942,5111085;1070,548481;1022,5281036;1101,2001018;1119,431138;1223,2601015;1226,2951013;1269,247993;
833,3521131;884,4341124;942,5111085;1022,5281036;1119,431138;715,4971168;722,4901197;655,5001189;644,5331170;661,5791154;609,6031193;619,6471182;715,5941034;659,5961098;1152,2501053;951,582996;1024,571992;1249,602905;1138,4381096;1103,4391063;1204,635928;1340,471985;1481,2951023;1518,355957;
619,6471182;1340,471985;1518,355957;798,4681300;782,6301152;660,6611140;789,6691093;812,6721043;789,4191325;806,4151323;743,3941370;686,6481127;1153,707913;1026,6291255;1237,706915;1266,690878;1147,708919;1203,4061282;1273,595944;1257,637947;1273,4961077;1260,6021226;1283,694858;1348,4581132;1332,658941;1511,3101023;1484,393995;1391,4361011;1578,379906;1560,359938;
1578,379906;1560,359938;1067,8271434;1252,6481582;1134,8681375;1300,6291591;1330,9081326;1129,10741142;1238,8001677;1324,9231348;1287,9461276;1281,9311341;1292,6021606;1288,6791578;1499,1351676;1341,5161643;1372,8301350;1500,4951627;1463,5071648;1404,7821356;1498,6831244;1426,7421322;1501,5971412;1559,6611245;
1300,6291591;1292,6021606;1288,6791578;1499,1351676;1341,5161643;1500,4951627;1463,5071648;1212,8741656;959,11071395;905,10551416;850,11581348;1099,12251338;1252,8621738;1279,9151597;1121,12071278;1145,11941217;1273,4331650;1167,11561227;1008,11471370;1290,6721639;1319,10591328;1365,5431607;1444,6001575;1412,10291368;1453,10001380;1418,9561401;1499,9591394;1572,4201615;1638,9001535;1820,8141424;1782,8201470;1801,8251436;
1099,12251338;1121,12071278;1167,11561227;1412,10291368;1453,10001380;1638,9001535;1238,8441781;1047,12841435;1157,11301453;1166,12701264;1323,11171358;1348,11251270;1265,11421279;1447,10181416;1460,10931334;1351,11131271;1502,9601766;1863,7051665;1746,8591438;1770,9001410;1589,9151283;1858,7201588;1827,7071749;1837,6581766;1831,8501499;1843,6621754;
1638,9001535;1238,8441781;1460,10931334;1502,9601766;1863,7051665;1858,7201588;1827,7071749;1837,6581766;1831,8501499;1843,6621754;1287,9721698;1194,11021569;1166,11101618;1054,11961638;959,13081490;976,14011365;1271,7941852;1177,8861897;1235,9191872;1167,13021412;1377,9891611;1052,12861530;1185,12781307;1170,13381359;1312,8741769;1419,11871516;1570,8491724;1840,7251662;1636,10391484;1777,6361808;1742,10861358;1604,10851508;1803,6961804;1790,9761457;1825,8771474;
1638,9001535;1502,9601766;1837,6581766;1843,6621754;1287,9721698;1194,11021569;1166,11101618;1054,11961638;1167,13021412;1377,9891611;1052,12861530;1419,11871516;1570,8491724;1636,10391484;1604,10851508;1803,6961804;1142,7681978;1239,9401885;1268,9691716;889,13651560;1005,13761524;1287,8591937;1275,9081949;1031,14351411;1238,8821952;1321,8821886;1057,11931618;1149,12081585;1209,13431378;1195,13551362;1293,9281868;1293,10941605;1383,13421310;1322,8041783;1524,11331488;1408,12201455;1487,12111496;1525,11901476;1699,12201406;1796,7391835;1679,11531416;1836,7611791;1684,12331343;1761,11651356;1856,8301576;1860,11211379;1947,10331523;1884,6601761;1933,7361752;1985,7631736;1895,11101427;
1502,9601766;1194,11021569;1166,11101618;1054,11961638;1377,9891611;1419,11871516;1570,8491724;1142,7681978;1239,9401885;1268,9691716;1275,9081949;1238,8821952;1057,11931618;1149,12081585;1293,9281868;1293,10941605;1524,11331488;1408,12201455;1487,12111496;1525,11901476;1836,7611791;1947,10331523;1884,6601761;1933,7361752;1985,7631736;1331,9011950;1229,9391910;1265,9541878;1276,9451878;873,13811543;943,14171475;1366,9581845;1060,13801574;1360,14721463;1354,8951917;1128,10641670;1063,12161612;1369,12291481;1395,13621404;1517,9331863;1431,9851707;1396,13531401;1845,7481881;1491,9451855;1735,12501431;1832,7831790;1784,8191763;1565,8771879;1706,11761448;1837,13041339;1810,13521319;1935,8291732;1863,7521830;1831,8581695;1954,11851432;1932,11941348;1907,11181554;2056,8461695;2004,7501712;2069,10061468;2098,8931511;
1054,11961638;873,13811543;1060,13801574;1360,14721463;1395,13621404;1396,13531401;1845,7481881;1706,11761448;1837,13041339;1810,13521319;1954,11851432;1932,11941348;2056,8461695;1052,11531710;952,13071633;915,14561492;1020,14971478;1359,14811466;1889,6801919;1526,11121995;1290,12201628;1134,12991508;1356,13011502;1368,14011383;1614,12171606;1563,12871570;1953,8211841;1608,9181890;1755,13271334;1868,12831363;1983,7081887;1942,8381806;1950,11751593;1826,12881439;1874,10481619;1969,12361337;1953,7181891;2002,6951847;1966,8651770;2004,8131836;2018,8381744;2091,10511502;2110,9311565;2215,10631417;
----Iteration 1----
603,207856;122,-65895;112,781035;564,199879;1118,7825;1051,8739;1049,14731;1258,-496997;1061,-240993;1096,125354;1618,-158785;1135,85250;1105,111316;1579,-174814;1572,-32360;1678,-77784;
603,207856;1678,-77784;1277,433658;1602,1461187;1623,1161215;1560,1301357;1547,1391317;1578,1761275;1551,2011274;1591,1671315;1676,-124832;
1602,1461187;1623,1161215;1560,1301357;1547,1391317;1578,1761275;1551,2011274;1591,1671315;900,2461165;978,291792;956,303968;1307,2541044;1561,1901269;1705,453781;1712,-3511399;1696,521785;1744,451773;1710,-2631378;1682,121197;1669,1311199;1672,671216;1685,961141;1855,-346968;1905,6688;
1830,-701494;1796,5021426;1799,-71604;1786,611450;1935,-331489;1978,7851336;1982,231344;2024,4881332;2003,-871427;2077,4341243;
1799,-71604;1646,-1051713;1943,-931675;1947,-681611;1899,10741248;2025,10611130;1891,7871557;2068,10521370;1972,-801601;1982,-1151584;2025,-111538;2061,10571360;2207,10481415;2223,10461410;
1646,-1051713;1943,-931675;1947,-681611;1972,-801601;1982,-1151584;2025,-111538;2207,10481415;2223,10461410;1600,-761670;1893,1144810;1946,-1481711;1633,-901762;1270,1501749;1803,10131471;1893,-661659;1960,8381591;1825,2621613;1934,9351481;1989,7591562;1997,131573;2080,11341379;2014,181510;2186,10931416;2197,10531455;2209,10931393;2226,11151372;2231,10601393;
1893,1144810;1633,-901762;1270,1501749;2080,11341379;2226,11151372;1572,-451720;1135,5091649;1814,11451159;1895,1150764;1684,11521264;1925,1138922;1929,-1011746;2018,911716;2232,10911639;2189,11191643;2039,741666;2193,11321640;2066,7441647;2252,11031614;2340,11001614;2347,10541559;
1633,-901762;1572,-451720;1929,-1011746;2018,911716;2189,11191643;2193,11321640;2340,11001614;2347,10541559;1355,2671783;1386,3031736;2134,12981659;2072,11101694;2148,13441635;2097,13101680;2163,14301600;2172,11751596;2269,12471580;2297,10971670;2293,11331630;2276,12601521;2320,12221517;2300,11061637;2302,12401554;2342,11281492;
2297,10971670;1642,9161867;2152,13881711;1907,12011808;2137,14101734;2068,5881797;2247,13061697;2139,12791742;2205,12941714;2286,14951679;2255,15451644;2358,12431601;2349,12131638;2381,12881590;
2211,12921953;2319,15721692;2385,15311898;2301,15871724;2411,13131671;2464,13611660;2404,13851649;2524,14171598;
----Iteration 2----
986,1211399;866,314744;954,1871416;1236,2541053;980,1381421;1013,1401356;1333,2421044;1382,2481023;1289,363548;1343,323662;1367,322686;1450,307581;
986,1211399;954,1871416;980,1381421;1013,1401356;801,-191533;866,5501131;888,2831274;1006,551467;1059,131311;1160,4941013;1201,458937;1037,511301;1126,1651244;1202,1641132;1398,4321061;1443,2371118;1639,3671048;
986,1211399;954,1871416;980,1381421;1013,1401356;866,5501131;888,2831274;1006,551467;1160,4941013;1398,4321061;991,531572;970,581615;790,4371169;1005,1441361;888,2641304;992,1161450;1141,4691057;1255,511655;973,801606;1079,1001416;1036,4211105;990,6201098;1233,528659;1155,509983;1362,485961;1167,2551275;1170,1681257;1400,4451045;1504,3421244;1610,4131078;1696,4331060;1741,3421124;1803,4111107;
954,1871416;866,5501131;888,2831274;888,2641304;1079,1001416;990,6201098;1167,2551275;856,2741329;1127,646945;837,6181171;1054,1681705;1170,632922;1093,661481;1058,1161598;1094,591373;1496,567923;1106,2161312;1764,4591158;1533,3151261;1562,2291279;1790,4451160;1838,3721246;1886,5261063;1867,4151238;
1054,1681705;1886,5261063;1076,7941215;1147,8181060;1166,729948;1286,7051485;1162,7631027;1190,601922;1436,6911586;1308,719882;1293,762871;1218,1281868;1346,6851664;1394,6781625;1673,6041108;1727,4761416;1700,6451047;1904,632940;1732,6441060;1656,6661571;1853,654960;1914,4961259;1853,3371324;1905,3301334;1928,5711027;1953,4631166;
1076,7941215;1147,8181060;1190,601922;1436,6911586;1218,1281868;1346,6851664;1394,6781625;1673,6041108;1727,4761416;1700,6451047;1904,632940;1732,6441060;1656,6661571;1853,654960;1914,4961259;1303,691873;1307,7151503;1171,7641416;1055,8231309;957,8451257;1111,1991934;1347,5081807;1423,7061559;1314,582060;1181,7361281;1325,824914;1353,482038;1498,6241725;1367,5351791;1618,6691265;1453,2161744;1454,2491743;1522,3391703;1585,5741634;1638,5351595;1717,6131092;1807,727979;1695,5891530;1892,4361313;1862,2721344;1854,687959;1980,3611340;2024,6011187;
1147,8181060;1436,6911586;1904,632940;1853,654960;1307,7151503;1171,7641416;1055,8231309;957,8451257;1423,7061559;1314,582060;1325,824914;1353,482038;1498,6241725;1807,727979;1854,687959;1980,3611340;2024,6011187;1237,-192240;1408,7021733;1313,8631029;1292,702181;1049,2312217;1197,4641995;1549,6231955;1167,8251046;1293,452176;1255,2662027;1302,7071571;1355,4421991;1479,6951387;1533,8031374;1361,3671971;1588,5991931;1760,6751612;1768,6721284;1697,3861890;1737,4431869;1798,5331412;1885,644935;2053,5421241;1963,4801578;2036,5921268;1899,3081661;2021,2661498;2105,5401171;2123,5281206;
1853,654960;1807,727979;1854,687959;2024,6011187;1237,-192240;1737,4431869;1885,644935;1963,4801578;2036,5921268;2021,2661498;2105,5401171;2123,5281206;1379,3032222;1617,4092145;1566,6361993;1558,7052012;1559,7111912;1593,7421823;1502,8321748;1608,8441680;1244,-492276;1600,8881709;1597,6801986;1599,6691917;1687,6831739;1657,7191602;1618,4561969;1713,5801892;1798,7061651;1618,4481972;1750,6121853;1746,4111892;1910,6361554;1801,6691654;1772,4201858;1937,3611753;1939,6091571;1989,4671687;1996,5931279;1971,3231715;2063,5891338;2010,3021609;2111,4321470;2171,4951156;
1853,654960;1807,727979;1854,687959;1885,644935;1963,4801578;1608,8441680;1600,8881709;1798,7061651;1910,6361554;1801,6691654;1937,3611753;1939,6091571;1989,4671687;1971,3231715;2010,3021609;1380,752291;1552,7172126;1574,7862090;1590,7741914;1624,7881897;1521,8771789;1554,8741732;1412,292267;1611,8011880;1629,5462227;1628,5712232;1727,7052064;1784,7971820;1617,8381682;1646,5892179;1744,6682044;1756,6992039;1861,5791822;1834,6971640;1895,4441904;2064,6431450;1914,4691854;2154,5741546;1908,4901889;2099,4111592;2236,5471376;2355,5261508;2384,4001453;
1854,687959;1600,8881709;1910,6361554;1939,6091571;1989,4671687;1971,3231715;1574,7862090;1521,8771789;1727,7052064;1784,7971820;1646,5892179;1744,6682044;1756,6992039;1861,5791822;1834,6971640;2154,5741546;1448,-162382;1645,5952241;1642,7002184;1574,7212175;1552,7522173;1518,7682147;1653,7932063;1649,8661938;1569,9281751;1582,6862250;1459,9002073;1877,5062308;1693,7562085;1719,7981911;1804,8411799;1733,6102143;1759,6272001;1812,8571773;1876,5682319;1885,4732219;1815,6541712;2093,6861431;1954,5691927;2042,6851495;2022,4351665;2123,4961598;2090,6671509;2030,5831602;2218,3841568;2389,6081533;2423,6241520;
----Iteration 3----
883,431885;1082,210809;1038,201825;1056,498557;1015,203821;1006,225777;1187,461544;1223,419470;1245,257490;1351,164947;1257,435457;
883,431885;1351,164947;744,894516;783,861657;734,845691;1388,858658;1431,852626;806,866602;892,409766;1097,3041081;1301,720727;1576,-731027;1523,-471039;1624,458703;1291,728733;1439,324753;1467,490658;1448,487676;1520,-181060;
744,894516;1388,858658;1431,852626;1301,720727;1291,728733;671,935776;1353,888668;1332,893711;1036,8361049;1266,7651249;1414,796717;1824,4781033;1717,578818;1861,4171061;1821,5211071;1822,5691069;
1388,858658;1431,852626;1353,888668;1332,893711;1036,8361049;1266,7651249;691,955793;916,920911;1304,936648;1065,7101302;1383,817773;1407,847736;1364,882717;1464,816863;1366,5631323;1465,791858;1963,7741209;2007,7831193;
1266,7651249;1304,936648;1065,7101302;1366,5631323;961,6881351;941,7441354;841,7521360;977,978934;1234,5881355;866,8041282;904,7881279;1042,913820;1146,6531301;1437,908749;1542,888688;1858,5131319;1999,8781185;2008,8231235;2029,8101192;2018,8321170;2027,8161184;2054,7421156;
1266,7651249;1065,7101302;1366,5631323;961,6881351;1234,5881355;1146,6531301;1858,5131319;1999,8781185;2008,8231235;2018,8321170;947,6991384;945,7481371;919,7941347;1221,6131358;1075,6261333;954,7341333;883,12851410;1344,5711329;2097,3411362;2074,7351149;1695,1029972;1734,1027964;2049,6901296;1975,8571248;2094,4631333;2049,3051448;2100,5181280;2051,8611166;2055,8301197;2071,9401094;2073,9111136;
1999,8781185;2008,8231235;883,12851410;1695,1029972;2049,6901296;2055,8301197;2071,9401094;1264,7041401;1267,8001367;926,12401400;516,12941132;1282,6721429;1235,7231388;972,12271450;937,12381402;1302,12261248;1422,6271398;1630,8941286;1275,9901341;977,11331277;1600,1082918;1442,1054926;2161,6411356;2022,7721284;1743,1050971;2022,8631207;1991,8911258;1882,1023948;1955,9151196;2218,5261512;2094,9321180;2255,4871496;2207,5661473;2174,8001281;2199,7881271;2165,8161267;
972,12271450;1080,13091434;1083,13081440;1910,13421048;2339,8251456;2225,12071530;2077,12891352;2226,9671619;2273,11711557;2307,11551583;2332,11061605;2333,11271588;
1910,13421048;2225,12071530;2077,12891352;2226,9671619;2273,11711557;2307,11551583;2332,11061605;2333,11271588;1554,9681675;1125,12081600;1105,12251614;1142,12631557;1096,13391542;1550,14491243;1874,13191341;2066,12981355;2020,13071334;2215,12181499;1868,13351071;2203,9391726;2133,12321547;2204,9451681;2341,9281638;2407,9221632;2213,12321542;2261,11961569;2365,9651597;2356,11481578;2347,11991524;2372,11951523;2491,10691530;2464,10941529;
2273,11711557;2307,11551583;2332,11061605;2333,11271588;2133,12321547;2407,9221632;2213,12321542;2365,9651597;2356,11481578;2347,11991524;2372,11951523;2491,10691530;2464,10941529;1044,12981800;989,13641799;1675,14371763;1395,13491765;1614,15551301;1711,13861669;1854,13331731;1829,13881461;1625,14721236;1745,10741761;2156,12991445;1907,13701488;2033,13571170;2323,9551711;2050,13281439;2052,13601152;2001,13641219;2313,10411735;2194,12541523;2264,12131590;2357,9611652;2349,10401610;2273,12191507;2248,12311517;2455,10341538;2378,11891515;2448,11371508;2521,8251676;2505,11431473;2523,9901537;
----Iteration 4----
583,764920;968,2771168;610,716940;472,317995;610,452951;1072,695752;680,319992;1102,689808;1170,621945;1183,663925;
1170,621945;1183,663925;1061,5111309;239,4781322;1078,1051844;1104,1136596;1011,1097915;1059,1129907;909,10991099;969,1052951;1115,1162557;1078,694914;1136,1139551;1110,663960;1125,590964;1236,780839;1204,674900;1244,702849;
1061,5111309;239,4781322;1361,1289940;1427,12561019;1221,7701251;1469,12271194;1460,11931239;1534,11741110;1574,11661140;1617,11141242;
1221,7701251;1460,11931239;1534,11741110;1574,11661140;1617,11141242;1161,13191380;1529,12391227;1341,13021072;1527,12721236;1593,12961019;1577,12521075;1575,12861043;1536,11691185;1554,11551149;1652,11301197;
1529,12391227;1527,12721236;1056,13511405;1302,13601394;1365,12651424;1495,13201201;1518,13971121;1575,12131292;1598,12071250;1511,13321133;1561,11751376;1592,13271173;1642,11601337;1633,11291345;1659,10971381;1602,13041212;1782,11881318;1745,11671336;1866,11461319;1818,11551312;
1056,13511405;1302,13601394;1365,12651424;1592,13271173;1602,13041212;1782,11881318;1237,12001685;1328,13241680;1227,13281748;1493,12941368;1547,14311177;1428,10851574;1458,12931422;1551,14001208;1445,10911525;1663,10051565;1713,12081377;1612,12731360;1673,9621517;1673,11271489;1908,11791423;1839,11821428;1888,11671430;1905,11821375;
1365,12651424;1328,13241680;1227,13281748;1493,12941368;1458,12931422;1612,12731360;1318,13251784;1277,14191663;1299,13671734;1333,12781768;1329,13771600;1393,12181719;1320,13431645;1466,11921654;1604,11401592;1597,15641360;1695,14341323;1717,15391150;1765,12551373;1755,14121283;1784,14191241;1735,14541256;1808,10841631;1907,12311464;2012,12131523;1952,12251443;1953,12651353;1972,12511369;
1277,14191663;1299,13671734;1329,13771600;1320,13431645;1597,15641360;1695,14341323;1717,15391150;1755,14121283;1784,14191241;1735,14541256;1808,10841631;2012,12131523;1245,13921697;1281,14641585;1474,15951277;1696,16241159;1513,13211882;1479,13381809;1334,13661633;1545,11791719;1442,15381581;1444,15731464;1691,14931195;1674,10731711;1571,11761781;1696,12671526;1704,13961404;1745,15021170;1734,15161135;1717,10091688;1815,14311196;1776,12351657;1804,13771268;1844,14611156;1810,14991194;1989,13451301;1884,11931609;1920,11441611;1992,12021564;1955,12301525;2007,13341338;1960,12191558;1999,13351389;1993,12241479;2027,12951466;
1597,15641360;1717,15391150;1474,15951277;1696,16241159;1442,15381581;1444,15731464;1571,11761781;1540,14001912;1520,14371835;1479,14871861;1466,15041817;1433,14961840;1315,15501721;1698,16191201;1561,13461872;1543,13801931;1548,13921886;1722,10481787;1511,14201847;1648,11791740;1822,15211406;1892,11711757;1995,15091459;1926,14351487;2014,14001521;1950,12731715;2103,13151629;2070,13771648;2049,13501682;2091,13171618;
2103,13151629;2070,13771648;2049,13501682;2091,13171618;1603,15041958;1610,14471888;1447,15531833;1352,16911656;1388,16681634;1715,16381211;1638,13072007;1643,12962040;1798,16071462;1752,16231238;1687,13021970;1693,14031697;1844,12151822;1918,11981774;1954,12101772;2029,13721653;2055,16041561;2123,12971747;2099,14911590;2095,15221559;
----Iteration 5----
407,869798;381,-1171303;510,915746;629,-5021223;535,-3681188;394,-431268;472,932701;460,889794;644,-5151196;579,-1871151;585,413798;548,721835;1247,-3021072;996,322383;1188,-161980;1151,139935;1126,169405;1221,105955;
381,-1171303;510,915746;629,-5021223;394,-431268;472,932701;460,889794;585,413798;548,721835;1247,-3021072;408,595972;485,729873;464,772829;423,891838;583,-4391224;533,878825;583,879820;390,956921;832,-671097;502,1211069;612,795744;964,-1301184;775,-511187;839,403899;914,752621;942,-951222;1137,404711;1026,-1671159;853,307912;944,717515;1212,-51084;1250,134999;1324,851061;1214,1771030;
381,-1171303;502,1211069;964,-1301184;775,-511187;914,752621;942,-951222;1026,-1671159;1250,134999;1214,1771030;396,751268;427,1131254;370,5991043;430,9451005;585,1042864;244,2671134;411,5401083;436,827976;648,1033968;841,-2611286;691,854674;913,-681205;528,5581061;734,712824;1003,-1141155;1145,572696;864,791641;952,768600;1012,-601143;1058,642648;1331,118993;1172,2101008;1202,461967;1122,479878;1348,1071100;1394,981121;1292,1151072;
964,-1301184;775,-511187;942,-951222;913,-681205;1145,572696;1331,118993;1172,2101008;1202,461967;1122,479878;1348,1071100;1394,981121;1292,1151072;873,-2671385;700,10331136;664,11211126;535,1661559;674,2081482;720,6841323;692,11041116;856,-2261451;684,4041406;787,10881120;901,-2811381;873,-2631372;831,4911186;797,6151151;959,862846;962,965664;1045,4331166;870,629999;998,870823;1155,614683;1037,889749;1098,542915;1100,659651;1281,1931075;1407,731118;1317,1571065;1292,1851025;
1394,981121;664,11211126;720,6841323;692,11041116;787,10881120;1407,731118;594,1991603;712,2431580;684,7411440;649,7611444;746,9951213;734,10841176;742,5431407;646,7791461;788,11091103;801,10251210;855,10221210;807,10521181;797,10351206;755,2161509;849,7161317;957,10081122;1182,4731488;1223,5131463;1032,9631214;1094,952867;1124,908853;1195,7701288;1156,898828;1255,987710;1199,840888;1279,4461403;1295,3861371;1375,779940;1402,91364;1380,441333;1329,5541059;1357,4181245;1328,1421432;1418,5471086;
801,10251210;855,10221210;797,10351206;1032,9631214;1328,1421432;692,8621495;771,10621460;726,10181489;886,13141193;1320,441534;1024,7131640;988,10051447;992,11481117;912,11611119;1154,5911624;1118,6581670;1000,11311126;1242,3321535;1176,5661474;1051,921929;1063,1048907;1282,4241494;1234,5351492;1161,964906;1347,7461344;1281,898759;1260,1079901;1386,7871300;1487,5761413;1444,6881331;1550,8521160;
1024,7131640;1118,6581670;1347,7461344;1444,6881331;1550,8521160;941,12901247;852,10151668;900,13441371;948,9881548;1091,12691545;1037,12701506;1298,5001727;1269,5451697;1303,11911234;1325,8431539;1340,7521593;1339,11751346;1402,7181619;1309,7951631;1439,5081651;1441,10481331;1481,5321604;1440,10621337;1494,6021447;1546,7971165;1582,8081123;
1550,8521160;1303,11911234;1339,11751346;1440,10621337;1546,7971165;1582,8081123;933,9901713;1086,13671647;936,13751233;801,11361733;1135,13231701;1424,5651851;1151,13061489;1251,12011387;1409,9571572;1267,12541333;1167,13221360;1404,6301882;1377,10171666;1351,9991710;1488,9461652;1382,11481320;1447,11241277;1394,11381322;1489,10391338;1455,10951257;1449,11181285;1615,7271785;1466,10561406;1582,6961829;1614,7411791;1809,7761709;
1086,13671647;936,13751233;801,11361733;1135,13231701;1151,13061489;1251,12011387;1267,12541333;1167,13221360;1404,6301882;1377,10171666;1351,9991710;1488,9461652;1073,13711661;1513,5821861;1270,11181742;1144,12981639;1172,12741673;1191,11101841;1234,12241371;1403,12351255;1645,12031374;1650,9161642;1829,9061800;1702,11871606;1705,11761282;1703,12271292;2023,8901829;1995,8361851;2061,8841783;
1086,13671647;1135,13231701;1073,13711661;1144,12981639;1172,12741673;1191,11101841;1403,12351255;1645,12031374;1702,11871606;1705,11761282;1703,12271292;2023,8901829;1995,8361851;1323,8262007;1160,9431996;1263,8722033;1158,11451833;1166,13871427;1404,11291777;1160,12951696;1303,13081576;1251,13361436;1412,10961799;1264,11851729;1730,4691906;1802,10541587;2019,8831833;1814,10421858;1751,11511691;1980,9711874;1876,10481548;1833,10751574;1968,7471902;1972,10111882;2089,10121774;2070,10091792;2101,10021776;
----Iteration 6----
-146,4231151;-174,3811189;911,1781062;1146,-1611178;1164,-1781213;1246,311725;1132,-1401288;1294,302732;1273,332704;1236,-1741055;1266,-1711052;1250,-1281031;
1273,332704;676,830709;665,974927;929,5331326;992,4321324;958,4481322;1119,631473;1218,2921363;1136,4201369;1105,8231054;1102,7881094;1227,2781325;1249,467934;1200,7711108;1251,441954;1360,-1651147;1314,-301269;1358,326866;1262,421975;1427,-161063;1351,3061051;1391,277947;
665,974927;1119,631473;1105,8231054;1102,7881094;1249,467934;1200,7711108;1314,-301269;1427,-161063;404,10071066;410,8151151;713,944956;642,1023988;1018,7751153;653,877960;1066,8171097;1124,8381042;1229,3451383;1105,8071075;1169,871970;1261,3721349;1265,3971298;1193,6981452;1188,778961;1400,2761214;1338,4111268;1474,4451028;1368,2491248;1410,3681066;1387,4301102;
1200,7711108;1169,871970;442,9851321;503,9211416;596,10411089;872,7161541;750,9011277;513,8511292;689,10641076;798,1001964;805,988937;1131,8831065;1203,7221490;1141,8661104;1219,7201485;1177,8481396;1462,8341005;1440,8691048;1622,6271583;
596,10411089;872,7161541;750,9011277;689,10641076;798,1001964;805,988937;1203,7221490;1219,7201485;1177,8481396;1462,8341005;1622,6271583;483,10251394;436,10121420;398,11941420;749,10101659;423,11401405;433,11421384;1093,9751123;698,10421051;1128,7531530;1130,9471159;1089,9621126;1272,910931;1445,8771310;1420,8891320;1432,8881277;1751,5691483;1794,5631496;1728,6061511;1728,5661533;
1622,6271583;483,10251394;436,10121420;398,11941420;749,10101659;423,11401405;433,11421384;1093,9751123;1128,7531530;1130,9471159;1089,9621126;1794,5631496;1728,6061511;1728,5661533;926,4791660;379,11631523;391,11761439;389,11911476;694,12281126;626,11591188;1106,4891591;927,8181595;819,9471609;916,1060996;797,11191164;1116,8101527;1171,954910;1534,8641407;1518,9111457;1760,5821489;1552,7771518;1791,5611513;1745,5831496;1707,6251504;1771,4881572;1750,5471543;
1622,6271583;1128,7531530;1728,5661533;1116,8101527;1552,7771518;1771,4881572;872,12291654;777,11201848;1022,11631424;1067,5611692;786,9771745;951,10761622;953,10121531;1037,11791422;1204,5281685;1123,6041689;1256,4831651;1536,3871622;1510,6901590;1476,7061564;1593,9771437;1598,9561481;1617,8561493;1651,7331521;1605,8791443;1770,5231591;1779,6711524;1794,5641563;1837,5691446;
1552,7771518;777,11201848;1593,9771437;1598,9561481;1651,7331521;1779,6711524;1794,5641563;806,9971762;836,10691725;746,11331867;656,11381792;897,13101672;1002,13381637;1253,13641528;1289,13551532;856,10861714;1313,13521475;1533,8991619;1481,10131391;1319,13161436;1382,7541811;1557,6921680;1458,6821761;1438,9851401;1434,10851274;1629,9661455;1468,10721347;1753,6061630;1705,6471656;1777,6901563;1709,9271459;1735,9111507;1827,6571541;1779,6291613;1866,6551550;1871,6761335;1818,5211581;
777,11201848;1593,9771437;1598,9561481;806,9971762;836,10691725;746,11331867;656,11381792;897,13101672;1289,13551532;856,10861714;1313,13521475;1533,8991619;1382,7541811;1557,6921680;1458,6821761;1629,9661455;1705,6471656;1709,9271459;1735,9111507;1170,11841673;1170,14791573;1091,13721657;812,10221744;812,11511701;1440,7011846;1051,8211866;1145,12131675;1471,12751533;1258,14151568;1336,13421532;1484,6711853;1396,7281870;1361,9751675;1471,11851609;1304,12761608;1367,13491507;1697,8641627;1428,12981572;1467,11721623;1572,6991649;1613,10341404;1564,11731528;1796,5681680;1656,9561473;1706,9431446;1866,7371632;1829,7881564;1880,8041544;
777,11201848;746,11331867;897,13101672;1289,13551532;1313,13521475;1382,7541811;1705,6471656;1170,14791573;1091,13721657;1440,7011846;1258,14151568;1336,13421532;1484,6711853;1396,7281870;1367,13491507;1697,8641627;1866,7371632;1195,8991835;1194,8781852;1096,9701906;950,13001740;1188,12441741;1072,12631794;972,13611670;1461,6861941;1211,8411832;1174,12501811;1248,13941569;1281,13471564;1507,6651855;1472,7341826;1524,6641779;1529,10201732;1530,7671736;1588,8511700;1653,11831621;1626,13231645;1761,5731701;1739,5231731;1677,8561667;1730,12481555;1707,12041566;1681,12891561;1813,8481651;1756,12401482;1831,5951694;1813,9821600;1839,11821530;1919,11401576;1880,9021608;1850,11761579;1921,8421477;
----Iteration 7----
900,-166648;1017,-37631;893,371627;872,452635;924,430624;884,433632;855,95829;1149,183363;1162,116370;1136,154394;1209,165369;
469,649647;575,518933;916,511711;997,441719;951,541701;996,596673;1007,398671;1016,1151328;1004,465656;1074,263854;1264,374737;1308,247623;
904,-31480;1204,7421376;1172,7731330;1208,9171051;1177,8801093;1296,6131442;1314,5841374;1305,8641097;1367,5891291;1322,7281212;
1113,6531555;827,651603;1146,6161601;1065,9491449;1319,10611362;1298,10911334;1306,10681358;1318,6401473;1365,10431309;1351,10461435;1329,6001512;1454,9731366;1390,7461456;1378,7581419;1442,6651424;1415,9701392;1468,9691309;
1113,6531555;1146,6161601;1298,10911334;1351,10461435;940,11131181;1103,10501624;960,11401165;1093,10261670;1385,10841415;1394,10691336;1368,10201428;1386,10461369;1457,10111479;1392,7061553;1473,6661539;1590,10011515;1602,9401495;
1103,10501624;1093,10261670;1392,7061553;1095,8771831;1070,10291661;1058,11031626;1109,10411626;1152,7711818;1053,8731850;1017,13491367;971,13611418;1161,7551832;1013,13891372;1020,14161337;1134,8661763;1217,9761594;1220,8221720;1316,12951504;1411,12391446;1297,7191624;1191,8671703;1365,12401432;1470,6931584;1391,7741591;1458,6481619;1422,11611487;1436,6831609;1458,11271367;1603,10161540;
1095,8771831;1152,7711818;1053,8731850;1161,7551832;1013,13891372;1020,14161337;1134,8661763;1220,8221720;1203,9141742;1035,10711706;1024,11311582;956,14041440;1114,8801813;1181,14171267;1205,8651742;1380,12531575;1566,10911704;1534,13881557;1644,10331634;1605,11111664;1664,10051580;
1095,8771831;1152,7711818;1161,7551832;1114,8801813;1566,10911704;1534,13881557;1644,10331634;1605,11111664;1080,9201853;959,9561873;935,10151848;892,10231865;1269,14741596;1340,14541582;1255,15341656;1184,7401841;1111,8661815;1486,6521849;1254,15521537;1536,6051834;1338,11721725;1429,12891580;1411,15201350;1585,5971847;1499,6571848;1391,11091805;1468,14011342;1457,14301314;1415,12551672;1610,12451523;1561,13931378;1596,7461733;1536,13451493;1623,12161536;1608,10441616;1682,10691598;
1080,9201853;959,9561873;935,10151848;892,10231865;1184,7401841;1585,5971847;1011,9211939;1069,9421891;1410,16401716;1436,15901693;1417,16351742;1422,7341856;1430,16201769;1352,16581691;1447,15821690;1573,6941858;1402,16541695;1498,16041411;1425,11391835;1460,15751603;1553,15611397;1549,15171401;1652,15041616;1579,15411374;1683,14621577;1776,10411814;1759,12631705;1905,11871719;1937,12171669;
1011,9211939;1069,9421891;1776,10411814;1905,11871719;1063,8861988;1066,9041973;1214,7751969;1437,17401762;1257,8331958;1105,8561909;1557,16981856;1631,16121879;1680,15771864;1688,16531723;1804,8201757;1713,14001798;1727,16591680;1810,7921784;1769,14341708;1775,13711725;1849,9411722;1988,16111602;2138,14631707;2159,15251698;
----Iteration 8----
942,555473;980,664456;718,594483;1286,287886;1214,298776;1029,621402;983,621418;1086,600406;1244,291872;931,408738;1019,623415;1162,277962;1124,298982;1054,387821;1092,641365;1123,-851695;1143,2771036;1098,3401392;1243,1881134;1263,2551069;
718,594483;1286,287886;1214,298776;1029,621402;1086,600406;1244,291872;1019,623415;1092,641365;1123,-851695;1098,3401392;958,723473;926,748466;974,4321100;1120,4601075;1141,4241090;963,671462;1117,531472;1146,201489;1318,522755;1017,673461;1127,1241395;1182,411420;1130,4641051;1181,-131496;1058,5661023;1226,588668;1189,-711567;1347,-1121553;1105,555895;1337,-751517;1345,-941559;1274,526640;1357,433620;1419,2821289;1387,453549;1436,378609;1446,320682;
1123,-851695;1098,3401392;958,723473;926,748466;1318,522755;1357,433620;1387,453549;1436,378609;955,726493;1296,831490;1279,1301525;1282,1021537;1076,704890;667,860561;1230,1611512;1252,620838;1222,2061531;1124,5271251;1093,649945;1240,646716;1147,6451208;1285,579929;1195,646726;1444,-481573;1268,1551466;1473,-811590;1510,-571559;1519,2701289;1526,2861192;1430,446524;1446,261516;1520,3521216;1466,2891346;1509,2811289;
1123,-851695;958,723473;926,748466;955,726493;667,860561;1252,620838;1124,5271251;1240,646716;1147,6451208;1285,579929;1510,-571559;1519,2701289;1526,2861192;1520,3521216;1466,2891346;1509,2811289;624,835726;748,857703;1039,5201313;1227,2161567;899,774429;1010,5511407;1065,5911294;1153,7131013;1213,713842;1211,2311592;1254,2161549;1248,2221550;1187,667887;1275,618952;1246,632786;1310,3601519;1422,576897;1437,601707;1482,1441656;1382,4761516;1443,3951062;1582,502652;1714,1081362;1722,3101003;
1310,3601519;1482,1441656;1382,4761516;1320,2761608;1158,7451429;758,974691;1325,2481625;1325,2551569;1231,6611437;1323,2561569;1049,9021395;1401,791718;1259,2851812;1196,5931448;1322,8621410;1360,8701361;1577,-171676;1531,471629;1374,8101012;1557,171705;1500,941587;1544,5851255;1538,7081063;1547,5051370;1638,793833;1805,451363;1598,5141344;1826,2041316;1713,4321100;1769,2051392;1869,3111146;
1310,3601519;1482,1441656;1382,4761516;1259,2851812;1322,8621410;1360,8701361;1577,-171676;1531,471629;1557,171705;1500,941587;1538,7081063;1547,5051370;1638,793833;1805,451363;1598,5141344;1826,2041316;1713,4321100;1769,2051392;1869,3111146;1304,2481631;1296,2581660;1374,2871630;1217,8311547;1255,9981462;1303,2461729;1258,2921811;1299,2971620;1190,7951582;1408,731803;1326,2941594;1306,9101409;1244,3711824;1228,6571691;1274,8521411;1333,8651407;1378,8671399;1472,1301754;1264,6591508;1381,8971327;1564,121652;1484,1041665;1628,2111548;1515,6071228;1453,6821084;1600,-921693;1584,819995;1648,710703;1504,6991077;1791,-731468;1612,5911340;1646,617756;1797,1741342;1833,2141292;1794,4501036;1841,331382;1918,2761132;
1577,-171676;1531,471629;1557,171705;1547,5051370;1805,451363;1598,5141344;1826,2041316;1713,4321100;1769,2051392;1374,2871630;1408,731803;1244,3711824;1228,6571691;1472,1301754;1564,121652;1628,2111548;1600,-921693;1791,-731468;1612,5911340;1797,1741342;1833,2141292;1794,4501036;1841,331382;1415,-251857;1327,1121994;1241,2981882;1289,3281849;1159,4861870;1320,9371532;1384,10601522;1459,9611422;1312,1601970;1259,8961679;1273,11061472;1371,10241525;1218,3471877;1348,3031806;1433,8371548;1521,2931629;1532,-631729;1487,1561746;1602,828997;1611,-1161646;1625,311550;1607,7131327;1783,571476;1731,916865;1897,5931028;1963,3141290;2016,2641286;1882,614984;
1273,11061472;1731,916865;1897,5931028;1882,614984;1391,10141707;1455,7082070;1392,10041804;1481,1612202;1385,4032145;1441,6622094;1398,10071736;1470,5692100;1509,10391696;1600,561961;1541,10011725;1615,721959;1606,10541660;1691,871929;1717,791956;1676,10821633;1770,8261488;1789,8431485;1819,2071833;1803,4731554;1857,3551688;1913,5441429;2084,4711419;2027,4771361;
1731,916865;1882,614984;1481,1612202;1385,4032145;1441,6622094;1470,5692100;1509,10391696;1541,10011725;1606,10541660;1676,10821633;1819,2071833;1857,3551688;2084,4711419;1118,7332199;1107,7462185;1272,7442120;1526,11801561;1171,7372184;1322,3872179;1430,11071748;1538,1552169;1617,2662167;1495,9591870;1491,10541842;1496,10501687;1534,11281524;1550,10341670;1721,862020;1553,7781999;1680,7502074;1721,5852018;1700,9091577;1869,8881644;1763,1061977;1720,7871907;1776,7071688;1927,5611660;1978,6001375;2035,4481579;2167,5171408;2091,5421356;2106,5361393;
1441,6622094;1470,5692100;1509,10391696;1541,10011725;1606,10541660;1676,10821633;1118,7332199;1272,7442120;1526,11801561;1430,11071748;1617,2662167;1491,10541842;1496,10501687;1534,11281524;1550,10341670;1680,7502074;1721,5852018;1869,8881644;1720,7871907;2167,5171408;2091,5421356;2106,5361393;1181,6632380;1160,6682423;1236,8212137;1246,8382112;1468,10761854;1352,11231793;1565,12011488;1241,8172197;1500,10381883;1374,11401792;1441,12041659;1220,5562422;1438,10551861;1651,11221416;1581,3182185;1500,3872247;1423,5902165;1619,8322056;1576,11091612;1637,2452200;1863,9461708;1685,10101404;1624,2912159;1686,5522046;1825,7861847;1808,1602024;1905,9041564;1819,3691970;1891,7141724;1959,8611594;1828,1731843;1884,3451781;2074,5381710;1959,7981642;1952,3541755;2043,5971707;1985,8471207;1895,4931769;2090,6581504;2112,4991710;2082,7571571;
----Iteration 9----
-14,-4981233;-146,-3801219;-118,-3381181;-112,-3111152;-60,-1491116;-31,-811077;577,105711;-92,-4221225;534,132737;421,-9221252;89,46905;35,511011;509,147785;404,-6231322;478,-144941;611,-7371151;587,-6671193;227,-5331098;1182,380626;352,399469;742,354693;1161,385669;839,-8511065;969,-7961047;1658,-166771;1606,-157811;930,-303977;1491,-139881;1213,-342998;1592,-186836;1644,-299928;
-118,-3381181;-112,-3111152;-60,-1491116;-31,-811077;577,105711;534,132737;89,46905;35,511011;509,147785;587,-6671193;742,354693;1161,385669;839,-8511065;969,-7961047;1658,-166771;1606,-157811;1592,-186836;1644,-299928;48,-3531648;-249,1451082;45,273892;335,431802;616,-6761577;231,-4981345;591,518479;413,-5821342;636,-7891179;794,-8041070;1249,468622;1216,415643;1303,-1141035;1347,-1511024;1338,269341;1570,-60807;1351,-841002;1501,-96882;1597,-258965;1531,-112917;1632,-287891;1679,-319884;
587,-6671193;1161,385669;1658,-166771;1592,-186836;1644,-299928;616,-6761577;231,-4981345;1249,468622;1216,415643;1303,-1141035;1347,-1511024;1570,-60807;1351,-841002;1501,-96882;1597,-258965;1531,-112917;1632,-287891;1679,-319884;502,-5751745;100,-3451755;-256,1901204;63,5271057;92,5051084;389,705949;344,686969;139,-711287;560,707833;-298,2331169;414,655999;678,-8611543;666,-8321489;873,456867;1018,672706;747,-10731456;1152,-9771351;688,-7211238;634,443919;986,665722;1341,458617;1022,407852;1171,-1671075;1304,-61871;1412,140816;1346,482604;1448,-147927;1510,-1891013;1537,-43816;1545,-155910;1735,-97703;1516,-225974;1646,-107827;1571,-58735;1601,-286890;1685,-266803;
1161,385669;616,-6761577;1216,415643;502,-5751745;100,-3451755;63,5271057;92,5051084;389,705949;344,686969;560,707833;414,655999;873,456867;1018,672706;634,443919;986,665722;1341,458617;1022,407852;1346,482604;86,-4911824;118,-3861783;79,-3151727;214,-431444;119,-91511;-278,2611335;471,602943;571,693831;153,8131049;509,5461004;583,646918;614,705818;738,-7731727;261,2541269;411,5421040;758,602793;1118,-7961537;785,-7951543;442,-4911688;855,503865;1134,-8391536;694,-6111425;1280,911043;1296,514622;1205,-7161528;1131,-761303;1210,-1061322;1512,-271101;1670,281031;1794,283810;1688,114884;1593,-471181;1724,611025;1709,308774;1828,248863;1826,252856;
502,-5751745;100,-3451755;389,705949;344,686969;414,655999;873,456867;1018,672706;1022,407852;86,-4911824;118,-3861783;79,-3151727;214,-431444;119,-91511;471,602943;153,8131049;509,5461004;738,-7731727;261,2541269;758,602793;855,503865;1131,-761303;1210,-1061322;1724,611025;1828,248863;1826,252856;135,-441651;93,-11484;203,3421353;692,3951080;106,5741098;367,6251054;659,745868;623,749802;295,4961267;484,5951062;690,668929;186,-981719;592,5171040;771,600781;756,-3121701;497,2631167;991,704732;1223,-7161605;1342,-2261270;924,1741135;1396,516645;1375,561646;1425,471675;1475,1341091;1467,471584;1637,311269;1603,471267;1561,1901036;1794,323810;1768,214893;1648,721151;1695,881118;1753,336815;1731,301108;1831,295849;1804,196963;
502,-5751745;389,705949;414,655999;873,456867;1022,407852;153,8131049;509,5461004;738,-7731727;855,503865;1131,-761303;1210,-1061322;367,6251054;484,5951062;592,5171040;756,-3121701;991,704732;1223,-7161605;924,1741135;1475,1341091;1637,311269;1603,471267;1561,1901036;1794,323810;1648,721151;1753,336815;334,111747;165,481832;112,4791445;364,5331375;236,5631307;671,864894;129,4851396;349,7161245;712,812939;292,981731;241,4231433;746,613998;891,670826;1130,-7701650;1209,-6951640;954,1101392;867,1271287;573,3151206;768,4331150;1205,-5861620;869,2141232;1609,340937;1301,692736;1376,-5301534;1456,-1581331;1443,-1431304;1519,527642;1393,-5551466;1467,618849;1538,-5641407;1575,466650;1612,-2221328;1657,911145;1562,-5861381;1636,-6361380;1725,-431300;1796,1151126;1709,339687;1825,298876;1847,295896;1853,272964;
153,8131049;1223,-7161605;334,111747;165,481832;112,4791445;364,5331375;236,5631307;671,864894;349,7161245;712,812939;292,981731;241,4231433;1130,-7701650;1209,-6951640;1205,-5861620;1467,618849;1636,-6361380;176,-561928;218,-281882;218,741784;188,1181798;78,4561582;49,5011565;59,5001450;327,5501404;814,778993;588,919855;834,-2711792;19,5021580;32,4701625;437,7351074;761,885816;942,-3531943;806,-2531783;947,3811447;759,7131199;906,773915;919,764955;877,511493;1316,5281274;1311,733782;1320,736758;1134,-8101645;1458,-5651601;996,3461433;1482,688718;1553,1671244;1424,640765;1350,-5101557;1563,-2291502;1587,-2361541;1595,-1991452;1822,-101351;1954,1501345;1882,5661211;
1223,-7161605;236,5631307;349,7161245;1209,-6951640;1205,-5861620;1467,618849;176,-561928;218,-281882;49,5011565;834,-2711792;19,5021580;32,4701625;806,-2531783;1316,5281274;1458,-5651601;1482,688718;1954,1501345;1882,5661211;1033,-3111974;293,2011821;792,3601684;792,4371679;906,4581643;190,5911499;411,9151083;615,8281165;985,-2811945;383,931838;238,2261767;880,4811593;883,8651001;1200,-4781840;622,5051531;524,5501563;921,877983;837,1089958;1326,785762;1087,-4641808;1457,3491480;983,7921225;1438,760792;1421,-4441577;1250,821481;1550,4031459;1442,750632;1594,-2931560;1494,724642;1505,652616;1911,5391228;1881,-171552;1943,1741392;1883,3591292;2113,1111260;2094,1581230;
176,-561928;19,5021580;1482,688718;1882,5661211;1033,-3111974;293,2011821;906,4581643;985,-2811945;238,2261767;1200,-4781840;622,5051531;524,5501563;837,1089958;1457,3491480;1438,760792;1550,4031459;1442,750632;1594,-2931560;1494,724642;1505,652616;1911,5391228;1943,1741392;2113,1111260;2094,1581230;961,951909;899,4851712;603,5501557;496,7471566;672,12451318;290,1911847;869,2951720;572,7401555;705,12651219;728,12611278;976,1215890;1158,-4371838;867,1221804;1467,-1011646;1499,4171450;1325,8311462;1145,9101277;1229,2541579;1545,-3371627;1357,8001508;1329,8171130;2018,1011552;2004,4481268;1814,5871172;1785,6141155;1760,6261165;2017,1651519;1794,6171084;1953,5211281;1934,5251282;2103,791380;1977,3981364;
1033,-3111974;1438,760792;1442,750632;1494,724642;1943,1741392;2113,1111260;2094,1581230;961,951909;672,12451318;290,1911847;705,12651219;728,12611278;1357,8001508;2018,1011552;2004,4481268;2017,1651519;1953,5211281;1934,5251282;2103,791380;1977,3981364;994,162042;435,561994;931,10871341;719,12591291;751,12701196;1072,7381782;1192,8381756;1303,9351505;1288,9821452;665,12711309;1017,12551015;1263,-3761908;1278,-4171865;1264,10251434;1245,1120890;1675,5381594;1343,9001523;1351,9681266;1333,9831275;1722,2621844;1794,5341680;1709,6771129;1836,5241748;1644,7041362;1864,4241806;1847,5001701;1938,6021258;1726,6621097;1911,6541417;1961,5211247;2136,1861184;
