----Iteration 0----
memory=146.38671875,146.64453125,147.41796875,148.19140625,148.96484375,149.48046875,149.48046875,150.56640625,151.59765625,151.85546875
time=1.780238389968872,1.948026180267334,1.8789966106414795,1.8370277881622314,1.9804446697235107,1.8404719829559326,1.8059253692626953,1.786895990371704,2.0007224082946777,1.8520150184631348
----Iteration 1----
memory=146.38671875,146.64453125,147.41796875,148.19140625,148.96484375,149.48046875,149.73828125,150.82421875,151.85546875,152.11328125
time=1.8237454891204834,2.0266919136047363,1.9339253902435303,2.0372519493103027,2.0518839359283447,1.9609744548797607,1.9416632652282715,1.824296474456787,1.8430018424987793,2.165057897567749
----Iteration 2----
memory=146.38671875,146.64453125,147.41796875,148.19140625,148.96484375,149.48046875,149.73828125,150.82421875,151.85546875,152.11328125
time=1.9020593166351318,1.8028297424316406,2.144613742828369,1.8573262691497803,2.2511544227600098,1.8226189613342285,1.90488862991333,2.030667304992676,1.857726812362671,2.3056068420410156
----Iteration 3----
memory=153.14453125,153.14453125,153.40234375,153.66015625,153.91796875,153.91796875,154.43359375,154.94921875,154.94921875,155.72265625
time=1.5989389419555664,1.6654388904571533,1.55265474319458,1.5358390808105469,1.6925642490386963,2.407430648803711,2.4412589073181152,2.696218252182007,2.4705615043640137,2.1639769077301025
----Iteration 4----
memory=153.14453125,153.14453125,153.40234375,153.66015625,153.91796875,153.91796875,154.43359375,154.94921875,155.46484375,155.98046875
time=1.8109550476074219,1.5157663822174072,1.4154601097106934,1.5374555587768555,2.052124500274658,2.628202438354492,2.649940013885498,2.4688351154327393,2.0401368141174316,2.427006244659424
----Iteration 5----
memory=156.23828125,156.23828125,156.23828125,156.49609375,156.49609375,157.01171875,157.01171875,157.26953125,157.52734375,158.04296875
time=1.4418318271636963,2.1255311965942383,2.514209747314453,2.3604187965393066,2.3924591541290283,2.753878355026245,2.369419574737549,2.337184429168701,2.4134764671325684,2.3042261600494385
----Iteration 6----
memory=156.23828125,156.23828125,156.49609375,156.49609375,156.75390625,157.01171875,157.01171875,157.52734375,157.78515625,158.30078125
time=1.8716959953308105,2.172863721847534,2.402641773223877,2.427485227584839,2.7472474575042725,2.6474697589874268,2.6404378414154053,2.458542823791504,2.7353246212005615,2.323878288269043
----Iteration 7----
memory=156.23828125,156.23828125,156.49609375,156.49609375,156.75390625,157.01171875,157.01171875,157.52734375,158.04296875,158.30078125
time=1.8193438053131104,2.3944740295410156,2.273195743560791,2.3509480953216553,2.582050323486328,2.6324446201324463,2.6047258377075195,2.7652926445007324,2.414574384689331,2.316647529602051
----Iteration 8----
memory=158.30078125,158.30078125,158.30078125,158.30078125,158.30078125,158.30078125,158.30078125,158.81640625,159.07421875,159.07421875
time=1.3282310962677002,1.9158401489257812,1.8805694580078125,1.873807668685913,1.9698078632354736,1.8421106338500977,1.8255023956298828,1.9375522136688232,1.6461365222930908,1.3692848682403564
----Iteration 9----
memory=158.30078125,158.30078125,158.30078125,158.30078125,158.30078125,158.30078125,158.55859375,159.07421875,159.07421875,159.58984375
time=1.6814296245574951,1.8528544902801514,2.0520195960998535,2.0356943607330322,1.738825798034668,1.9472050666809082,1.9429423809051514,1.7159764766693115,1.5155274868011475,1.2885041236877441
