----Iteration 0----
-421,728803;-273,926669;-224,917676;-213,946640;-171,926617;-77,1031592;-75,996588;61,1127561;370,152386;296,1161262;320,77393;279,1122309;377,1112196;376,1135199;463,870321;403,91495;490,847302;522,801347;
296,1161262;-593,698906;-171,1085614;-171,1163326;-151,1109599;471,1096541;441,1120413;400,1137590;377,1155559;355,714694;279,1012831;319,738671;397,708693;508,1049556;485,1086608;432,1139587;458,1114285;511,1094429;697,1058309;525,1061465;
-593,698906;471,1096541;441,1120413;377,1155559;279,1012831;508,1049556;485,1086608;511,1094429;697,1058309;525,1061465;-603,810971;-628,871843;-173,1041625;-31,1222502;-393,700898;-36,1032646;385,1148594;436,1140620;502,999677;412,950796;438,993776;498,1006684;479,985756;595,1123392;612,928703;618,1032394;650,1196349;695,949556;726,1024511;702,998523;758,1009510;
377,1155559;279,1012831;508,1049556;485,1086608;-628,871843;-31,1222502;385,1148594;436,1140620;502,999677;498,1006684;479,985756;612,928703;650,1196349;695,949556;758,1009510;-528,857979;397,1039817;145,1181693;123,1188707;-271,728927;-237,716920;376,1067790;210,1174803;225,1200498;262,813867;142,1213682;351,1194646;275,836853;421,1073768;474,1134544;442,994801;644,1202442;643,971692;638,1209497;604,968741;689,1135509;737,1124531;756,1146491;647,964685;761,1125481;709,695682;847,1085425;
-528,857979;-271,728927;-237,716920;142,1213682;604,968741;-546,885935;461,1133908;230,1187815;324,833910;217,1192844;585,1334608;474,1056866;487,892888;660,1269620;576,1026765;688,1236652;632,670746;789,1146508;703,1035740;862,1147491;737,1023733;751,975732;764,998718;774,1177624;779,1223457;787,851716;789,930689;
461,1133908;230,1187815;217,1192844;585,1334608;474,1056866;660,1269620;688,1236652;789,1146508;862,1147491;737,1023733;751,975732;764,998718;774,1177624;779,1223457;787,851716;789,930689;341,10491124;442,1385638;323,10241140;343,10821082;275,11061019;350,1121995;566,1260758;496,1052964;510,10191000;562,1295727;659,1268645;585,9911032;670,1264587;528,1000867;708,1054825;754,1243413;727,857783;745,923770;758,1209642;725,824825;780,1198438;1038,1074291;1005,1090309;1000,1051384;1016,1044292;
660,1269620;688,1236652;789,1146508;862,1147491;774,1177624;779,1223457;341,10491124;323,10241140;343,10821082;275,11061019;659,1268645;754,1243413;758,1209642;780,1198438;1038,1074291;1000,1051384;430,9941150;425,10671114;367,10781089;325,11001128;446,1399914;396,1355968;587,13071018;490,1359869;469,9871117;505,10261077;606,1415850;686,1304607;682,11021040;693,1256596;691,1341549;781,1142906;695,1139992;788,1103901;813,1091851;857,1076898;940,1102591;965,1098637;995,1120309;1019,1112369;
341,10491124;323,10241140;430,9941150;425,10671114;325,11001128;446,1399914;396,1355968;587,13071018;469,9871117;606,1415850;682,11021040;695,1139992;857,1076898;1019,1112369;627,12671018;398,1411936;498,12971098;723,1416797;511,10501110;522,1421818;600,10001069;664,11761005;649,1217986;623,1295980;612,1396882;752,1175978;679,1157980;732,1186954;658,1232891;710,1353810;746,1273827;748,1101997;757,1170940;830,1151913;767,1331515;812,9861003;806,1244846;938,1176743;852,1013954;892,1007873;941,1082849;889,1202774;944,961853;1003,1138735;1021,992781;1038,1022760;1054,1097756;1069,987657;1109,1036592;
587,13071018;695,1139992;398,1411936;498,12971098;664,11761005;649,1217986;623,1295980;752,1175978;679,1157980;757,1170940;767,1331515;806,1244846;941,1082849;465,10751211;551,11271166;540,12421079;568,13451019;526,13651042;355,14391036;411,1373992;762,1425917;721,1463879;630,9461172;624,9901187;646,12721066;732,1275976;900,10761032;889,11341116;901,1175916;863,1272795;933,10731046;899,1255775;975,10311010;948,1240801;1122,1115810;987,1237812;1056,947926;1077,999877;1101,1204809;1219,911678;
587,13071018;498,12971098;623,1295980;568,13451019;526,13651042;355,14391036;762,1425917;721,1463879;646,12721066;732,1275976;900,10761032;889,11341116;933,10731046;975,10311010;567,11041284;519,13151083;520,13571050;520,13801029;459,14671029;759,1448902;689,1433924;809,1448857;605,12461176;594,13831006;893,12231087;734,12261273;767,1296940;915,1432880;896,11081038;985,1263891;947,1292931;920,1305893;963,10371058;1040,1204944;1086,1165964;1101,1243912;1132,1283813;1190,993913;1259,1249903;
----Iteration 1----
-106,270964;-241,4501009;-145,363860;-125,375857;-71,412852;254,103667;-14,483783;-163,491784;-149,344914;-58,2371125;422,645231;-104,248994;433,616307;448,597282;27,292610;631,410473;621,310560;653,309510;632,262548;659,216517;
-58,2371125;422,645231;433,616307;448,597282;-64,3971097;-66,4011119;41,6081057;87,668872;109,6201046;130,581860;149,563873;149,528896;14,629999;305,654215;177,494908;226,510866;136,499925;204,490902;261,543830;470,659161;532,455485;506,407685;640,468419;601,332621;519,430657;681,439529;659,358599;715,399552;752,326494;
422,645231;433,616307;448,597282;41,6081057;87,668872;109,6201046;149,563873;149,528896;305,654215;177,494908;226,510866;136,499925;204,490902;470,659161;640,468419;681,439529;715,399552;752,326494;-145,4571130;-111,4171153;22,4491149;-6,5671073;-9,6951067;-49,1042882;145,617883;-47,3911204;18,5801066;36,7241038;17,999850;-21,1058855;-42,3601215;171,638870;113,507970;194,624741;155,4941020;215,488954;239,489904;260,498859;355,574830;337,602786;395,557827;419,654193;416,454700;551,459665;459,631201;510,468697;598,397771;485,569318;477,608209;574,451809;698,462372;618,483428;666,416628;613,332743;652,414694;677,387633;698,415578;695,421516;734,384521;
41,6081057;109,6201046;752,326494;-6,5671073;-9,6951067;145,617883;18,5801066;36,7241038;-21,1058855;171,638870;155,4941020;215,488954;337,602786;734,384521;12,3951224;70,630960;-23,877961;18,964943;130,1005920;81,1048891;41,4281197;55,5581149;53,731961;-11,968932;137,5551098;50,6231014;19,7461025;159,942842;223,962789;116,1006858;175,1006835;341,954703;368,868541;199,444956;444,652700;407,816546;453,707623;474,867439;566,710492;574,683443;680,582914;667,559928;709,508904;730,567895;
109,6201046;-9,6951067;145,617883;36,7241038;12,3951224;130,1005920;41,4281197;137,5551098;175,1006835;680,582914;730,567895;-39,4211275;54,6641113;-67,8781085;-48,8911006;76,1041966;75,1077950;0,3811272;-20,8321096;27,8381055;118,1028986;117,1068933;409,991798;104,5911193;174,1079881;399,671876;452,967775;411,1075791;674,613893;476,595987;670,608960;612,829816;592,5521101;615,835770;691,1036608;717,518999;719,825799;759,819787;
130,1005920;54,6641113;-67,8781085;75,1077950;-20,8321096;118,1028986;117,1068933;409,991798;174,1079881;452,967775;411,1075791;612,829816;592,5521101;615,835770;691,1036608;717,518999;719,825799;759,819787;-133,5991304;-135,7921178;-143,8221167;96,10521014;100,1054982;262,1036852;213,6211287;85,8211105;100,8391064;373,939997;296,984832;345,5471175;290,6311239;386,9181035;419,966822;635,4901166;684,5601054;617,4901212;640,735925;673,941746;743,714992;530,1062765;837,932596;674,4831133;669,5351057;844,899629;753,4321093;876,759657;775,577961;799,4631059;789,512936;894,737600;
130,1005920;75,1077950;118,1028986;117,1068933;409,991798;174,1079881;452,967775;411,1075791;691,1036608;717,518999;96,10521014;100,1054982;262,1036852;419,966822;684,5601054;673,941746;530,1062765;837,932596;674,4831133;669,5351057;799,4631059;-130,7991224;-59,10471071;369,8221218;349,7981233;348,987837;513,7211449;430,1005782;635,7771272;621,7831418;782,911757;663,9491161;693,4131174;710,3731191;764,4551139;797,722997;837,971588;873,904973;807,3911109;1017,722986;959,813985;985,851941;
409,991798;452,967775;411,1075791;691,1036608;530,1062765;837,932596;513,7211449;430,1005782;635,7771272;621,7831418;782,911757;663,9491161;764,4551139;837,971588;873,904973;807,3911109;959,813985;985,851941;-129,10041292;133,11031122;648,6911400;629,7951373;603,8331341;244,10911033;283,1059951;625,7001382;395,8461419;192,9501153;321,1085948;403,1019868;602,8691325;707,9411159;434,9831033;668,6461307;740,6331305;689,7561270;737,937686;757,6631274;719,9371085;776,8161054;784,929682;947,7451054;938,905824;923,7191066;1065,768973;1032,7571001;
411,1075791;691,1036608;530,1062765;621,7831418;663,9491161;837,971588;873,904973;985,851941;133,11031122;629,7951373;244,10911033;283,1059951;395,8461419;192,9501153;321,1085948;602,8691325;707,9411159;434,9831033;668,6461307;740,6331305;689,7561270;757,6631274;719,9371085;938,905824;1065,768973;1032,7571001;564,7811474;592,7761484;613,7921450;103,9101447;-133,10531325;-128,10591305;416,8831396;-83,10241237;185,10991086;663,7541478;465,8901381;394,8941378;652,10441005;418,10301009;625,1052795;618,7851434;645,7551456;636,8571364;586,8861279;665,9371198;662,8331368;674,1017738;734,6221348;741,6931228;780,9401005;811,6641236;750,6771214;781,9011112;818,9021074;866,905969;928,940833;837,8191106;882,8321034;832,6111161;869,7221083;913,7651075;973,8171068;1000,7721046;1145,755927;
663,9491161;837,971588;873,904973;707,9411159;434,9831033;689,7561270;719,9371085;938,905824;1065,768973;1032,7571001;592,7761484;103,9101447;663,7541478;652,10441005;418,10301009;645,7551456;636,8571364;586,8861279;665,9371198;662,8331368;780,9401005;781,9011112;818,9021074;866,905969;928,940833;837,8191106;882,8321034;869,7221083;913,7651075;973,8171068;1000,7721046;1145,755927;591,7771529;494,9091481;361,11681411;78,12161266;212,11951111;236,12211099;635,8271477;637,1220991;693,1186796;625,8771375;578,9561212;795,6521437;788,7051346;690,9471017;763,1068758;798,6341331;835,6561294;746,8011206;726,9231040;792,918957;1012,952612;895,6751285;986,960585;924,5701220;1056,886620;1043,788861;1024,918600;1122,706944;1025,865963;1100,786883;
----Iteration 2----
-279,583265;-242,572276;246,-763798;-353,7717;174,522710;207,-749814;221,466660;171,-675840;207,503683;323,-639704;276,271518;292,251597;399,186446;537,-485580;526,79375;580,-125476;618,-112454;666,-22302;
-279,583265;-242,572276;246,-763798;207,-749814;171,-675840;323,-639704;580,-125476;618,-112454;666,-22302;-347,251774;-345,573344;-326,572329;-500,-179901;138,542680;-157,107749;-214,147780;190,525723;233,536720;292,-578767;263,517718;442,338658;442,379590;462,175536;553,99521;645,-437574;556,-226664;744,-260480;620,-238528;
-347,251774;-214,147780;442,338658;442,379590;744,-260480;-68,-197923;-6,-20894;43,-4852;-470,299808;-179,317765;222,584732;148,603750;55,-91872;-37,51858;171,627700;43,-69920;187,612746;266,581703;418,442629;276,569738;395,458582;380,477607;544,405532;497,420554;505,419548;692,-209851;721,-103850;606,441420;549,396525;599,166609;822,-84377;741,47445;778,32363;
442,338658;442,379590;-6,-20894;43,-69920;544,405532;721,-103850;549,396525;599,166609;138,-221959;-117,114991;-342,153916;179,694865;249,701772;7,-179979;-111,151943;109,711821;267,-528951;-47,72901;355,571776;404,695757;485,507524;375,796749;717,-171866;429,480672;520,452556;529,570508;686,-82898;469,538570;644,512461;664,524458;753,139577;830,184524;887,-195574;763,235552;863,125506;
179,694865;404,695757;375,796749;429,480672;753,139577;830,184524;887,-195574;763,235552;863,125506;-203,651162;-207,871197;10,363946;-7,606898;203,720853;358,751779;316,559871;423,547880;366,707837;384,705730;560,1831133;420,541926;407,682823;424,691780;556,610658;647,629418;631,1531026;503,255818;671,575464;563,1771093;621,298708;720,411542;777,-29927;614,254759;622,323668;695,486512;775,1061055;649,305669;754,1111052;748,282460;777,127666;824,96639;835,148474;
404,695757;375,796749;753,139577;887,-195574;763,235552;-207,871197;203,720853;358,751779;366,707837;384,705730;420,541926;407,682823;424,691780;556,610658;647,629418;671,575464;720,411542;695,486512;775,1061055;754,1111052;777,127666;824,96639;-217,1211217;250,5211026;128,734908;325,702919;361,742782;-158,451167;275,4621016;242,554995;356,536980;651,-481207;665,381104;637,2771164;404,729715;430,777704;669,-831110;663,3151120;723,702393;626,421977;502,481963;462,599885;543,586752;539,635708;538,3331105;659,422853;671,-331087;589,467809;648,566470;829,666314;757,811071;747,1391023;951,486494;790,662391;782,591005;675,356761;961,477518;847,387547;984,517451;991,450507;971,472476;
404,695757;375,796749;203,720853;358,751779;366,707837;420,541926;407,682823;424,691780;671,575464;250,5211026;128,734908;325,702919;361,742782;242,554995;356,536980;651,-481207;637,2771164;404,729715;430,777704;663,3151120;723,702393;502,481963;462,599885;543,586752;539,635708;538,3331105;648,566470;829,666314;951,486494;790,662391;961,477518;984,517451;971,472476;584,371378;351,2511260;177,4141204;171,4531087;294,5121021;222,625966;389,699951;405,794711;394,746771;604,41332;291,3821247;174,4161274;362,620955;277,652959;378,775764;519,827665;601,961352;321,3121140;295,4861026;413,596928;480,661837;620,778407;823,2151189;491,514919;566,800659;856,2191171;653,487932;548,505820;703,735439;736,4331083;783,540710;742,558604;785,424951;834,641314;1034,341934;1002,430557;903,585310;1003,450526;1119,394838;1112,456519;1190,371831;
404,695757;375,796749;358,751779;366,707837;420,541926;407,682823;424,691780;325,702919;361,742782;356,536980;637,2771164;404,729715;430,777704;723,702393;502,481963;462,599885;829,666314;351,2511260;177,4141204;171,4531087;389,699951;405,794711;394,746771;291,3821247;174,4161274;362,620955;277,652959;378,775764;519,827665;413,596928;480,661837;620,778407;823,2151189;491,514919;566,800659;856,2191171;653,487932;703,735439;736,4331083;783,540710;742,558604;1034,341934;1119,394838;1190,371831;347,2461273;298,2621259;329,4411179;311,6101025;271,6501025;307,728939;442,836647;591,860581;353,5991052;305,777938;436,847666;935,1831314;381,611973;736,581832;570,700753;871,716301;867,2001380;937,4191083;893,4031149;936,4551067;1107,531726;941,665463;913,3931148;957,509915;1033,567475;956,3571144;963,3601097;989,432975;1021,601441;1022,403981;1176,457824;1089,313972;1187,357870;1285,264836;1277,279807;1167,530713;
404,695757;375,796749;358,751779;366,707837;407,682823;424,691780;361,742782;430,777704;723,702393;462,599885;389,699951;405,794711;394,746771;362,620955;277,652959;378,775764;519,827665;413,596928;480,661837;620,778407;566,800659;703,735439;736,4331083;1034,341934;1119,394838;1190,371831;271,6501025;307,728939;442,836647;591,860581;353,5991052;305,777938;436,847666;935,1831314;381,611973;570,700753;871,716301;867,2001380;937,4191083;893,4031149;936,4551067;1107,531726;941,665463;913,3931148;957,509915;1033,567475;956,3571144;1022,403981;1176,457824;1089,313972;1187,357870;1285,264836;1167,530713;606,2151405;179,6011100;358,5901068;249,6801029;766,2721404;352,719944;731,4971296;374,6151044;546,744751;756,768359;862,2221403;842,5901028;819,659884;789,749332;953,1531321;985,2001275;852,2301379;826,623817;844,650785;886,724291;991,3631119;947,531938;1013,653480;990,453987;1062,641449;1016,693427;1078,333972;1146,216924;1220,448775;1188,258905;1238,258877;1278,347847;
519,827665;620,778407;566,800659;1119,394838;1190,371831;591,860581;305,777938;436,847666;570,700753;867,2001380;1107,531726;1176,457824;1089,313972;1187,357870;1285,264836;1167,530713;606,2151405;766,2721404;731,4971296;546,744751;756,768359;862,2221403;842,5901028;819,659884;789,749332;953,1531321;985,2001275;852,2301379;826,623817;844,650785;1220,448775;1188,258905;1238,258877;1278,347847;827,2791401;354,6771318;460,7291259;459,815852;442,846807;556,890586;501,6631262;568,840607;725,3801322;727,777520;976,2081317;809,3671392;995,5501138;801,6511061;955,695731;865,745340;970,2191300;954,725586;895,744239;1033,4211162;906,569865;996,693584;1021,737577;1081,3861152;1063,463852;1111,646537;1152,174967;1139,255935;1237,471761;1363,234782;1260,237940;1221,401814;1388,212741;
----Iteration 3----
-330,365832;-234,462515;-394,364856;-216,386426;-80,3031034;-83,381584;157,405236;186,328864;223,318908;298,276967;271,306945;
-318,548705;361,4591157;416,5071150;392,4221160;
410,5851285;366,5591292;428,6771265;526,6621242;522,6381283;575,6011052;583,5611161;558,5871119;
428,6771265;526,6621242;522,6381283;331,7531246;275,3661452;300,3261455;282,9001315;281,9151346;253,3721444;151,4041422;144,4121458;376,6521295;306,7911176;367,7591088;271,9481327;455,4991314;330,7701077;403,7351111;390,7431158;469,7311249;613,6181225;629,6661217;578,6791211;571,6301303;595,6111227;560,6841042;
320,4071458;155,7341476;310,8871409;255,9611395;244,10041413;303,9991364;346,9461348;337,3151466;324,8501386;366,9691313;386,9361267;374,2701679;430,9271262;219,4381631;342,9881273;376,2341704;401,2531633;494,9191314;403,2171658;622,9491058;705,7591437;679,9671018;815,7191402;755,7441418;
310,8871409;255,9611395;244,10041413;303,9991364;346,9461348;366,9691313;386,9361267;374,2701679;430,9271262;219,4381631;342,9881273;376,2341704;401,2531633;494,9191314;403,2171658;622,9491058;705,7591437;679,9671018;815,7191402;755,7441418;209,8121515;292,10471337;340,2951627;274,10281338;328,8601448;359,10001259;409,1881639;252,8031467;405,2731629;568,9241291;468,9401190;431,1771573;604,6771570;695,8651141;821,5951274;731,9401058;800,6331404;844,8911096;885,8501172;880,8751067;901,8361083;
705,7591437;679,9671018;731,9401058;844,8911096;885,8501172;880,8751067;901,8361083;164,8061537;170,8251524;322,11371291;361,8901513;590,11311491;387,8741519;662,11481200;462,5391757;706,9321364;616,10651331;669,11291272;672,11361235;639,7861605;656,7571563;658,7511477;684,9631357;831,7591425;814,7761355;758,9271215;814,9281159;764,8771327;782,8101224;839,9161096;873,7741372;990,6661297;
885,8501172;322,11371291;590,11311491;462,5391757;616,10651331;669,11291272;672,11361235;639,7861605;656,7571563;684,9631357;831,7591425;814,7761355;814,9281159;764,8771327;782,8101224;873,7741372;990,6661297;395,5781701;313,7051645;376,7271617;292,9681590;578,10351536;305,11421339;303,7081635;338,9591601;528,11261528;464,5071672;435,6001642;626,8141611;372,9301568;758,11511225;505,4691710;719,11141253;739,9441426;711,8921443;662,9721347;650,7491611;702,7121555;705,7831546;771,10071112;737,6911507;871,9371088;715,7151492;756,6951441;925,9221121;893,9671041;943,6601338;953,8091326;1016,6321249;1013,5711336;1057,6591216;1026,5661307;
885,8501172;322,11371291;590,11311491;462,5391757;669,11291272;672,11361235;639,7861605;656,7571563;684,9631357;873,7741372;990,6661297;578,10351536;305,11421339;338,9591601;528,11261528;435,6001642;626,8141611;372,9301568;758,11511225;505,4691710;719,11141253;739,9441426;662,9721347;650,7491611;702,7121555;705,7831546;871,9371088;925,9221121;893,9671041;943,6601338;953,8091326;1016,6321249;1013,5711336;1057,6591216;1026,5661307;414,5651711;406,6291737;330,10011680;536,11061556;569,10641547;586,11771198;771,11631164;520,5431699;413,8241641;643,10621456;674,11101346;558,3631613;565,3851612;544,10971514;746,9381538;744,11131290;783,11111228;677,7261600;765,7811502;810,10061245;838,10371197;871,9041496;857,10321171;921,8241371;923,6361353;966,5651377;980,8171287;1062,5441343;985,7591217;
590,11311491;669,11291272;672,11361235;990,6661297;528,11261528;758,11511225;719,11141253;739,9441426;943,6601338;953,8091326;1057,6591216;771,11631164;643,10621456;674,11101346;746,9381538;744,11131290;783,11111228;838,10371197;871,9041496;980,8171287;985,7591217;433,8801742;369,10051794;351,10231749;443,12271503;541,13911274;525,14171336;348,10821696;610,5851817;412,9481666;635,13521168;617,6321706;546,8291651;618,11241568;667,13511118;580,8071792;681,9161553;590,12591232;636,10511566;628,10841535;734,1196930;870,8951597;923,9421408;878,8421638;912,8041586;919,9541260;778,11231126;803,10491100;926,9531302;1027,5471448;960,8331243;917,10331405;1066,6331428;1021,8461197;
----Iteration 4----
164,675341;161,699281;187,695315;3,579934;171,562879;123,539886;111,486895;166,587879;128,685343;214,514837;223,511818;215,484857;187,566850;140,632642;156,749285;265,515779;223,600815;353,422343;352,387373;351,410376;394,355402;467,359377;469,342366;621,554330;599,612311;
3,579934;171,562879;123,539886;111,486895;166,587879;214,514837;223,511818;215,484857;187,566850;140,632642;265,515779;223,600815;351,410376;621,554330;599,612311;30,648840;38,806632;167,754514;202,787478;132,788439;-487,674838;34,855665;215,431888;188,448934;181,592846;113,901627;264,487814;98,763788;295,603750;240,557785;274,854342;296,588772;485,692338;476,349500;655,514353;526,283496;595,584340;650,406442;698,518336;764,455320;701,594251;700,461369;
3,579934;171,562879;123,539886;111,486895;166,587879;214,514837;223,511818;215,484857;187,566850;265,515779;223,600815;30,648840;181,592846;113,901627;264,487814;98,763788;295,603750;240,557785;296,588772;698,518336;701,594251;700,461369;-47,693944;-23,688802;-48,697813;-71,787761;55,880693;411,1086421;-3,684939;-48,6741041;62,915677;451,1080409;232,459980;-38,675996;522,1071385;564,1063346;339,473914;147,676771;552,1049357;402,432891;412,506805;523,967489;448,428915;475,327891;477,413871;502,1072511;546,987463;481,1006570;587,923474;603,933275;560,271630;608,537597;645,713589;631,786430;658,761474;810,455336;783,472349;813,461290;
-48,6741041;564,1063346;147,676771;552,1049357;645,713589;41,6661033;52,1402989;22,14071016;45,1405989;130,1372944;91,1391979;513,1244484;539,1226508;170,991735;471,1207568;421,1224528;451,1053605;515,1206526;589,6221048;699,1024580;894,606741;1116,547429;935,611544;1019,576495;977,662478;1037,621474;1032,672465;1069,412433;
589,6221048;1116,547429;1019,576495;1037,621474;1032,672465;165,1490907;117,15121042;154,1520919;198,14381119;319,1445992;348,12721009;480,1377456;707,783936;634,969912;616,1044792;530,1208813;543,1245765;535,1260736;659,7881006;714,1075579;697,1133694;908,672743;990,708696;739,1035582;912,771646;767,1042543;955,692707;828,911479;972,864576;869,818602;1006,757461;1007,601505;1045,662462;1073,654453;
589,6221048;1116,547429;1019,576495;1037,621474;1032,672465;165,1490907;117,15121042;154,1520919;198,14381119;319,1445992;348,12721009;659,7881006;908,672743;990,708696;955,692707;972,864576;1006,757461;1007,601505;1045,662462;1073,654453;322,13851058;251,14371141;483,1477752;581,1473682;730,906974;585,1369702;585,1447648;584,1544577;671,1071957;595,1254827;602,1431622;742,779971;860,1149834;725,753978;763,1158791;857,1316737;891,688769;889,924869;873,985808;925,775733;863,975817;1040,620465;1084,726439;1100,645403;1085,682414;
1116,547429;1019,576495;1037,621474;1032,672465;319,1445992;990,708696;1006,757461;1045,662462;1073,654453;322,13851058;251,14371141;730,906974;584,1544577;671,1071957;860,1149834;889,924869;873,985808;863,975817;1040,620465;1084,726439;1100,645403;1085,682414;565,10511081;202,14241203;225,14831190;198,15131168;198,15521145;210,15921136;218,15621123;379,12781066;244,15241155;275,14961053;672,1504768;597,10441028;590,9981102;634,1147942;774,7601012;671,1062974;797,1300785;748,1291819;744,1354866;710,1534726;796,6921004;750,8081048;873,1332739;924,1230795;900,1323689;958,1257731;976,1229775;912,1321772;986,1162776;1013,642601;1147,664366;
319,1445992;322,13851058;198,15521145;210,15921136;218,15621123;379,12781066;244,15241155;590,9981102;744,1354866;873,1332739;924,1230795;958,1257731;976,1229775;912,1321772;347,9991175;350,10051129;467,13141057;283,13941139;256,15961079;358,9321204;395,9891140;388,10441111;275,15191204;744,1566861;413,13411058;292,13451086;614,1491884;666,11211085;743,11291074;711,11751029;528,1271908;841,1345904;868,1339856;716,9741147;765,1492764;891,10201059;894,1198914;855,1372680;908,9751012;942,1133949;919,1309831;950,1360723;992,1222788;1005,1201826;1056,1151702;1203,910529;1304,821402;1293,841437;1256,887403;1305,825388;
322,13851058;198,15521145;210,15921136;218,15621123;379,12781066;244,15241155;590,9981102;873,1332739;924,1230795;958,1257731;976,1229775;912,1321772;467,13141057;283,13941139;256,15961079;275,15191204;413,13411058;666,11211085;743,11291074;868,1339856;716,9741147;891,10201059;894,1198914;855,1372680;908,9751012;942,1133949;919,1309831;950,1360723;992,1222788;1005,1201826;443,10251246;489,10191273;488,10541217;514,12631179;318,13591158;753,1635830;760,1612866;473,9711281;257,16241055;731,15291049;712,15891023;746,9611207;801,14351008;800,1561926;833,1548865;890,9781092;802,1058996;869,1181964;848,1388971;940,9321046;893,986976;957,1357723;948,9231004;957,907990;987,938956;992,1318687;1000,1220875;1166,1088901;1141,1096881;1350,1120718;1265,1156803;1327,1165726;1249,1207690;
210,15921136;924,1230795;958,1257731;912,1321772;275,15191204;666,11211085;743,11291074;868,1339856;891,10201059;894,1198914;855,1372680;908,9751012;942,1133949;919,1309831;950,1360723;1005,1201826;443,10251246;489,10191273;488,10541217;753,1635830;760,1612866;473,9711281;257,16241055;712,15891023;746,9611207;801,14351008;800,1561926;833,1548865;890,9781092;869,1181964;848,1388971;940,9321046;893,986976;957,1357723;948,9231004;957,907990;987,938956;1000,1220875;1166,1088901;1141,1096881;1265,1156803;507,9971233;132,15471266;51,15561257;81,16221166;754,1649817;701,9321236;209,13771208;549,15851197;617,15361151;542,16211106;744,15431068;742,10181205;793,9291264;737,10431205;825,11131038;863,10791069;848,1393668;946,8171060;1019,8321057;920,936997;1020,1329679;956,1337754;1124,1121907;1240,1274701;1056,1319715;1253,1134862;1352,1230789;1403,1143853;1384,1267679;
----Iteration 5----
230,565712;470,515819;480,519782;473,522782;
230,565712;470,515819;480,519782;473,522782;-219,638507;-201,576611;204,602331;-102,5581021;522,511800;366,552752;501,547755;417,557746;601,422872;549,475775;567,434879;566,458913;551,470795;690,409867;
470,515819;501,547755;601,422872;567,434879;566,458913;690,409867;120,702769;31,6951035;44,7181021;106,735733;369,731662;78,6931005;447,2401022;308,578793;366,576719;433,729716;459,534804;500,573797;537,546795;566,533817;556,545782;678,345887;623,471863;667,389893;668,490849;716,423851;739,443850;
501,547755;566,458913;447,2401022;500,573797;537,546795;566,533817;556,545782;-32,5571092;94,6981052;66,6671057;49,5771070;103,5901058;181,9811041;448,875630;437,347929;413,793808;450,621845;426,856722;428,908676;453,127985;501,811680;466,113935;532,539915;604,739680;690,729753;795,444927;846,510875;754,519899;
181,9811041;448,875630;413,793808;426,856722;428,908676;501,811680;690,729753;795,444927;754,519899;230,9281050;243,9111083;196,9191101;200,9771068;22,10531080;84,7181169;206,9321088;186,9251142;183,9741075;249,9801025;149,10001070;310,8881009;284,9451044;410,6971033;326,8601022;388,967958;453,6911067;564,872649;627,654803;515,861673;766,4071066;693,4811135;732,779740;753,5891026;952,611885;930,611887;1048,517822;1033,602792;990,570863;1015,539837;
243,9111083;200,9771068;22,10531080;249,9801025;388,967958;453,6911067;766,4071066;693,4811135;753,5891026;1033,602792;129,7011294;161,6421362;222,9201134;239,9521096;186,10361211;235,6831342;70,7961323;206,9831014;494,1029858;203,6851277;290,8731119;373,9131079;389,9501048;299,9461072;339,5851178;647,4351173;420,6871085;443,7441050;565,891661;667,4471170;665,4601157;448,6941046;737,880786;699,4501056;825,868799;870,865722;811,708822;843,4871046;955,730707;1086,394967;1132,575860;920,771683;1036,4351042;1017,441983;1009,685875;1041,4131019;1075,3211050;1010,622961;1078,414959;1146,405954;
388,967958;753,5891026;70,7961323;373,9131079;389,9501048;443,7441050;737,880786;825,868799;870,865722;1086,394967;1132,575860;1036,4351042;1017,441983;1009,685875;1041,4131019;1010,622961;1078,414959;1146,405954;276,7221423;294,9611257;273,9661254;148,11011302;166,11261286;289,10891152;175,10841256;286,6761374;227,11381223;544,1082872;391,4441465;344,9221221;352,9621187;582,6531227;677,5161185;630,7281148;666,6981133;713,908811;610,4881221;869,758851;722,3811200;773,4881147;891,2741206;931,2231246;978,789760;945,5051081;1086,623917;1071,4001061;972,725809;1129,479935;1161,3881090;1217,472918;
753,5891026;1132,575860;1036,4351042;1017,441983;1009,685875;1041,4131019;1010,622961;1078,414959;1146,405954;294,9611257;273,9661254;148,11011302;166,11261286;289,10891152;175,10841256;227,11381223;544,1082872;582,6531227;677,5161185;630,7281148;666,6981133;713,908811;610,4881221;869,758851;773,4881147;891,2741206;931,2231246;978,789760;945,5051081;1086,623917;972,725809;1161,3881090;333,7121443;319,7491466;304,8111469;277,8281482;336,9021394;387,9241274;183,10501260;121,11181315;490,1126897;305,7471483;473,5571472;322,7341515;505,5561422;537,5101467;381,8421279;556,10811193;625,1086769;434,6711376;558,1094864;648,986873;640,1058816;724,4441570;748,8221007;807,943729;878,2791301;855,5621038;803,838846;907,1971258;830,4341115;909,892812;1022,637873;1024,795759;941,817716;1111,4091075;1057,768772;1180,547945;1097,732737;1175,3551126;1153,606800;1231,473950;
753,5891026;1132,575860;1036,4351042;1009,685875;1010,622961;148,11011302;166,11261286;175,10841256;227,11381223;544,1082872;713,908811;869,758851;891,2741206;931,2231246;945,5051081;1086,623917;972,725809;1161,3881090;333,7121443;319,7491466;304,8111469;277,8281482;121,11181315;490,1126897;305,7471483;473,5571472;322,7341515;505,5561422;537,5101467;556,10811193;434,6711376;558,1094864;648,986873;640,1058816;724,4441570;748,8221007;807,943729;878,2791301;855,5621038;803,838846;907,1971258;909,892812;1022,637873;941,817716;1180,547945;1175,3551126;1231,473950;402,6591622;360,10021433;236,10101532;441,1142883;404,5531612;239,9611479;649,4521541;481,10741326;522,10391324;483,11301159;628,1095785;485,10511346;525,9631240;755,986787;771,5071362;696,6701264;678,7801210;678,8541159;903,2371327;817,791856;885,897717;873,5151197;993,815780;1143,4281088;1172,709833;1208,5341023;1168,801798;1186,2601029;
1009,685875;1010,622961;148,11011302;166,11261286;175,10841256;227,11381223;544,1082872;713,908811;869,758851;1086,623917;972,725809;1161,3881090;121,11181315;556,10811193;558,1094864;648,986873;640,1058816;724,4441570;748,8221007;807,943729;803,838846;909,892812;1022,637873;1180,547945;1175,3551126;1231,473950;360,10021433;441,1142883;481,10741326;522,10391324;628,1095785;485,10511346;755,986787;696,6701264;903,2371327;885,897717;993,815780;1143,4281088;1172,709833;1208,5341023;1168,801798;642,5701631;404,8921695;310,10381646;252,10711485;403,12431115;416,7741640;513,8201628;409,9961529;492,11341172;657,5141559;614,6661536;555,7841634;613,9481346;544,10281277;711,4981505;768,6081496;684,8981227;874,956725;867,5421471;833,5821448;683,9421206;835,833890;881,4181340;952,2411274;958,4741256;966,704893;927,877694;997,4671223;973,4661273;1014,5491221;1151,3541176;1175,870761;1163,6141069;1218,3101099;
----Iteration 6----
-136,-54468;-110,-151420;-140,306746;-209,696685;-298,714581;-423,-227789;-304,702643;-155,67260;-191,483561;-207,513470;-107,386305;-150,511453;-122,475438;-91,292358;-13,390283;58,219190;160,216190;343,473-148;291,542-89;412,459-20;
-209,696685;-298,714581;-155,67260;291,542-89;-101,-167800;-283,713692;-259,713661;-182,650654;-96,-189777;-203,331878;-30,328750;-69,654550;1,638531;83,637522;-205,674650;-63,358701;291,512634;580,478389;93,633591;920,488318;
-69,654550;1,638531;83,637522;291,512634;580,478389;93,633591;920,488318;19,4321003;-177,715702;-180,744839;-183,780883;-210,826914;-228,801930;25,3831024;-118,697775;51,450848;40,370987;-110,595645;110,581557;119,613545;356,623413;81,424906;174,415765;146,569519;194,534509;243,370707;527,490378;595,473368;771,572276;807,546324;736,607257;790,462404;881,449390;908,423451;843,528356;889,398476;873,482359;916,525331;924,516289;
-69,654550;1,638531;291,512634;580,478389;-183,780883;-210,826914;-228,801930;356,623413;527,490378;736,607257;908,423451;843,528356;873,482359;916,525331;-62,4581199;34,4801062;-197,863866;19,4371166;-6,542899;92,4641100;103,603884;-16,662494;245,682441;-103,746854;100,4161027;139,500714;383,600395;227,637677;293,4081044;257,434996;424,625375;240,491758;353,353864;511,580480;750,522374;707,611246;637,427517;595,422574;620,471536;941,474431;719,415524;863,293524;867,588170;893,474481;933,580328;
291,512634;356,623413;736,607257;908,423451;843,528356;873,482359;916,525331;19,4371166;92,4641100;103,603884;245,682441;-103,746854;383,600395;227,637677;293,4081044;257,434996;424,625375;353,353864;511,580480;750,522374;707,611246;637,427517;595,422574;620,471536;941,474431;719,415524;893,474481;933,580328;-57,4651248;142,4811064;11,6841060;-153,8291039;-180,868883;10,3901175;-136,7521013;55,4631138;125,4681082;55,573986;163,592975;91,713828;17,722830;203,542971;245,4911021;193,565835;310,645529;323,376787;565,541496;359,276792;374,345630;825,506460;673,633306;804,663221;453,307706;570,406604;681,371526;870,617231;988,560204;872,273549;952,602222;921,361538;945,467424;
908,423451;843,528356;916,525331;511,580480;750,522374;637,427517;620,471536;941,474431;719,415524;893,474481;933,580328;565,541496;825,506460;804,663221;681,371526;988,560204;872,273549;952,602222;921,361538;945,467424;-113,4321310;-22,4791270;83,5031179;221,6981128;-50,8691073;-53,9001016;-109,957979;-74,1001932;-3,4541249;27,4581189;93,5131148;195,7361096;16,7241110;387,798843;184,850851;5,891603;251,6501142;414,718911;375,759947;211,808856;329,4991145;259,805690;428,374906;481,666709;709,731367;482,299768;573,468706;874,491486;604,513626;781,729339;775,301577;875,613355;846,235593;885,646257;1001,605179;938,356495;972,361484;
908,423451;916,525331;941,474431;893,474481;933,580328;988,560204;872,273549;952,602222;921,361538;945,467424;874,491486;775,301577;875,613355;846,235593;885,646257;1001,605179;938,356495;972,361484;-31,4351322;121,1169918;100,11831000;87,1185925;41,4511288;282,7971258;409,9141126;406,9481084;174,1171888;254,1085983;325,7641212;354,8401169;383,9781025;313,995953;483,6671268;614,6631182;417,8741072;620,813869;485,9551041;472,9761003;532,6981259;566,6401279;722,6791032;636,823835;841,801494;768,765500;735,356607;820,711558;825,879441;771,279600;857,644450;996,478259;1014,450194;
988,560204;1001,605179;121,1169918;100,11831000;87,1185925;282,7971258;409,9141126;406,9481084;174,1171888;325,7641212;354,8401169;383,9781025;483,6671268;620,813869;485,9551041;472,9761003;532,6981259;566,6401279;722,6791032;636,823835;-90,5171350;-121,5811434;85,7931301;176,10731260;147,10631283;142,11021042;13,5131359;304,10981196;389,4751325;350,7291289;223,10271271;344,10111163;436,3511298;473,8301158;601,5501234;656,8021194;454,9381121;678,5181282;629,6771213;682,5111275;725,812955;842,794825;896,959623;959,886563;957,846564;972,847518;1068,550427;
304,10981196;473,8301158;656,8021194;629,6771213;959,886563;957,846564;972,847518;211,6491550;263,10321368;231,10691317;232,10701309;116,11821320;180,12281310;401,8471464;296,10131341;202,10801300;378,10101336;363,10131327;424,10541023;399,10761064;277,11011221;610,7781264;411,9781306;466,9791195;776,1042578;630,5531292;611,5121327;586,8231361;687,5301286;737,5101317;741,8771146;786,9791091;824,1134475;847,967753;811,5231209;895,6691052;917,1017644;728,5801254;906,994742;865,807903;931,955542;1056,569719;1057,645412;1083,627436;1090,595368;
656,8021194;211,6491550;263,10321368;232,10701309;116,11821320;180,12281310;296,10131341;202,10801300;378,10101336;363,10131327;277,11011221;411,9781306;586,8231361;737,5101317;741,8771146;786,9791091;824,1134475;847,967753;811,5231209;895,6691052;728,5801254;906,994742;865,807903;931,955542;1056,569719;1083,627436;-13,9061542;258,10581485;241,10691506;92,11561332;66,12041319;174,5311566;432,9351474;329,11601217;256,11611171;477,9221450;493,9101489;483,11301196;601,7881383;538,8391422;570,9131336;571,9371284;698,10341142;631,1052987;824,1120517;750,4481407;717,6031383;644,8141318;635,8321275;679,7741183;887,1059693;777,4561368;801,4501376;854,3861451;991,6661104;815,810951;971,1069529;918,1023672;886,6051173;926,702920;955,779785;1028,894591;999,716775;1044,745746;996,755781;1100,718422;
----Iteration 7----
-11,243866;38,191859;-299,604723;-355,659726;-325,541725;-332,549761;-131,588367;5,632346;12,200868;-273,642679;-29,591359;35,238851;106,227810;94,89421;-32,587619;-106,794307;35,280721;99,88976;66,243780;-25,878137;121,911-27;173,656319;116,87350;98,890100;248,518672;177,673113;343,668-36;282,481707;431,445280;373,465216;
94,89421;-106,794307;99,88976;-25,878137;121,911-27;116,87350;98,890100;248,518672;282,481707;-400,4311028;-353,518959;-78,759428;-94,782425;-143,795520;-326,501946;-122,737465;-21,775297;-123,779592;200,570797;124,711869;295,800205;154,648738;303,741461;198,576918;247,707722;299,526551;444,629429;336,776-55;302,415608;305,422571;361,694-1;355,406564;502,424345;483,57895;486,441313;
-400,4311028;-326,501946;124,711869;198,576918;247,707722;483,57895;-401,447985;-444,499978;-306,712737;-167,977335;-399,4321007;-295,489963;-328,524965;2,1121324;228,3731053;-240,955506;46,1142310;218,640816;123,687890;104,1357186;190,651751;238,1320262;230,3401094;221,621818;135,709722;263,958305;226,3881086;363,300808;576,398533;391,907677;415,888717;460,823660;521,507660;471,869625;571,365582;
124,711869;247,707722;228,3731053;104,1357186;238,1320262;226,3881086;391,907677;415,888717;460,823660;471,869625;-346,772724;42,1162389;-44,5951023;218,1163340;288,4321045;152,5621139;147,6491006;142,723856;326,1309120;437,3211095;245,3451140;235,1313303;322,1271319;324,703919;384,1027457;417,406929;582,535711;488,1014517;431,893661;470,958561;609,422872;536,911524;704,626661;717,562646;
124,711869;391,907677;415,888717;471,869625;288,4321045;152,5621139;147,6491006;326,1309120;437,3211095;245,3451140;322,1271319;324,703919;417,406929;488,1014517;431,893661;470,958561;609,422872;536,911524;704,626661;717,562646;28,763869;59,792838;221,1185443;134,1323406;183,1367391;-17,875834;45,1333473;241,1342365;408,4231081;-66,932654;256,1183568;274,1294278;194,5131066;93,6711115;367,1288206;283,4271115;150,740856;141,972631;441,3491066;443,3871048;400,751781;421,1129536;382,1248226;489,3631024;415,1137490;465,676819;467,714801;503,546866;606,823776;848,406634;613,861454;884,384670;871,499490;834,582441;909,479609;
391,907677;415,888717;471,869625;152,5621139;326,1309120;245,3451140;322,1271319;488,1014517;431,893661;470,958561;536,911524;221,1185443;134,1323406;183,1367391;241,1342365;256,1183568;274,1294278;93,6711115;367,1288206;283,4271115;421,1129536;415,1137490;606,823776;613,861454;909,479609;-205,6091171;-46,787983;-83,815921;-10,1152884;99,1210875;8,1229860;-8,1281824;103,1338595;217,1400305;91,5291169;207,5311109;28,1168879;184,1252688;207,780899;117,1076728;102,1058807;281,1156596;408,1222345;401,1252293;420,1259218;285,796867;421,902650;297,1107603;527,7361054;464,815850;487,1090531;424,1114585;671,4651060;587,700970;690,4451099;703,4481064;676,5091047;598,6841056;556,910245;629,743724;778,5861014;853,658917;892,699909;
909,479609;99,1210875;28,1168879;487,1090531;690,4451099;598,6841056;778,5861014;892,699909;106,5341215;81,1161908;133,1345790;9,1358855;39,1379827;193,1445703;29,1269874;551,8721197;123,1163856;311,1246789;511,8781209;686,4551075;711,958931;802,5431064;595,1006925;584,10821172;461,1424723;799,7781001;608,1043877;638,980965;793,860862;861,778985;833,853924;756,909812;869,690943;
909,479609;99,1210875;892,699909;81,1161908;133,1345790;9,1358855;29,1269874;551,8721197;123,1163856;311,1246789;711,958931;802,5431064;595,1006925;584,10821172;461,1424723;799,7781001;608,1043877;638,980965;861,778985;756,909812;104,4681281;366,7471263;-94,11391182;-11,12071065;16,1293956;69,1348865;191,1515726;201,1490750;512,9181241;7,1263998;42,1457848;37,11131081;-7,11321099;42,1235984;416,1419778;612,6801205;441,1104920;345,1188826;104,1197888;541,1355767;651,6421152;636,9471045;498,1283787;714,5331159;617,9061080;508,1126838;735,1234728;727,1194807;750,1284723;745,6541113;800,5501078;731,1259748;811,7621057;844,902975;877,901979;897,1144803;
909,479609;551,8721197;711,958931;584,10821172;104,4681281;366,7471263;191,1515726;201,1490750;512,9181241;617,9061080;897,1144803;-115,9731596;-147,9881641;140,11811194;34,13021142;70,1333990;61,1508956;100,1501923;-71,9241567;138,1479946;138,1540908;-80,9401581;169,1443894;207,1482879;-69,9631435;-33,10971361;385,8211257;7,9771327;66,12871097;108,12671074;403,9341221;367,11411056;527,1367851;771,1439778;792,1371671;366,9391182;595,11101021;637,1259951;707,1325924;650,1231990;769,7791240;763,1270925;826,1273773;812,9501052;818,6991181;836,7241165;867,6531116;900,9211068;
584,10821172;191,1515726;201,1490750;897,1144803;-147,9881641;34,13021142;70,1333990;61,1508956;100,1501923;138,1479946;138,1540908;-80,9401581;169,1443894;207,1482879;66,12871097;771,1439778;792,1371671;595,11101021;637,1259951;707,1325924;763,1270925;826,1273773;867,6531116;-88,10011606;-163,10691547;11,12061516;-16,12481489;-6,13631162;-21,1406998;-10,9661570;242,12491167;0,9921534;41,12011489;27,13411147;175,12731378;314,1270966;384,12261105;688,12581014;767,1465812;564,8911398;577,12091047;653,1381924;796,1361784;765,1367872;865,8081247;823,9931285;868,1231801;854,1167833;934,9931114;884,1201754;904,8401115;
----Iteration 8----
286,335705;-146,628-401;-196,643-382;286,288773;114,497591;336,442260;167,60111;304,445266;237,546109;318,269814;257,461302;323,369646;306,416679;341,293687;336,404536;369,324682;409,401606;
288,728543;510,460697;484,518739;324,721533;457,552686;568,402776;563,425831;639,662666;626,350799;671,667409;661,267697;708,522496;774,404493;707,642407;699,424655;727,363509;767,412488;
563,425831;639,662666;318,321894;371,347849;354,314884;262,890172;381,305834;216,923451;486,832760;465,816787;663,636810;516,858687;694,599820;730,582800;759,539771;920,796656;
465,816787;516,858687;399,468954;395,491879;355,533910;291,550904;332,987634;362,492990;429,871729;433,373896;406,460918;726,755782;499,862763;897,877485;849,477705;942,906456;797,747873;859,487696;935,841658;1000,849581;973,866627;
516,858687;726,755782;897,877485;942,906456;797,747873;935,841658;1000,849581;973,866627;162,926956;278,945854;170,1056766;273,1034850;369,1048650;305,903859;535,746892;547,819824;330,876835;520,6981017;694,770827;630,811797;561,844678;501,895776;670,6811116;763,6251032;652,790850;561,807822;796,571981;804,566982;835,627979;764,751762;830,808697;885,916396;881,649825;876,736740;918,842641;917,610811;947,784728;1037,750710;992,731724;989,832638;
942,906456;935,841658;1000,849581;973,866627;162,926956;170,1056766;273,1034850;369,1048650;763,6251032;918,842641;947,784728;1037,750710;992,731724;989,832638;270,941873;305,1002856;285,1134676;247,1141640;297,1113614;639,7451106;281,918858;320,938825;384,1012520;675,7111144;698,7581041;641,972530;964,4881044;905,8031008;945,902548;979,6801014;906,943584;934,711970;864,911945;959,6161133;1008,720845;1109,662826;1142,693783;1094,728793;1168,655734;
170,1056766;273,1034850;369,1048650;947,784728;1037,750710;270,941873;305,1002856;285,1134676;247,1141640;639,7451106;675,7111144;698,7581041;905,8031008;979,6801014;934,711970;864,911945;959,6161133;1008,720845;1109,662826;1142,693783;1168,655734;661,7351053;413,837992;246,962984;264,1017977;228,1033934;318,1053800;300,1116763;239,1053846;329,1132631;654,7671046;275,905952;391,1043592;812,6921159;933,7701040;890,938944;1016,984667;979,4461116;937,890687;1023,640969;970,6681058;1103,590965;1083,624870;1122,736808;
369,1048650;285,1134676;905,8031008;979,6801014;934,711970;959,6161133;318,1053800;239,1053846;329,1132631;391,1043592;812,6921159;933,7701040;979,4461116;1023,640969;970,6681058;661,7481149;348,9421135;310,10001104;229,1043855;136,1077847;272,1152768;300,1131772;279,1160657;563,6641162;440,10371058;721,7161155;628,7901117;493,9141158;726,1017895;556,1025674;474,1029551;704,7791100;876,861968;980,1017597;911,5411193;962,982821;980,1006631;990,1027594;992,999639;1098,994713;1127,6271009;1200,966879;1164,961962;1167,981904;1233,908893;1205,948899;
959,6161133;812,6921159;661,7481149;348,9421135;310,10001104;272,1152768;279,1160657;440,10371058;721,7161155;628,7901117;493,9141158;704,7791100;911,5411193;1200,966879;1164,961962;1167,981904;1233,908893;1205,948899;698,7021183;526,9301149;445,10491043;538,1141908;615,1126796;782,7191145;754,1080912;828,6551082;809,6851196;936,9201057;735,1039947;978,5121224;965,994840;1054,4731276;983,5911117;1102,4451131;1027,4911189;1128,8391024;1089,8801060;1213,1010789;1234,981818;1201,1087738;1181,8041016;1167,6141043;1197,1059791;1316,891812;
959,6161133;812,6921159;310,10001104;721,7161155;628,7901117;493,9141158;704,7791100;1200,966879;1164,961962;1167,981904;1233,908893;1205,948899;698,7021183;526,9301149;538,1141908;754,1080912;809,6851196;936,9201057;735,1039947;978,5121224;965,994840;1054,4731276;983,5911117;1102,4451131;1027,4911189;1128,8391024;1089,8801060;1213,1010789;1234,981818;1201,1087738;1181,8041016;1167,6141043;1197,1059791;1316,891812;758,6061252;462,9661169;455,10821060;437,1156995;449,1231907;450,1223841;527,1189920;457,1203965;915,6571209;570,9341120;684,9551071;553,10431054;926,7771151;1062,3931157;1114,5761118;938,9581039;967,1206820;1095,845998;1188,1089778;1036,1086824;1141,4661120;1298,4671082;1213,825961;1202,725997;1212,1044769;1297,913668;1337,882768;1317,658812;1376,561660;1442,681604;1410,646625;1440,667623;
----Iteration 9----
-209,151697;-241,164713;-14,269568;-65,-18818;-55,-59887;823,614104;666,729496;810,805204;
-55,-59887;823,614104;-41,373706;168,326809;201,249752;75,74824;53,345752;346,362731;632,886555;741,835151;717,838553;723,729574;735,707526;773,820306;774,661482;788,624459;812,806317;
168,326809;717,838553;788,624459;58,1491054;49,1581016;124,166927;98,1431042;75,209898;-27,485729;173,151953;222,152841;153,162938;-15,488649;332,88834;705,923594;578,973550;364,73789;664,144700;659,460775;831,840360;641,835626;744,877550;749,883549;790,424566;865,827416;774,772625;901,794430;
58,1491054;49,1581016;98,1431042;705,923594;578,973550;659,460775;865,827416;115,1421001;689,939568;774,924592;706,965561;581,871954;502,577956;632,524870;759,880705;756,874751;717,341789;683,344832;763,856675;868,785661;855,852437;868,872356;774,494733;903,712650;877,760650;1004,798319;960,800483;949,720491;
58,1491054;705,923594;578,973550;659,460775;774,924592;706,965561;581,871954;502,577956;632,524870;759,880705;756,874751;717,341789;683,344832;763,856675;774,494733;960,800483;949,720491;601,892733;621,939644;222,4221050;580,945615;287,769962;600,817817;575,965875;710,886686;749,964589;897,909536;675,383825;922,823696;882,718727;979,933436;948,736565;1015,882479;
58,1491054;774,924592;706,965561;581,871954;759,880705;756,874751;601,892733;222,4221050;600,817817;575,965875;749,964589;979,933436;1015,882479;160,471076;234,4581010;723,958642;516,2341004;505,870995;734,950707;761,868715;813,921621;632,376985;952,861701;908,931544;840,810905;873,788890;881,975551;984,703830;991,731820;1126,890472;951,902441;1030,668859;1080,787721;1074,821734;1123,824691;
575,965875;505,870995;873,788890;984,703830;991,731820;1126,890472;1080,787721;1074,821734;1123,824691;472,1083884;490,1014912;545,1001911;462,1001950;593,1011777;669,8671168;745,7061252;742,8181097;711,8011236;727,7981153;984,984583;730,8051116;749,923795;909,7471113;1012,975710;1024,982697;850,884987;1102,691871;1099,935494;1185,803686;1060,715798;1184,766716;1181,875564;1170,700760;
991,731820;1126,890472;1080,787721;1074,821734;1123,824691;472,1083884;462,1001950;669,8671168;745,7061252;742,8181097;711,8011236;727,7981153;984,984583;730,8051116;909,7471113;1012,975710;1024,982697;1102,691871;1185,803686;1060,715798;1184,766716;1181,875564;1170,700760;423,974959;482,978952;509,1025888;710,1070795;716,1025626;724,8161113;704,8401121;789,7721108;966,994590;763,8451078;767,7931133;1064,932765;860,9231032;964,1016932;1008,673980;987,701953;1052,708847;1045,936734;1057,647949;1099,952575;1103,902699;1129,609918;1100,669903;1197,670782;1184,863588;
1123,824691;472,1083884;669,8671168;745,7061252;711,8011236;727,7981153;984,984583;909,7471113;1012,975710;1024,982697;1102,691871;1185,803686;1184,766716;1170,700760;710,1070795;704,8401121;966,994590;767,7931133;1064,932765;860,9231032;964,1016932;987,701953;1103,902699;1197,670782;567,3421262;504,8351200;465,8491216;456,8791107;513,1027982;692,1112824;597,3401292;683,8341204;470,9391025;742,1047703;865,6471123;839,8691118;880,8831088;1050,971939;941,7551040;1078,681972;1031,848944;1054,951900;1067,686994;1209,947646;1073,760906;1121,877737;1145,683954;1193,673919;1234,903653;1199,972622;
472,1083884;669,8671168;745,7061252;711,8011236;727,7981153;1185,803686;710,1070795;704,8401121;767,7931133;964,1016932;465,8491216;513,1027982;692,1112824;683,8341204;839,8691118;880,8831088;1050,971939;1209,947646;1073,760906;1193,673919;1234,903653;1199,972622;642,5641383;617,5701367;505,8761207;481,9171073;449,1048936;672,6081346;721,5471389;722,5591362;456,8821168;886,9621056;745,5071308;949,7741124;795,1055753;824,7101243;971,1044929;917,8061067;1041,930975;1059,1024888;975,7671066;1167,1000769;1035,7471208;1058,956968;1072,898919;1170,1096739;1093,7451132;1115,7451130;1161,7221010;1146,866834;1188,713960;1177,886822;1256,780784;1243,914608;1284,747816;
