----Iteration 0----
x_Moead=[587, 498, 623, 568, 526, 355, 762, 721, 646, 732, 900, 889, 933, 975, 567, 519, 520, 520, 459, 759, 689, 809, 605, 594, 893, 734, 767, 915, 896, 985, 947, 920, 963, 1040, 1086, 1101, 1132, 1190, 1259]
y_Moead=[1307, 1297, 1295, 1345, 1365, 1439, 1425, 1463, 1272, 1275, 1076, 1134, 1073, 1031, 1104, 1315, 1357, 1380, 1467, 1448, 1433, 1448, 1246, 1383, 1223, 1226, 1296, 1432, 1108, 1263, 1292, 1305, 1037, 1204, 1165, 1243, 1283, 993, 1249]
z_Moead=[1018, 1098, 980, 1019, 1042, 1036, 917, 879, 1066, 976, 1032, 1116, 1046, 1010, 1284, 1083, 1050, 1029, 1029, 902, 924, 857, 1176, 1006, 1087, 1273, 940, 880, 1038, 891, 931, 893, 1058, 944, 964, 912, 813, 913, 903]
----Iteration 1----
x_Moead=[663, 837, 873, 707, 434, 689, 719, 938, 1065, 1032, 592, 103, 663, 652, 418, 645, 636, 586, 665, 662, 780, 781, 818, 866, 928, 837, 882, 869, 913, 973, 1000, 1145, 591, 494, 361, 78, 212, 236, 635, 637, 693, 625, 578, 795, 788, 690, 763, 798, 835, 746, 726, 792, 1012, 895, 986, 924, 1056, 1043, 1024, 1122, 1025, 1100]
y_Moead=[949, 971, 904, 941, 983, 756, 937, 905, 768, 757, 776, 910, 754, 1044, 1030, 755, 857, 886, 937, 833, 940, 901, 902, 905, 940, 819, 832, 722, 765, 817, 772, 755, 777, 909, 1168, 1216, 1195, 1221, 827, 1220, 1186, 877, 956, 652, 705, 947, 1068, 634, 656, 801, 923, 918, 952, 675, 960, 570, 886, 788, 918, 706, 865, 786]
z_Moead=[1161, 588, 973, 1159, 1033, 1270, 1085, 824, 973, 1001, 1484, 1447, 1478, 1005, 1009, 1456, 1364, 1279, 1198, 1368, 1005, 1112, 1074, 969, 833, 1106, 1034, 1083, 1075, 1068, 1046, 927, 1529, 1481, 1411, 1266, 1111, 1099, 1477, 991, 796, 1375, 1212, 1437, 1346, 1017, 758, 1331, 1294, 1206, 1040, 957, 612, 1285, 585, 1220, 620, 861, 600, 944, 963, 883]
----Iteration 2----
x_Moead=[519, 620, 566, 1119, 1190, 591, 305, 436, 570, 867, 1107, 1176, 1089, 1187, 1285, 1167, 606, 766, 731, 546, 756, 862, 842, 819, 789, 953, 985, 852, 826, 844, 1220, 1188, 1238, 1278, 827, 354, 460, 459, 442, 556, 501, 568, 725, 727, 976, 809, 995, 801, 955, 865, 970, 954, 895, 1033, 906, 996, 1021, 1081, 1063, 1111, 1152, 1139, 1237, 1363, 1260, 1221, 1388]
y_Moead=[827, 778, 800, 394, 371, 860, 777, 847, 700, 200, 531, 457, 313, 357, 264, 530, 215, 272, 497, 744, 768, 222, 590, 659, 749, 153, 200, 230, 623, 650, 448, 258, 258, 347, 279, 677, 729, 815, 846, 890, 663, 840, 380, 777, 208, 367, 550, 651, 695, 745, 219, 725, 744, 421, 569, 693, 737, 386, 463, 646, 174, 255, 471, 234, 237, 401, 212]
z_Moead=[665, 407, 659, 838, 831, 581, 938, 666, 753, 1380, 726, 824, 972, 870, 836, 713, 1405, 1404, 1296, 751, 359, 1403, 1028, 884, 332, 1321, 1275, 1379, 817, 785, 775, 905, 877, 847, 1401, 1318, 1259, 852, 807, 586, 1262, 607, 1322, 520, 1317, 1392, 1138, 1061, 731, 340, 1300, 586, 239, 1162, 865, 584, 577, 1152, 852, 537, 967, 935, 761, 782, 940, 814, 741]
----Iteration 3----
x_Moead=[590, 669, 672, 990, 528, 758, 719, 739, 943, 953, 1057, 771, 643, 674, 746, 744, 783, 838, 871, 980, 985, 433, 369, 351, 443, 541, 525, 348, 610, 412, 635, 617, 546, 618, 667, 580, 681, 590, 636, 628, 734, 870, 923, 878, 912, 919, 778, 803, 926, 1027, 960, 917, 1066, 1021]
y_Moead=[1131, 1129, 1136, 666, 1126, 1151, 1114, 944, 660, 809, 659, 1163, 1062, 1110, 938, 1113, 1111, 1037, 904, 817, 759, 880, 1005, 1023, 1227, 1391, 1417, 1082, 585, 948, 1352, 632, 829, 1124, 1351, 807, 916, 1259, 1051, 1084, 1196, 895, 942, 842, 804, 954, 1123, 1049, 953, 547, 833, 1033, 633, 846]
z_Moead=[1491, 1272, 1235, 1297, 1528, 1225, 1253, 1426, 1338, 1326, 1216, 1164, 1456, 1346, 1538, 1290, 1228, 1197, 1496, 1287, 1217, 1742, 1794, 1749, 1503, 1274, 1336, 1696, 1817, 1666, 1168, 1706, 1651, 1568, 1118, 1792, 1553, 1232, 1566, 1535, 930, 1597, 1408, 1638, 1586, 1260, 1126, 1100, 1302, 1448, 1243, 1405, 1428, 1197]
----Iteration 4----
x_Moead=[210, 924, 958, 912, 275, 666, 743, 868, 891, 894, 855, 908, 942, 919, 950, 1005, 443, 489, 488, 753, 760, 473, 257, 712, 746, 801, 800, 833, 890, 869, 848, 940, 893, 957, 948, 957, 987, 1000, 1166, 1141, 1265, 507, 132, 51, 81, 754, 701, 209, 549, 617, 542, 744, 742, 793, 737, 825, 863, 848, 946, 1019, 920, 1020, 956, 1124, 1240, 1056, 1253, 1352, 1403, 1384]
y_Moead=[1592, 1230, 1257, 1321, 1519, 1121, 1129, 1339, 1020, 1198, 1372, 975, 1133, 1309, 1360, 1201, 1025, 1019, 1054, 1635, 1612, 971, 1624, 1589, 961, 1435, 1561, 1548, 978, 1181, 1388, 932, 986, 1357, 923, 907, 938, 1220, 1088, 1096, 1156, 997, 1547, 1556, 1622, 1649, 932, 1377, 1585, 1536, 1621, 1543, 1018, 929, 1043, 1113, 1079, 1393, 817, 832, 936, 1329, 1337, 1121, 1274, 1319, 1134, 1230, 1143, 1267]
z_Moead=[1136, 795, 731, 772, 1204, 1085, 1074, 856, 1059, 914, 680, 1012, 949, 831, 723, 826, 1246, 1273, 1217, 830, 866, 1281, 1055, 1023, 1207, 1008, 926, 865, 1092, 964, 971, 1046, 976, 723, 1004, 990, 956, 875, 901, 881, 803, 1233, 1266, 1257, 1166, 817, 1236, 1208, 1197, 1151, 1106, 1068, 1205, 1264, 1205, 1038, 1069, 668, 1060, 1057, 997, 679, 754, 907, 701, 715, 862, 789, 853, 679]
----Iteration 5----
x_Moead=[1009, 1010, 148, 166, 175, 227, 544, 713, 869, 1086, 972, 1161, 121, 556, 558, 648, 640, 724, 748, 807, 803, 909, 1022, 1180, 1175, 1231, 360, 441, 481, 522, 628, 485, 755, 696, 903, 885, 993, 1143, 1172, 1208, 1168, 642, 404, 310, 252, 403, 416, 513, 409, 492, 657, 614, 555, 613, 544, 711, 768, 684, 874, 867, 833, 683, 835, 881, 952, 958, 966, 927, 997, 973, 1014, 1151, 1175, 1163, 1218]
y_Moead=[685, 622, 1101, 1126, 1084, 1138, 1082, 908, 758, 623, 725, 388, 1118, 1081, 1094, 986, 1058, 444, 822, 943, 838, 892, 637, 547, 355, 473, 1002, 1142, 1074, 1039, 1095, 1051, 986, 670, 237, 897, 815, 428, 709, 534, 801, 570, 892, 1038, 1071, 1243, 774, 820, 996, 1134, 514, 666, 784, 948, 1028, 498, 608, 898, 956, 542, 582, 942, 833, 418, 241, 474, 704, 877, 467, 466, 549, 354, 870, 614, 310]
z_Moead=[875, 961, 1302, 1286, 1256, 1223, 872, 811, 851, 917, 809, 1090, 1315, 1193, 864, 873, 816, 1570, 1007, 729, 846, 812, 873, 945, 1126, 950, 1433, 883, 1326, 1324, 785, 1346, 787, 1264, 1327, 717, 780, 1088, 833, 1023, 798, 1631, 1695, 1646, 1485, 1115, 1640, 1628, 1529, 1172, 1559, 1536, 1634, 1346, 1277, 1505, 1496, 1227, 725, 1471, 1448, 1206, 890, 1340, 1274, 1256, 893, 694, 1223, 1273, 1221, 1176, 761, 1069, 1099]
----Iteration 6----
x_Moead=[656, 211, 263, 232, 116, 180, 296, 202, 378, 363, 277, 411, 586, 737, 741, 786, 824, 847, 811, 895, 728, 906, 865, 931, 1056, 1083, -13, 258, 241, 92, 66, 174, 432, 329, 256, 477, 493, 483, 601, 538, 570, 571, 698, 631, 824, 750, 717, 644, 635, 679, 887, 777, 801, 854, 991, 815, 971, 918, 886, 926, 955, 1028, 999, 1044, 996, 1100]
y_Moead=[802, 649, 1032, 1070, 1182, 1228, 1013, 1080, 1010, 1013, 1101, 978, 823, 510, 877, 979, 1134, 967, 523, 669, 580, 994, 807, 955, 569, 627, 906, 1058, 1069, 1156, 1204, 531, 935, 1160, 1161, 922, 910, 1130, 788, 839, 913, 937, 1034, 1052, 1120, 448, 603, 814, 832, 774, 1059, 456, 450, 386, 666, 810, 1069, 1023, 605, 702, 779, 894, 716, 745, 755, 718]
z_Moead=[1194, 1550, 1368, 1309, 1320, 1310, 1341, 1300, 1336, 1327, 1221, 1306, 1361, 1317, 1146, 1091, 475, 753, 1209, 1052, 1254, 742, 903, 542, 719, 436, 1542, 1485, 1506, 1332, 1319, 1566, 1474, 1217, 1171, 1450, 1489, 1196, 1383, 1422, 1336, 1284, 1142, 987, 517, 1407, 1383, 1318, 1275, 1183, 693, 1368, 1376, 1451, 1104, 951, 529, 672, 1173, 920, 785, 591, 775, 746, 781, 422]
----Iteration 7----
x_Moead=[584, 191, 201, 897, -147, 34, 70, 61, 100, 138, 138, -80, 169, 207, 66, 771, 792, 595, 637, 707, 763, 826, 867, -88, -163, 11, -16, -6, -21, -10, 242, 0, 41, 27, 175, 314, 384, 688, 767, 564, 577, 653, 796, 765, 865, 823, 868, 854, 934, 884, 904]
y_Moead=[1082, 1515, 1490, 1144, 988, 1302, 1333, 1508, 1501, 1479, 1540, 940, 1443, 1482, 1287, 1439, 1371, 1110, 1259, 1325, 1270, 1273, 653, 1001, 1069, 1206, 1248, 1363, 1406, 966, 1249, 992, 1201, 1341, 1273, 1270, 1226, 1258, 1465, 891, 1209, 1381, 1361, 1367, 808, 993, 1231, 1167, 993, 1201, 840]
z_Moead=[1172, 726, 750, 803, 1641, 1142, 990, 956, 923, 946, 908, 1581, 894, 879, 1097, 778, 671, 1021, 951, 924, 925, 773, 1116, 1606, 1547, 1516, 1489, 1162, 998, 1570, 1167, 1534, 1489, 1147, 1378, 966, 1105, 1014, 812, 1398, 1047, 924, 784, 872, 1247, 1285, 801, 833, 1114, 754, 1115]
----Iteration 8----
x_Moead=[959, 812, 310, 721, 628, 493, 704, 1200, 1164, 1167, 1233, 1205, 698, 526, 538, 754, 809, 936, 735, 978, 965, 1054, 983, 1102, 1027, 1128, 1089, 1213, 1234, 1201, 1181, 1167, 1197, 1316, 758, 462, 455, 437, 449, 450, 527, 457, 915, 570, 684, 553, 926, 1062, 1114, 938, 967, 1095, 1188, 1036, 1141, 1298, 1213, 1202, 1212, 1297, 1337, 1317, 1376, 1442, 1410, 1440]
y_Moead=[616, 692, 1000, 716, 790, 914, 779, 966, 961, 981, 908, 948, 702, 930, 1141, 1080, 685, 920, 1039, 512, 994, 473, 591, 445, 491, 839, 880, 1010, 981, 1087, 804, 614, 1059, 891, 606, 966, 1082, 1156, 1231, 1223, 1189, 1203, 657, 934, 955, 1043, 777, 393, 576, 958, 1206, 845, 1089, 1086, 466, 467, 825, 725, 1044, 913, 882, 658, 561, 681, 646, 667]
z_Moead=[1133, 1159, 1104, 1155, 1117, 1158, 1100, 879, 962, 904, 893, 899, 1183, 1149, 908, 912, 1196, 1057, 947, 1224, 840, 1276, 1117, 1131, 1189, 1024, 1060, 789, 818, 738, 1016, 1043, 791, 812, 1252, 1169, 1060, 995, 907, 841, 920, 965, 1209, 1120, 1071, 1054, 1151, 1157, 1118, 1039, 820, 998, 778, 824, 1120, 1082, 961, 997, 769, 668, 768, 812, 660, 604, 625, 623]
----Iteration 9----
x_Moead=[472, 669, 745, 711, 727, 1185, 710, 704, 767, 964, 465, 513, 692, 683, 839, 880, 1050, 1209, 1073, 1193, 1234, 1199, 642, 617, 505, 481, 449, 672, 721, 722, 456, 886, 745, 949, 795, 824, 971, 917, 1041, 1059, 975, 1167, 1035, 1058, 1072, 1170, 1093, 1115, 1161, 1146, 1188, 1177, 1256, 1243, 1284]
y_Moead=[1083, 867, 706, 801, 798, 803, 1070, 840, 793, 1016, 849, 1027, 1112, 834, 869, 883, 971, 947, 760, 673, 903, 972, 564, 570, 876, 917, 1048, 608, 547, 559, 882, 962, 507, 774, 1055, 710, 1044, 806, 930, 1024, 767, 1000, 747, 956, 898, 1096, 745, 745, 722, 866, 713, 886, 780, 914, 747]
z_Moead=[884, 1168, 1252, 1236, 1153, 686, 795, 1121, 1133, 932, 1216, 982, 824, 1204, 1118, 1088, 939, 646, 906, 919, 653, 622, 1383, 1367, 1207, 1073, 936, 1346, 1389, 1362, 1168, 1056, 1308, 1124, 753, 1243, 929, 1067, 975, 888, 1066, 769, 1208, 968, 919, 739, 1132, 1130, 1010, 834, 960, 822, 784, 608, 816]
----End of Run----
