----Iteration 4----
x_Moead_Rfts=[425, 209, 315, 298, 394, 169, -17, 207, 6, 77, 219, 275, 591, 613, 383, 375, 364, 435, 688, 851, 735, 948, 909, 1100, 989, 1047, 1215, 1132, 1098, 1208, 1231, 1118, 140, 110, 196, -95, -31, 724, 370, -33, 473, 627, 493, 340, 233, 366, 378, 659, 629, 622, 617, 1037, 836, 759, 890, 953, 999, 1006, 934, 1019, 1016, 1063, 1193, 1112, 1095, 1176, 1258, 1102, 1208, 1244, 1241, 1284]
y_Moead_Rfts=[1199, 1296, 1235, 971, 1172, 1028, 1166, 1122, 1164, 1289, 1013, 1124, 1291, 1344, 914, 939, 1229, 1039, 945, 1192, 1336, 503, 530, 1172, 580, 604, 856, 961, 1070, 895, 953, 1002, 1045, 1060, 1143, 1198, 1230, 1384, 888, 1168, 839, 861, 972, 1154, 1282, 1205, 1226, 1364, 873, 885, 1013, 1281, 616, 691, 896, 1094, 547, 544, 862, 539, 1139, 1156, 802, 1216, 642, 855, 892, 1064, 1160, 918, 933, 898]
z_Moead_Rfts=[685, 794, 706, 1452, 779, 1523, 1367, 1389, 1289, 924, 1504, 1266, 552, 427, 1427, 1452, 698, 1283, 1296, 727, 252, 1469, 1482, 434, 1421, 1363, 1215, 1154, 952, 1220, 1110, 1192, 1494, 1459, 1426, 1311, 1263, 264, 1498, 1372, 1446, 1439, 1424, 1201, 1051, 880, 810, 373, 1383, 1380, 1251, 537, 1399, 1318, 1247, 1127, 1446, 1468, 1276, 1439, 1105, 1063, 1285, 362, 1332, 1269, 1191, 1041, 611, 1083, 1034, 1078]
----Iteration 2----
x_Moead_Rfts=[869, 1098, 762, 484, 757, 579, 509, 912, 852, 954, 919, 901, 1064, 645, 287, 406, 455, 701, 602, 279, 665, 455, 637, 577, 898, 822, 930, 965, 1049, 1000, 1056, 1177, 1043, 1118, 1184, 1146, 1181, 1154, 1208, 1213]
y_Moead_Rfts=[409, 490, 429, 962, 454, 631, 956, 1096, 445, 1076, 337, 1154, 431, 316, 429, 904, 1190, 478, 931, 1044, 495, 884, 659, 753, 371, 606, 1075, 269, 1058, 267, 402, 1025, 289, 1022, 876, 996, 968, 1005, 923, 907]
z_Moead_Rfts=[1344, 1301, 1462, 1350, 1462, 1550, 1366, 1001, 1422, 978, 1404, 1129, 1323, 1562, 1610, 1526, 1218, 1530, 1375, 1353, 1550, 1446, 1445, 1493, 1414, 1456, 1028, 1473, 1341, 1419, 1327, 1252, 1373, 1298, 1285, 1283, 1269, 1278, 1247, 1185]
----Iteration 3----
x_Moead_Rfts=[218, 585, 645, 46, 457, 313, 343, 400, 578, 589, 436, 805, 62, -198, 42, -9, 163, 193, 77, 177, 231, 511, 338, 403, 608, 421, 561, 438, 599, 575, 597, 738, 657, 782, 930, 927, 968, 920, -10, 3, -228, -95, 196, 3, 251, -59, 10, 108, 437, 552, 442, 361, 534, 588, 620, 447, 576, 620, 633, 877, 737, 700, 917, 779, 809, 968, 912, 950, 1093, 1043, 1117, 964]
y_Moead_Rfts=[778, 799, 771, 1156, 1155, 799, 932, 769, 639, 698, 1090, 766, 774, 927, 980, 1227, 1378, 1342, 1136, 1218, 1298, 1286, 1239, 964, 637, 1065, 1225, 1048, 1101, 1203, 1126, 688, 602, 747, 723, 743, 739, 922, 770, 810, 979, 1346, 1342, 796, 1111, 1373, 1299, 668, 1287, 1231, 711, 924, 1249, 1194, 555, 924, 915, 1136, 1090, 706, 1035, 639, 721, 1057, 1104, 621, 1089, 614, 644, 605, 652, 896]
z_Moead_Rfts=[1335, 1013, 966, 1185, 817, 1325, 1159, 1127, 1203, 1164, 920, 922, 1363, 1350, 1344, 1220, 921, 879, 1164, 1055, 836, 704, 821, 1126, 1233, 1065, 704, 884, 821, 635, 760, 1120, 1303, 1097, 992, 943, 979, 742, 1544, 1475, 1507, 1312, 804, 1541, 1270, 1205, 1185, 1458, 678, 720, 1311, 1230, 810, 802, 1306, 1089, 1063, 703, 834, 1109, 938, 1138, 1032, 880, 757, 1212, 878, 1214, 1118, 1166, 1110, 857]
----Iteration 6----
x_Moead_Rfts=[452, 424, 337, 416, 319, 478, 481, 393, 487, 534, 593, 587, 628, 811, 858, 802, 908, 998, 896, 906, 959, 966, 1083, 422, 269, 473, 453, 392, 454, 488, 490, 461, 658, 376, 479, 523, 532, 559, 658, 685, 815, 890, 627, 887, 850, 922, 835, 900, 891, 987, 955, 987, 994, 979, 1028, 1036, 1051, 1062]
y_Moead_Rfts=[1489, 1537, 1398, 1523, 1574, 1603, 1372, 1390, 1571, 1389, 1464, 1328, 1409, 752, 715, 829, 1299, 752, 1205, 1335, 1271, 1284, 965, 1256, 1305, 1411, 1488, 1587, 1620, 1225, 1357, 1525, 829, 1288, 1455, 1543, 1003, 949, 1013, 1252, 1314, 1381, 1459, 1296, 1371, 1394, 817, 1156, 1247, 1368, 1370, 651, 1371, 1147, 693, 1043, 666, 879]
z_Moead_Rfts=[919, 918, 1198, 1072, 897, 851, 1229, 1237, 877, 1142, 673, 1074, 745, 1200, 1245, 1207, 995, 1093, 1037, 970, 932, 874, 962, 1350, 1246, 1183, 1080, 890, 838, 1442, 1236, 905, 1376, 1298, 1171, 799, 1331, 1322, 1292, 1171, 1011, 932, 684, 1047, 972, 895, 1189, 1081, 1091, 872, 832, 1247, 825, 945, 1214, 1043, 1175, 997]
----Iteration 1----
x_Moead_Rfts=[1384, 1399, 1418, 572, 611, 1342, 580, 618, 528, 561, 789, 515, 834, 955, 868, 1127, 1320, 1294, 1448, 402, 470, 460, 546, 585, 604, 748, 550, 566, 816, 796, 1086, 690, 778, 800, 667, 787, 913, 1031, 1262, 1225, 1224, 1139, 1173, 1383, 1289, 1265, 1318, 1346, 1359, 1350, 1365, 1377]
y_Moead_Rfts=[917, 861, 905, 1215, 1300, 734, 1498, 1537, 1207, 1457, 1579, 1365, 1099, 1319, 1041, 943, 641, 817, 720, 1349, 1399, 1425, 1478, 1550, 1591, 1564, 1456, 1407, 1541, 1529, 718, 1040, 1217, 1247, 1306, 1454, 1393, 738, 998, 732, 808, 1304, 1260, 1067, 1253, 758, 1249, 679, 1002, 1207, 660, 1165]
z_Moead_Rfts=[502, 596, 495, 1151, 951, 846, 944, 820, 1184, 979, 697, 1128, 965, 671, 902, 1146, 1046, 896, 763, 1360, 1357, 1216, 1092, 929, 894, 806, 1057, 1004, 793, 796, 1429, 1350, 1021, 974, 818, 806, 712, 1410, 1096, 1302, 1278, 763, 386, 709, 755, 1097, 718, 1033, 829, 718, 996, 723]
----Iteration 5----
x_Moead_Rfts=[1224, 435, 827, 715, 754, 913, 970, 1005, 1079, 1164, 1326, 1237, 559, 533, 471, 467, 590, 621, 536, 367, 496, 641, 753, 572, 835, 789, 999, 1091, 860, 1022, 1047, 1099, 1142, 1129, 1173, 1168, 1189, 1180, 1307, 497, 479, 416, 433, 533, 437, 670, 672, 612, 495, 468, 781, 578, 647, 570, 561, 925, 891, 1014, 746, 930, 1035, 824, 860, 1044, 996, 1074, 1085, 1078, 1160, 1055, 1100, 1124, 1164, 1181, 1197, 1169, 1311, 1390, 1259, 1453]
y_Moead_Rfts=[834, 1164, 1313, 1064, 921, 658, 690, 1170, 980, 1019, 788, 871, 921, 871, 1067, 1309, 1346, 1357, 887, 1128, 1237, 1022, 922, 1106, 729, 748, 1291, 1203, 837, 867, 728, 754, 1067, 1149, 994, 1103, 1033, 1048, 829, 897, 959, 1098, 1144, 1232, 1241, 1304, 1336, 964, 1249, 1274, 1333, 867, 938, 1157, 1222, 1285, 1307, 543, 1047, 1273, 550, 768, 1126, 623, 633, 1201, 539, 578, 536, 1007, 1122, 1170, 518, 781, 966, 1067, 573, 619, 522, 730]
z_Moead_Rfts=[729, 1441, 989, 1302, 1196, 1271, 1187, 1019, 909, 801, 584, 671, 1559, 1635, 1517, 1300, 1120, 1118, 1589, 1495, 1393, 1549, 1269, 1276, 1340, 1427, 1020, 821, 1231, 1162, 1150, 1121, 799, 771, 854, 727, 778, 754, 700, 1646, 1579, 1498, 1481, 1403, 1336, 1163, 1159, 1554, 1313, 1255, 980, 1566, 1487, 1480, 1357, 1172, 1107, 1495, 1259, 1093, 1473, 1337, 1176, 1468, 1503, 871, 1430, 1401, 1390, 934, 836, 817, 1316, 1115, 907, 743, 1241, 1203, 1284, 1034]
----Iteration 0----
x_Moead_Rfts=[641, 483, 533, 343, 387, 587, 698, 697, 891, 954, 963, 940, 1067, 1006, 1017, 1006, 1031, 1059, 455, 568, 615, 430, 417, 247, 308, 520, 476, 485, 654, 494, 462, 486, 625, 601, 766, 676, 637, 813, 847, 783, 687, 852, 844, 837, 962, 935, 933, 1030, 1026, 1060, 1061]
y_Moead_Rfts=[806, 887, 891, 1091, 1137, 796, 828, 840, 1020, 1015, 1014, 837, 779, 899, 1012, 815, 837, 874, 899, 968, 951, 1086, 1041, 1104, 1154, 777, 890, 1095, 763, 846, 1054, 1065, 1077, 1088, 750, 860, 944, 1069, 625, 780, 984, 641, 937, 1011, 1021, 1011, 1030, 924, 971, 684, 943]
z_Moead_Rfts=[1737, 1780, 1727, 1541, 1412, 1768, 1702, 1663, 1422, 1373, 1389, 1632, 1559, 1522, 1316, 1703, 1569, 1566, 1873, 1715, 1679, 1678, 1703, 1604, 1461, 1824, 1829, 1512, 1791, 1884, 1652, 1506, 1129, 1298, 1762, 1686, 1680, 1404, 1760, 1721, 1612, 1733, 1634, 1532, 1367, 1417, 1407, 1520, 1517, 1616, 1503]
----Iteration 7----
x_Moead_Rfts=[740, 675, 845, 811, 1135, 454, 435, 581, 461, 1121, 930, 893, 832, 1021, 1176, 1133, 1140, 1227, 1265, 536, 774, 878, 802, 862, 808, 827, 719, 855, 609, 534, 912, 926, 956, 898, 1035, 1095, 1006, 1141, 1046, 1119, 1118, 1158, 1190, 1203, 1336, 1257, 1442, 1429]
y_Moead_Rfts=[579, 814, 537, 549, 617, 509, 844, 735, 789, 981, 1064, 1016, 514, 1001, 993, 999, 648, 849, 581, 922, 1098, 1029, 1065, 1141, 1105, 1063, 624, 508, 707, 891, 1057, 1109, 988, 991, 570, 787, 960, 995, 1003, 1085, 578, 1027, 562, 596, 830, 553, 774, 819]
z_Moead_Rfts=[1536, 1550, 1502, 1509, 1343, 1630, 1553, 1575, 1581, 1283, 1359, 1396, 1516, 1343, 1143, 1109, 1335, 1136, 1336, 1527, 1482, 1498, 1514, 1410, 1421, 1431, 1629, 1548, 1592, 1547, 1361, 1316, 1439, 1432, 1478, 1463, 1413, 1217, 1324, 1157, 1456, 1050, 1431, 1352, 1143, 1412, 1287, 1273]
----Iteration 8----
x_Moead_Rfts=[776, 211, 246, 367, 411, 852, 449, 585, 835, 763, 949, 899, 1051, 998, 1156, 1074, 1095, 1111, 1188, 598, 223, 346, 809, 767, 225, 884, 770, 301, 590, 311, 309, 561, 748, 653, 837, 732, 810, 632, 914, 930, 783, 949, 1042, 909, 945, 1013, 1050, 1056, 983, 1077, 1012, 1111, 1161, 1141, 1182, 1185, 1202]
y_Moead_Rfts=[1075, 1021, 1101, 1041, 1091, 527, 1108, 1017, 742, 1057, 961, 662, 774, 610, 780, 729, 701, 715, 783, 699, 1288, 1180, 651, 670, 1150, 577, 695, 1075, 1280, 1086, 928, 1042, 1109, 1123, 600, 759, 785, 1016, 515, 535, 827, 1034, 547, 710, 1057, 457, 637, 854, 1044, 590, 965, 509, 556, 975, 838, 663, 596]
z_Moead_Rfts=[694, 1419, 1276, 1233, 1184, 1487, 1169, 1073, 1272, 930, 990, 1262, 1052, 1234, 891, 1044, 1056, 1049, 830, 1415, 1309, 1073, 1527, 1624, 1244, 1472, 1513, 1338, 881, 1253, 1418, 1132, 1034, 940, 1490, 1265, 1227, 1104, 1452, 1418, 1218, 861, 1376, 1208, 808, 1383, 1192, 1046, 846, 1342, 858, 1342, 1280, 737, 873, 1120, 1116]
----Iteration 9----
x_Moead_Rfts=[862, 819, 1369, 246, 642, 716, 677, 641, 737, 804, 798, 978, 1114, 1101, 1050, 1248, 1165, 1143, 1139, 1395, 1350, 1442, 1379, 1494, 1448, 1476, 422, 618, 600, 573, 566, 142, 717, 771, 297, 501, 729, 1096, 690, 677, 735, 1011, 1075, 1241, 1138, 1111, 1169, 1072, 1231, 1326, 1283, 1254, 1497, 1397, 1672, 1615, 1575, 1639, 1663]
y_Moead_Rfts=[1001, 977, 455, 451, 1064, 1061, 1143, 1172, 1079, 996, 1067, 485, 827, 1067, 1082, 501, 743, 762, 1106, 837, 559, 677, 839, 694, 647, 729, 754, 1064, 1046, 1070, 1118, 1230, 601, 1051, 1271, 1270, 559, 800, 1131, 1145, 1131, 1247, 873, 600, 950, 868, 970, 1114, 868, 493, 607, 892, 658, 796, 662, 714, 749, 678, 679]
z_Moead_Rfts=[821, 822, 1210, 1563, 1392, 1366, 1367, 1261, 925, 994, 995, 1460, 1378, 729, 675, 1360, 1402, 1333, 669, 870, 1286, 1135, 876, 1065, 1201, 972, 1544, 1445, 1485, 1497, 1485, 1226, 1558, 1426, 1198, 1128, 1459, 1447, 1354, 1156, 1130, 814, 1422, 1453, 1311, 1414, 1245, 560, 1170, 1335, 1237, 1110, 1177, 799, 944, 1006, 794, 1046, 996]
----End of Run----
