----Iteration 0----
x_Moead_Rfts=[997, 962, 1121, 1103, 1635, 1742, 903, 807, 805, 840, 792, 1030, 1120, 872, 1030, 1153, 937, 1000, 1072, 1375, 1091, 1042, 1564, 1680, 1926, 1052, 1029, 793, 889, 848, 1171, 1057, 896, 855, 791, 881, 1383, 991, 1036, 1018, 1249, 1391, 1521, 1140, 1068, 1457, 1718, 1532, 1612, 1609, 1768, 1600, 1655, 1577, 1686, 1748, 1696, 1842, 2048, 2042, 2133, 2121, 2147]
y_Moead_Rfts=[804, 1568, 526, 555, 1287, 1176, 861, 1504, 1533, 1503, 1551, 1525, 603, 1584, 1506, 556, 855, 1444, 1423, 1507, 1442, 1020, 1378, 1269, 1000, 568, 735, 1130, 1215, 1486, 1541, 774, 919, 1081, 1234, 1520, 517, 1302, 1218, 1273, 1469, 1457, 759, 1205, 1479, 1444, 638, 1263, 1307, 1316, 657, 1128, 1297, 1048, 1242, 1156, 1219, 1153, 896, 987, 892, 904, 881]
z_Moead_Rfts=[2149, 1771, 2313, 2409, 1066, 1090, 2185, 2012, 1981, 1967, 1938, 1783, 2329, 1807, 1786, 2263, 2173, 1912, 1802, 1338, 1719, 2021, 1207, 1158, 1539, 2330, 2319, 2238, 2108, 2056, 1522, 2276, 2197, 2197, 2148, 1864, 2267, 2084, 2082, 1980, 1560, 1292, 2257, 1879, 1667, 1366, 2164, 1731, 1171, 1032, 2151, 1536, 1013, 1684, 1133, 1137, 1112, 1212, 2101, 2110, 2128, 2091, 1455]
----Iteration 7----
x_Moead_Rfts=[1960, 1860, 1997, 2036, 2112, 1288, 893, 872, 1267, 1248, 1326, 1136, 1709, 1058, 1733, 1434, 1314, 1366, 2063, 1964, 1830, 1850, 1987, 2161, 2171, 2132, 2177, 2122, 2238, 2354, 2316, 2281, 940, 816, 776, 843, 1082, 1310, 1270, 1226, 1699, 838, 1755, 1652, 1107, 1085, 1186, 2042, 1939, 1974, 1684, 1794, 1773, 2012, 1793, 2217, 2065, 1999, 2253, 2212, 2194, 2207, 2361, 2283, 2346, 2211, 2282, 2357, 2364, 2564, 2606]
y_Moead_Rfts=[680, 1301, 676, 711, 984, 539, 725, 744, 1254, 1222, 483, 774, 498, 1335, 453, 702, 1207, 1121, 548, 658, 1089, 1357, 668, 1146, 493, 1248, 1241, 542, 1071, 497, 517, 1088, 692, 1038, 1039, 1277, 1300, 1415, 1553, 1676, 454, 785, 547, 662, 1150, 1255, 964, 578, 715, 1085, 1209, 1499, 1518, 589, 1160, 1310, 591, 987, 1304, 1320, 485, 626, 1183, 1160, 513, 1106, 1304, 496, 397, 831, 769]
z_Moead_Rfts=[1717, 922, 1674, 1623, 1480, 2174, 2114, 2107, 1400, 1499, 2161, 1959, 2117, 1607, 2121, 1790, 1421, 1415, 1978, 2027, 1715, 785, 2022, 1179, 1935, 1139, 1167, 1909, 1407, 1704, 1691, 1377, 2212, 2211, 2222, 1936, 1529, 1162, 1058, 884, 2128, 2107, 2104, 2041, 2083, 1506, 1944, 1950, 1740, 1710, 1177, 1116, 1109, 2016, 1295, 817, 1934, 1666, 916, 871, 1851, 1800, 1046, 1058, 1725, 1361, 880, 1728, 1776, 1512, 1461]
----Iteration 4----
x_Moead_Rfts=[1873, 880, 1184, 1302, 959, 1237, 1578, 1243, 1837, 1862, 1905, 1761, 2295, 2290, 1435, 917, 1253, 1239, 1133, 1099, 1247, 1252, 1519, 1443, 1299, 1654, 1676, 1516, 1508, 1300, 1282, 1237, 1335, 1733, 1361, 1690, 1483, 1720, 2044, 1802, 1920, 1931, 2023, 1988, 1937, 2282, 2016, 2168, 2221, 2259, 2228, 2252, 2258, 2278]
y_Moead_Rfts=[1659, 1376, 1747, 1172, 1387, 1737, 1566, 1668, 1776, 1751, 1716, 1612, 650, 1021, 1128, 1315, 1441, 1461, 1705, 1764, 1957, 1897, 1073, 1300, 1441, 923, 800, 1121, 1245, 1401, 1448, 1687, 1707, 1791, 1868, 784, 1612, 1041, 1579, 1804, 1711, 1749, 1523, 1615, 1706, 1167, 1608, 900, 1516, 1398, 1438, 1257, 1471, 1429]
z_Moead_Rfts=[1221, 1910, 1621, 2017, 1788, 1489, 1472, 1506, 1148, 1307, 1161, 1336, 1582, 1569, 2011, 1951, 1714, 1713, 1699, 1566, 1409, 1359, 2062, 1999, 1698, 2109, 2168, 1986, 1897, 1756, 1708, 1567, 1374, 1206, 1348, 2138, 1392, 1908, 1307, 1133, 1173, 1134, 1340, 1165, 1115, 1691, 1165, 1981, 1614, 1740, 1751, 1756, 1644, 1671]
----Iteration 6----
x_Moead_Rfts=[2385, 1668, 2328, 2254, 2316, 2352, 1678, 1786, 1791, 2210, 2315, 2226, 2308, 2297, 2352, 2391, 2431, 1769, 1716, 1838, 1855, 1958, 1936, 1721, 1594, 1507, 1450, 1821, 1834, 1444, 1815, 1814, 1618, 1795, 1695, 1849, 1982, 2287, 2231, 1807, 2040, 2071, 2032, 2107, 2274, 2214, 2251, 2334, 2345, 2290, 2303, 2309, 2517, 2583]
y_Moead_Rfts=[915, 1666, 925, 1023, 1261, 793, 1624, 1583, 1592, 1504, 1484, 1178, 825, 1384, 1480, 1414, 911, 1093, 1099, 1083, 1350, 1461, 1434, 1464, 1623, 1689, 1739, 1084, 1365, 1595, 1329, 1308, 1819, 1574, 1615, 1056, 1469, 1508, 1517, 1532, 1152, 1235, 1343, 1380, 1419, 1373, 1511, 775, 761, 1475, 923, 1513, 1142, 1125]
z_Moead_Rfts=[1717, 1131, 1871, 1923, 1747, 1782, 1426, 1097, 1021, 1958, 1753, 2039, 1957, 1784, 1710, 1534, 1762, 2330, 2300, 2505, 2186, 2006, 2019, 2002, 1730, 1699, 1347, 2457, 2158, 1779, 2239, 2256, 1282, 1872, 893, 2410, 2001, 1788, 1688, 1844, 2237, 2223, 2025, 2000, 1891, 1892, 1757, 2027, 2041, 1803, 1931, 1718, 1671, 1649]
----Iteration 1----
x_Moead_Rfts=[1838, 1266, 1448, 1199, 1829, 1778, 1769, 1865, 1915, 1955, 2109, 2149, 2172, 1235, 1253, 1219, 1120, 1339, 1415, 1396, 1229, 1762, 1866, 2046, 1870, 1948, 2018, 2207, 2149, 2223, 2204, 1129, 1320, 1270, 1483, 1431, 1398, 1374, 1559, 1535, 1564, 1081, 1415, 1668, 1376, 1750, 1770, 1810, 1543, 1770, 1715, 1966, 1866, 1980, 1977, 2114, 2099, 2091, 2171, 2111, 2195, 2238, 2293, 2234]
y_Moead_Rfts=[1315, 801, 763, 1133, 1352, 1305, 1344, 1310, 735, 693, 844, 904, 1296, 766, 961, 1144, 1319, 1531, 1454, 745, 1016, 1355, 1069, 1311, 1306, 1034, 1326, 1229, 1272, 1270, 1135, 1097, 1179, 1289, 1420, 1422, 1480, 1512, 1543, 1576, 522, 1173, 1386, 1563, 1123, 1416, 1474, 1482, 1360, 1282, 1344, 1448, 561, 1414, 1023, 1327, 911, 972, 1288, 887, 1257, 1227, 812, 1267]
z_Moead_Rfts=[1221, 1672, 1620, 1590, 1187, 1245, 1306, 1216, 1666, 1649, 1540, 1483, 1260, 1693, 1674, 1543, 1493, 1292, 1312, 1719, 1657, 1266, 1483, 1096, 1186, 1484, 1114, 1282, 1390, 1231, 1326, 1695, 1536, 1497, 1464, 1441, 1438, 1482, 1108, 1004, 1703, 1563, 1484, 944, 1583, 1292, 1085, 947, 1434, 1511, 1431, 1134, 1686, 1180, 1471, 1080, 1558, 1568, 1381, 1496, 1398, 1209, 1275, 1214]
----Iteration 2----
x_Moead_Rfts=[941, 989, 1079, 1659, 1171, 1644, 1744, 1705, 2228, 2174, 1530, 1288, 1070, 1238, 1633, 1672, 1531, 1674, 1654, 1652, 1804, 1545, 1573, 1333, 1669, 1820, 1614, 1618, 1719, 1968, 1914, 1943, 2134, 2168, 2200, 2231, 2178, 2205, 2256]
y_Moead_Rfts=[835, 892, 833, 999, 900, 1005, 389, 369, 491, 411, 401, 505, 654, 830, 1019, 985, 336, 1013, 1023, 318, 364, 542, 804, 972, 988, 333, 483, 689, 917, 903, 429, 403, 446, 346, 869, 847, 883, 866, 784]
z_Moead_Rfts=[2028, 2026, 2101, 1808, 2021, 1836, 2117, 2146, 2011, 2025, 2275, 2263, 2181, 2154, 1831, 1812, 2271, 1789, 1780, 2278, 2242, 2159, 2078, 1989, 1862, 2272, 2044, 2034, 1824, 1484, 2108, 2061, 2031, 2165, 1997, 1890, 1923, 1904, 1905]
----Iteration 3----
x_Moead_Rfts=[1605, 1565, 1540, 1627, 1149, 1354, 1711, 1671, 916, 1320, 967, 1237, 1215, 1321, 1399, 1377, 1491, 1522, 1514, 1736, 1854, 1111, 1066, 1042, 1186, 1013, 1021, 1248, 1149, 1086, 1299, 1293, 1307, 1322, 1315, 1499, 1365, 1477, 1462, 1483, 1512, 1623, 1871, 1628, 1611, 1650, 1750, 1746, 1853, 1770, 1876]
y_Moead_Rfts=[287, 501, 197, 396, 1126, 617, 493, 597, 1439, 662, 1507, 1098, 1174, 696, 641, 1156, 412, 798, 429, 448, 446, 696, 708, 1580, 1738, 1304, 1385, 1659, 997, 1240, 1515, 1521, 679, 1485, 962, 1289, 1430, 989, 1019, 883, 1282, 292, 434, 1133, 319, 1095, 336, 906, 497, 302, 408]
z_Moead_Rfts=[2033, 1805, 2045, 1939, 2376, 2235, 1923, 1797, 2332, 2319, 2305, 2311, 2310, 2259, 2210, 1928, 2026, 1907, 1998, 1909, 1702, 2529, 2483, 2290, 2253, 2396, 2376, 2235, 2480, 2413, 2223, 2214, 2275, 2241, 2269, 1823, 2213, 2181, 1954, 1978, 1827, 2023, 1890, 1563, 2028, 1573, 1969, 1771, 1891, 1914, 1712]
----Iteration 5----
x_Moead_Rfts=[2205, 2371, 2250, 1746, 1872, 1716, 1828, 1873, 2395, 2394, 2409, 2399, 2436, 2438, 2445]
y_Moead_Rfts=[819, 778, 845, 506, 789, 760, 848, 839, 849, 894, 814, 827, 766, 787, 728]
z_Moead_Rfts=[2192, 2209, 2191, 2251, 2226, 2235, 2206, 2211, 2094, 2133, 2173, 2168, 2203, 2160, 2201]
----Iteration 8----
x_Moead_Rfts=[1288, 1304, 1238, 1775, 1856, 1883, 2023, 1743, 1525, 1366, 1809, 1741, 1534, 1496, 1978, 1853, 1868, 1945, 1906, 2376, 2328, 2411, 1697, 1666, 1329, 1343, 1313, 1374, 1502, 1475, 1422, 1480, 1729, 1902, 1506, 1508, 1794, 1914, 1764, 1721, 1865, 1946, 2032, 2115, 2023, 2543, 2500, 2288, 2495, 2422, 2491, 2291, 2481, 2369, 2445]
y_Moead_Rfts=[1210, 1208, 1240, 616, 1040, 1023, 1062, 813, 908, 1001, 593, 865, 910, 1114, 1132, 567, 1030, 616, 1034, 960, 1011, 959, 840, 802, 998, 1045, 1094, 1202, 1554, 1503, 1178, 1267, 1272, 193, 922, 1491, 1607, 289, 726, 1071, 1283, 364, 1144, 1373, 881, 882, 888, 1155, 909, 946, 936, 1063, 907, 967, 922]
z_Moead_Rfts=[1405, 1400, 1369, 1702, 1406, 1444, 1309, 1779, 1764, 1728, 1709, 1782, 1585, 1501, 1341, 1673, 1408, 1628, 1372, 1377, 1328, 1400, 1839, 1876, 1913, 1863, 1759, 1538, 1285, 1339, 1529, 1299, 1275, 1794, 1762, 1260, 1058, 1749, 1875, 1541, 1120, 1727, 1268, 1075, 1606, 1565, 1582, 1186, 1538, 1414, 1490, 1175, 1553, 1348, 1510]
----Iteration 9----
x_Moead_Rfts=[1937, 1357, 1284, 1854, 1929, 2049, 1635, 1650, 1257, 1451, 1430, 1866, 2094, 1654, 2211, 2258, 2266, 2546, 2578, 2628, 1504, 1672, 1752, 1999, 1834, 1585, 1811, 1926, 1986, 2222, 2009, 2287, 2425, 2569, 2520, 2525, 2636, 2575, 2692, 2664, 2714, 2729]
y_Moead_Rfts=[1107, 1271, 1289, 1096, 1050, 1548, 1186, 1235, 1310, 1527, 1529, 1069, 1092, 1184, 1228, 1188, 1199, 1504, 1425, 1401, 1516, 1580, 1635, 932, 1179, 1269, 1637, 1267, 1531, 1092, 1584, 1180, 1189, 1522, 1419, 1438, 1375, 1390, 1338, 1356, 1287, 1284]
z_Moead_Rfts=[1998, 1937, 1967, 2013, 2013, 1638, 2014, 1972, 1984, 1905, 1866, 2043, 1998, 1995, 1990, 1970, 1953, 1871, 1855, 1851, 1927, 1827, 1729, 2012, 2059, 2043, 1682, 1919, 1758, 1977, 1577, 1952, 1924, 1802, 1907, 1901, 1858, 1902, 1829, 1820, 1762, 1791]
----End of Run----
