----Iteration 0----
535,-468938;445,-61977;764,-39928;1149,-57930;523,-11869;336,722669;473,-2621137;337,262788;749,-6691242;255,115830;567,-4751110;1036,-44513;310,-1751013;949,-50598;499,80657;718,97477;635,45561;556,467644;
532,5781016;483,6111287;194,9001373;475,6561306;425,6211381;237,8931451;276,8431480;474,6961308;454,6841327;488,5641272;497,5231298;764,4741129;1012,-581371;1047,-721365;938,390975;1316,124800;1151,182808;1274,130849;1267,177818;
237,8931451;276,8431480;764,4741129;1012,-581371;1047,-721365;511,7431251;184,9401392;368,9221408;413,9961361;372,8401525;503,10031238;578,8041185;522,6281477;506,9261272;530,7741218;483,8941369;805,751235;573,7291267;631,7131443;745,6161703;796,3901494;768,4461420;746,6031027;1054,-711261;842,2831191;918,3661053;1059,3011025;1154,-371224;1225,331036;1129,396999;1162,-2361211;1397,265873;
1012,-581371;1047,-721365;368,9221408;413,9961361;503,10031238;483,8941369;631,7131443;745,6161703;1054,-711261;471,6561546;538,6171520;574,6581496;402,8971533;394,9181544;351,10081517;359,8241559;465,9001528;474,9081492;594,9531347;718,2571758;529,6631507;639,8021389;563,8491354;627,8631333;781,2111754;639,7591413;914,2231288;866,7421413;756,8651278;846,-2671455;805,5981555;1056,7301234;946,4341267;1091,4961218;1311,-91245;1115,4451175;1223,3901165;1255,4211104;1447,4021001;1506,381929;1380,61190;1479,429967;1489,467859;1493,456926;
368,9221408;413,9961361;745,6161703;402,8971533;394,9181544;351,10081517;465,9001528;474,9081492;563,8491354;627,8631333;756,8651278;805,5981555;1380,61190;549,7751915;524,8131938;311,9951643;254,10001600;524,10111329;673,4311934;556,8701801;304,10491554;534,9661371;622,9791352;773,2991855;822,2451781;635,7991913;897,7761459;848,1781774;808,1561818;598,7012084;888,1241890;935,1111829;861,1671807;781,5201612;1168,8531256;939,341823;957,211832;993,551777;975,641803;964,731767;1230,1471615;1185,1371670;1254,8381403;1289,8461384;1424,9681123;1326,711279;1365,9971227;1574,9351139;
549,7751915;524,8131938;673,4311934;635,7991913;598,7012084;935,1111829;939,341823;957,211832;993,551777;1185,1371670;1424,9681123;1326,711279;1365,9971227;1574,9351139;645,3731989;620,3192106;513,8531899;625,8841875;329,12641660;368,12701617;419,12011372;698,3392097;718,3642032;882,3342033;666,8321880;836,11501837;889,3061943;934,3181879;654,7951912;975,1471810;921,7711593;964,8401466;871,9801621;1008,141771;1164,1821671;1097,10281224;1151,1481672;1089,2801467;1295,8581418;1425,9431118;1340,9001244;1237,1381662;1246,1911638;1389,9261216;1291,321643;1355,9071232;1370,9841152;1523,10181112;1336,41342;1391,701279;1583,9031095;
524,8131938;598,7012084;1185,1371670;1365,9971227;1574,9351139;698,3392097;718,3642032;882,3342033;836,11501837;889,3061943;934,3181879;975,1471810;1164,1821671;1097,10281224;1151,1481672;1295,8581418;1237,1381662;1246,1911638;1389,9261216;1291,321643;1370,9841152;683,4552134;687,5852033;621,8001945;473,9991896;723,12861855;753,13611838;743,13631808;706,5152059;807,5022000;682,9431931;703,13101846;901,12771672;898,13241587;912,2341943;1096,1251995;986,11681476;1142,742006;962,9561657;1034,13421414;1166,521980;1110,1201930;1172,8451519;1123,8531506;1417,9221289;1173,10561178;1148,10721180;1209,8001549;1500,11891022;1251,1341730;1332,7781414;1350,631640;1368,-91637;1436,4291353;1582,11301131;1526,8321294;1521,1150994;1418,5121329;1605,9181220;1555,8461264;
598,7012084;1365,9971227;698,3392097;836,11501837;934,3181879;1295,8581418;1389,9261216;683,4552134;753,13611838;743,13631808;901,12771672;912,2341943;1096,1251995;1142,742006;1034,13421414;1166,521980;1417,9221289;1332,7781414;1436,4291353;1582,11301131;1526,8321294;1605,9181220;1555,8461264;730,9691950;753,11991868;764,11591907;748,13381906;797,13841536;957,2192160;905,7092077;715,10121939;932,13351603;1009,2062067;959,2112254;713,9392041;759,13421823;1019,11911675;761,10071913;915,11221771;1110,152048;1144,572038;937,11211750;1138,11721626;1051,12541378;1149,892000;1119,9561674;1218,10211549;1171,351979;1339,1531934;1314,5811770;1140,8861630;1188,10441460;1539,12411043;1564,3261677;1405,8951299;1578,11511119;1421,8831382;1622,4031640;1613,10741207;1634,3681601;1775,5431310;
1365,9971227;836,11501837;1295,8581418;1389,9261216;753,13611838;743,13631808;1417,9221289;1332,7781414;1582,11301131;1526,8321294;1605,9181220;1555,8461264;730,9691950;713,9392041;1138,11721626;1218,10211549;1188,10441460;1405,8951299;1578,11511119;1421,8831382;1622,4031640;1613,10741207;986,5922314;974,6352291;735,7792170;997,8042149;829,11711918;773,11961942;774,13601939;962,15681771;815,13281914;900,12531827;1121,5262313;1103,5552409;1129,13521485;1024,13481691;1213,3902207;1094,7242075;969,9401736;1170,10891676;1085,13501613;1327,2772238;1517,4722072;1333,6062016;1444,11891116;1488,4992055;1218,9091803;1242,9891470;1395,6041989;1586,12971016;1546,4462032;1534,4802036;1635,12871066;1560,4422027;1576,4761976;1924,5161605;1742,11761090;2036,6091539;
1138,11721626;1218,10211549;1613,10741207;974,6352291;997,8042149;962,15681771;1121,5262313;1103,5552409;1129,13521485;1094,7242075;1170,10891676;1327,2772238;1218,9091803;1586,12971016;1635,12871066;1924,5161605;1742,11761090;2036,6091539;903,8612185;777,10612154;805,11712051;807,15042012;805,15331981;840,15031967;792,15511938;1030,15251783;1120,6032329;813,10502172;872,15841807;1030,15061786;1153,5562263;937,8552173;847,10042143;1000,14441912;1072,14231802;1101,15261481;1375,15071338;1091,14421719;1435,5372213;1068,9342110;1042,10202021;1461,5702156;1412,7412020;1189,10771711;1370,13191347;1487,4802112;1669,5832098;1488,7112056;1230,13581460;1564,13781207;1527,12491490;1680,12691158;1662,6302067;1828,5311723;1798,11291153;1753,11531092;1668,7141959;1805,4961758;1888,8791640;1918,8471630;1839,8871627;1919,5421548;1926,10001539;2077,8231401;2083,6181517;
997,8042149;962,15681771;1121,5262313;1103,5552409;1635,12871066;1742,11761090;903,8612185;807,15042012;805,15331981;840,15031967;792,15511938;1030,15251783;1120,6032329;872,15841807;1030,15061786;1153,5562263;937,8552173;1000,14441912;1072,14231802;1375,15071338;1091,14421719;1042,10202021;1564,13781207;1680,12691158;1926,10001539;1052,5682330;1029,7352319;793,11302238;889,12152108;848,14862056;1171,15411522;1057,7742276;896,9192197;855,10812197;791,12342148;881,15201864;1383,5172267;991,13022084;1036,12182082;1018,12731980;1249,14691560;1391,14571292;1521,7592257;1140,12051879;1068,14791667;1457,14441366;1718,6382164;1532,12631731;1612,13071171;1609,13161032;1768,6572151;1600,11281536;1655,12971013;1577,10481684;1686,12421133;1748,11561137;1696,12191112;1842,11531212;2048,8962101;2042,9872110;2133,8922128;2121,9042091;2147,8811455;
----Iteration 7----
827,215185;623,323595;622,-4871288;840,19188;346,54851;282,294749;984,-290836;942,21391;843,91847;430,174967;927,-8851308;732,-5821392;912,115639;1039,-6761213;1133,-451911;710,173499;668,188205;935,-171035;1046,126360;
336,1541000;494,-80916;475,-72935;123,476749;414,891003;400,641008;195,1881149;220,368753;446,581049;632,-3951118;558,-111939;364,211782;289,651114;1197,240440;544,667491;532,716580;795,725384;752,-275850;987,661515;825,-352988;1007,-109762;1041,654471;1060,603727;1414,-133806;1628,36636;1643,74633;1714,102622;1649,114609;
1197,240440;532,716580;795,725384;987,661515;1041,654471;1060,603727;836,1771381;659,2401386;562,5001444;724,529907;965,688565;849,1521378;787,1901325;1139,-3501409;1118,-3401447;945,1191474;1054,614554;949,661430;1139,149652;1683,173536;1628,-38876;1615,-67907;1599,-56986;1667,-89927;1701,185524;1727,132655;
532,716580;795,725384;1060,603727;965,688565;945,1191474;949,661430;855,5451558;607,5971120;472,6911022;443,7021046;471,755928;523,650948;898,4551494;898,4961477;870,5051502;957,701523;928,4311504;906,4721466;1260,01686;969,4641228;1584,687573;1298,-341533;1488,4481067;1539,4441075;1629,4411135;1627,2681175;1647,2451231;1647,4381137;1924,477805;1712,861354;1785,301321;1951,373904;1977,329899;
855,5451558;472,6911022;443,7021046;1260,01686;969,4641228;1298,-341533;1647,2451231;1924,477805;615,6311500;634,6171516;632,6271498;679,6531497;855,1033827;861,996746;1049,1541597;791,921939;932,5261544;929,1082493;1300,-811471;1226,941550;956,4961580;930,6531360;1154,695828;1676,908572;1254,2511333;1598,875587;1629,956559;1426,5091019;1646,662661;1693,1121290;1688,4811206;1812,709640;1704,4761186;1797,1021454;1832,2721198;1810,605685;1753,720580;1984,421997;1816,632656;1859,2471199;1877,2961092;1894,439812;1964,427903;
855,5451558;1260,01686;615,6311500;634,6171516;632,6271498;679,6531497;855,1033827;1049,1541597;956,4961580;930,6531360;1154,695828;1676,908572;1598,875587;1629,956559;1137,-1501702;846,4631607;657,7571493;841,10361361;823,10161386;1031,1257781;1447,1178603;1033,1691651;956,5431547;867,7381486;1171,1931554;852,9881422;1254,1431597;1014,3081630;994,911994;1578,1091687;1232,6471459;1581,856594;1659,5771102;1632,891574;1647,5871100;1946,4021514;1750,763618;1763,757688;2102,4461489;1913,6331073;1861,762661;2049,2951538;1951,5641332;2067,4571441;1974,524764;
855,5451558;1260,01686;1137,-1501702;1031,1257781;1447,1178603;1033,1691651;956,5431547;867,7381486;852,9881422;994,911994;1750,763618;1763,757688;1861,762661;1015,3401748;918,7541483;870,7821457;843,10441448;1149,1276777;856,7311487;685,7831521;997,1154963;1436,1276672;1216,1681645;1063,1284747;1537,1206578;1155,3101632;1254,6561465;1075,1008881;1583,1122745;1578,1156552;1610,8041047;1613,1099684;1709,4981610;1702,7331051;1725,1021588;1659,1032524;1831,1011573;2156,4701582;1864,743791;2071,5011444;1930,708870;2085,4921475;2065,6271501;2013,6441473;
1447,1178603;1015,3401748;1149,1276777;997,1154963;1436,1276672;1537,1206578;1610,8041047;2156,4701582;2071,5011444;2085,4921475;2065,6271501;2013,6441473;1061,1031755;978,3741686;871,8921563;841,9201548;883,10711484;922,10941479;911,11021347;910,11211373;1095,1270881;1120,1332836;1121,1631754;1487,1255588;1417,2871723;991,9871449;1112,10721058;1112,1251854;1864,2581708;1908,2671692;1413,9591488;1538,1155768;1554,1149761;1986,6921660;1439,9111117;1961,7961506;1960,1144781;1959,1157719;2096,1128664;2085,758940;2130,1015854;2119,1045815;
2156,4701582;2065,6271501;910,11211373;1413,9591488;1986,6921660;1961,7961506;2130,1015854;1002,2741923;1014,2831922;836,4591953;832,4991958;829,9761675;818,11011725;925,1398874;913,1406822;827,9731794;952,1448755;1273,1437645;1094,11131617;1745,1241980;1544,1389654;1954,3991809;1462,10061474;1516,10361465;1762,11891030;1578,1383906;1952,4561801;1541,9941465;1770,11351099;1771,12071017;1943,3771896;1934,4921901;1765,11421107;1830,11831021;1960,6801717;1860,1301922;1997,6761674;2166,1156808;2121,1225801;2036,7111623;2112,9841480;2128,1045994;2094,5661695;2161,1053815;
1986,6921660;1961,7961506;925,1398874;913,1406822;952,1448755;1273,1437645;1094,11131617;1544,1389654;1578,1383906;1960,6801717;1860,1301922;1997,6761674;2036,7111623;2112,9841480;2094,5661695;1288,5392174;893,7252114;872,7442107;1144,7771893;833,11591801;764,12381686;1267,12541400;1248,12221499;873,1549786;1326,4832161;1136,7741959;879,1532781;1709,4982117;1171,7901843;886,10701890;1058,13351607;1071,12791528;1733,4532121;1434,7021790;1314,12071421;1366,11211415;1751,1377931;2063,5481978;2052,5771906;1979,7701507;1959,10751705;1964,6582027;1830,10891715;1850,1357785;1987,6682022;2161,11461179;2171,4931935;2132,12481139;2177,12411167;2122,5421909;2238,10711407;2354,4971704;2316,5171691;2281,10881377;2436,6771502;
1960,6801717;1860,1301922;1997,6761674;2036,7111623;2112,9841480;1288,5392174;893,7252114;872,7442107;1267,12541400;1248,12221499;1326,4832161;1136,7741959;1709,4982117;1058,13351607;1733,4532121;1434,7021790;1314,12071421;1366,11211415;2063,5481978;1964,6582027;1830,10891715;1850,1357785;1987,6682022;2161,11461179;2171,4931935;2132,12481139;2177,12411167;2122,5421909;2238,10711407;2354,4971704;2316,5171691;2281,10881377;940,6922212;816,10382211;776,10392222;843,12771936;1082,13001529;1310,14151162;1270,15531058;1226,1676884;1699,4542128;838,7852107;1755,5472104;1652,6622041;1107,11502083;1085,12551506;1186,9641944;2042,5781950;1939,7151740;1974,10851710;1684,12091177;1794,14991116;1773,15181109;2012,5892016;1793,11601295;2217,1310817;2065,5911934;1999,9871666;2253,1304916;2212,1320871;2194,4851851;2207,6261800;2361,11831046;2283,11601058;2346,5131725;2211,11061361;2282,1304880;2357,4961728;2364,3971776;2564,8311512;2606,7691461;
----Iteration 4----
126,66991;869,-2101424;305,-321326;555,496428;367,87950;759,-56946;1171,350411;1067,328930;1120,53590;600,564-125;
848,181452;756,3911073;823,6221064;869,151509;830,5791033;766,1221366;786,2171297;750,3441127;859,839629;840,531498;807,2681290;828,853689;865,1491309;825,2451274;703,941807;818,805705;846,501599;895,782592;1102,2291147;1175,2161214;997,4671020;1138,2101301;1153,2221268;1162,2001228;
823,6221064;869,151509;830,5791033;840,531498;703,941807;846,501599;541,1291464;536,1511504;638,941470;560,771832;689,791503;896,191472;933,-281548;936,-71534;796,1571451;892,01697;1359,875744;1112,1491406;1346,902817;1606,4631337;1577,5171372;1594,5521343;1590,5131355;
846,501599;933,-281548;936,-71534;892,01697;684,681601;610,701609;482,961616;787,7441310;803,6891339;730,571539;575,7571171;911,2101534;1014,-531506;1467,9591055;1490,9041030;1526,5541488;1791,5641427;1867,5511400;1803,5611406;1869,5851394;1879,5351405;1848,6301347;1908,5711392;1850,6261354;
892,01697;589,371709;575,551695;660,8691448;696,1033894;668,1074841;791,171675;1075,3141659;1631,990928;1686,1004898;1833,9271162;1801,9751183;1944,8081474;1938,8221507;1932,8621488;
1801,9751183;1938,8221507;1932,8621488;539,2701965;646,3141935;609,4461877;577,4541898;768,9741644;783,9551671;889,14201262;864,12361324;1084,12641312;973,13541262;796,2701866;713,3881866;790,8571570;1258,12771299;1592,12851026;1310,9561425;1590,10791143;1596,12331074;1443,11401177;1638,11841108;1644,3781704;1673,11151002;1644,11481040;1824,3221610;1952,4601513;1693,1129927;2039,6571464;1922,9261252;1810,1034966;2007,6011489;1972,8791477;1938,9331227;2092,5771503;1954,9241133;1967,9211232;2094,5601500;
1938,8221507;1932,8621488;609,4461877;577,4541898;768,9741644;783,9551671;889,14201262;1084,12641312;713,3881866;1258,12771299;1592,12851026;1310,9561425;1596,12331074;1638,11841108;2039,6571464;2007,6011489;1972,8791477;1938,9331227;2092,5771503;1954,9241133;1967,9211232;2094,5601500;708,3471968;669,4321908;787,9241716;755,9431755;793,11451483;693,14281501;715,14841489;669,14901469;809,3051910;887,2981929;785,13311466;1048,14051380;736,14351473;1017,5971710;844,8921736;1199,11911365;1294,13681197;1096,5011740;1271,11081409;1347,13111185;1526,13061005;1593,12441143;1608,5031730;1637,4581747;1669,4471759;1827,3421656;1803,3891650;1858,4031642;1931,11451322;1889,11541275;1924,11771245;2040,5691541;1932,11081337;1980,5931547;2021,8061432;2117,5791479;
1938,8221507;1932,8621488;609,4461877;577,4541898;783,9551671;1084,12641312;713,3881866;1258,12771299;1310,9561425;2039,6571464;2007,6011489;1972,8791477;2092,5771503;2094,5601500;708,3471968;669,4321908;809,3051910;887,2981929;1199,11911365;1294,13681197;1347,13111185;1608,5031730;1637,4581747;1669,4471759;1803,3891650;1858,4031642;1931,11451322;1889,11541275;1924,11771245;2040,5691541;1932,11081337;1980,5931547;2117,5791479;849,10231664;802,12631539;922,15901529;915,17111493;932,3341900;977,8621819;1060,17061444;1029,2291857;952,12371553;942,14711520;1331,16691139;1320,8981685;1317,9521795;1303,11221470;1169,13681269;1610,4661761;1649,4691710;1616,13201057;1704,4241756;1847,3761683;1850,4541638;1830,11521296;1852,11631272;1924,12671197;1642,12711062;2122,5391497;1941,7601495;1910,12631201;1879,5601562;2036,5361551;2069,11211197;2014,5701554;2066,10941266;2163,8101459;2059,11451093;2186,8871422;
1258,12771299;1310,9561425;708,3471968;1199,11911365;1637,4581747;1669,4471759;1931,11451322;1889,11541275;1924,11771245;1932,11081337;922,15901529;1060,17061444;952,12371553;1331,16691139;1320,8981685;1317,9521795;1303,11221470;1169,13681269;1610,4661761;1649,4691710;1704,4241756;1847,3761683;1830,11521296;1852,11631272;1924,12671197;1910,12631201;2069,11211197;2066,10941266;1146,4611924;1122,4621869;906,9691764;805,10561779;927,10811721;836,14311589;887,15001579;1054,17111528;1058,17311383;1153,4081966;1102,8901894;772,15091552;1110,16541436;1514,16961128;1266,9561737;924,10821697;803,13391607;1661,4571769;1601,11861358;1500,17501116;1746,6521696;1509,1794945;1710,3881717;1611,8061756;1787,16561242;1799,4101688;1876,4671672;1873,16591221;2023,5431667;1931,12361238;1883,13381139;2066,11671264;1903,13031125;2256,9221520;2169,7761585;2118,11371163;2196,9961359;
1669,4471759;1931,11451322;1889,11541275;1924,11771245;1932,11081337;1317,9521795;1924,12671197;1910,12631201;2066,10941266;1601,11861358;1509,1794945;1611,8061756;1873,16591221;2023,5431667;1931,12361238;2066,11671264;2169,7761585;2118,11371163;1437,8221970;1495,8701929;880,13761910;1184,17471621;1302,11722017;959,13871788;1237,17371489;1462,12111783;1578,15661472;1243,16681506;1663,6451872;1381,13301508;1837,17761148;1911,3871790;2022,3691836;1914,6821758;1636,11291491;1862,17511307;1920,17481131;1905,17161161;1761,16121336;2026,3081862;1955,13651102;2069,11291265;2024,13621134;2295,6501582;2290,10211569;
1873,16591221;880,13761910;1184,17471621;1302,11722017;959,13871788;1237,17371489;1578,15661472;1243,16681506;1837,17761148;1862,17511307;1905,17161161;1761,16121336;2295,6501582;2290,10211569;1435,11282011;917,13151951;1253,14411714;1239,14611713;1133,17051699;1099,17641566;1247,19571409;1252,18971359;1519,10732062;1443,13001999;1299,14411698;1654,9232109;1676,8002168;1516,11211986;1508,12451897;1300,14011756;1282,14481708;1237,16871567;1335,17071374;1733,17911206;1361,18681348;1690,7842138;1483,16121392;1720,10411908;2044,15791307;1802,18041133;1920,17111173;1931,17491134;2023,15231340;1988,16151165;1937,17061115;2282,11671691;2016,16081165;2168,9001981;2221,15161614;2259,13981740;2228,14381751;2252,12571756;2258,14711644;2278,14291671;
----Iteration 6----
836,607600;1001,27709;742,73632;1220,-134577;551,1001249;983,01063;1110,-2041217;1314,-852-244;1130,-207881;557,384798;
900,5321107;849,5911125;643,-2801271;708,-371227;717,-111218;1110,-2041217;804,-391173;1173,11221058;1220,11351032;1218,1164990;
900,5321107;849,5911125;1173,11221058;1220,11351032;1218,1164990;829,6611066;1071,4691369;1720,4111182;1723,4101237;1841,1281688;1908,2551656;1843,3131654;1940,2821622;1897,3091648;1851,3191636;
1173,11221058;1220,11351032;1218,1164990;1841,1281688;1908,2551656;1843,3131654;1897,3091648;1851,3191636;1298,901961;1177,7031188;1205,6421157;1295,910913;1289,973949;1252,7431055;1332,843944;1357,811968;1690,701982;1830,669960;1992,6161419;2026,5781385;1989,3211622;
1173,11221058;1220,11351032;1218,1164990;1841,1281688;1908,2551656;1843,3131654;1897,3091648;1851,3191636;1992,6161419;2026,5781385;1989,3211622;1300,1030967;923,1284783;1007,1252792;893,1348753;1365,10061051;1259,1271890;1048,1199751;1291,9661063;1548,341795;1803,-171768;1698,611781;1373,986988;1382,943933;1819,-231749;1593,785971;1612,834950;1884,-531693;1857,-71682;1624,7561010;1919,651652;1977,7311312;1946,7511351;1982,6431512;
1173,11221058;1220,11351032;1218,1164990;1908,2551656;1843,3131654;1897,3091648;1851,3191636;1989,3211622;923,1284783;893,1348753;1259,1271890;1919,651652;1977,7311312;1946,7511351;1982,6431512;960,9781126;1402,10531090;1229,1101999;1104,1231975;701,8971411;1384,8001344;1091,1271962;1363,9611335;1438,7951300;1565,974982;1500,10561013;1909,2451814;1526,974994;1900,2641736;2019,9681146;2130,5831525;2051,6881407;2103,6311595;2108,6381556;2128,5961485;
1091,1271962;1888,6441972;1719,7991701;1171,1378932;1684,8491742;1876,7671982;1995,7501793;1529,10741486;1996,8531673;2118,5681828;2042,7291754;2232,10041472;2147,5601780;2062,6831721;2207,10911449;2154,6081763;2169,5721723;2317,10011667;2263,12371428;
2317,10011667;1704,9421969;1772,9501931;1494,11341910;1599,11581863;1308,1391956;1220,1413907;1756,9412016;1551,9882153;1604,11292014;1316,1365956;1632,9772087;1751,8612020;1770,8801992;1662,9012094;1620,11241855;2066,7212034;2000,8001981;2016,7802051;2057,7712079;2108,8411906;2176,12831811;2159,8971886;2385,9151717;2246,12551760;2273,12551726;2415,10901546;2366,8401732;2392,10011573;
2317,10011667;1599,11581863;1551,9882153;1632,9772087;2066,7212034;2000,8001981;2016,7802051;2057,7712079;2176,12831811;2385,9151717;2246,12551760;2415,10901546;2366,8401732;2392,10011573;1556,9602203;1530,9982208;1556,11711961;1508,11872037;1378,14391433;1257,17111200;1316,17261149;1662,9692161;1651,11382083;1363,16751112;1259,14671717;1685,15801056;1858,11532050;1574,11632003;1530,12171954;1668,16661131;1726,15781058;2086,7821997;2328,9251871;1915,14481273;1776,14631270;2062,10531847;2184,13491803;1864,14351396;2189,11821816;2059,14121669;2254,10231923;2146,13811704;2275,11601748;2289,8721927;2279,12691542;2316,12611747;2352,7931782;2405,8381724;2381,11471508;2432,11141532;2471,11121524;
2057,7712079;2385,9151717;2415,10901546;2392,10011573;1257,17111200;1316,17261149;1662,9692161;1668,16661131;2328,9251871;2254,10231923;2289,8721927;2316,12611747;2352,7931782;2432,11141532;2471,11121524;1626,10452187;1534,11982117;1558,12452116;1604,13071967;1443,16181555;1414,17791107;1620,10512236;1372,17751126;2016,11492133;1682,12582014;1678,16241426;1501,17571039;1891,12541972;1679,12752045;1786,15831097;1791,15921021;1953,12082110;2210,15041958;2249,13911839;2315,14841753;2226,11782039;2308,8251957;2297,13841784;2352,14801710;2391,14141534;2431,9111762;
2385,9151717;1668,16661131;2328,9251871;2254,10231923;2316,12611747;2352,7931782;1678,16241426;1786,15831097;1791,15921021;2210,15041958;2315,14841753;2226,11782039;2308,8251957;2297,13841784;2352,14801710;2391,14141534;2431,9111762;1769,10932330;1716,10992300;1838,10832505;1855,13502186;1958,14612006;1936,14342019;1721,14642002;1594,16231730;1507,16891699;1450,17391347;1821,10842457;1834,13652158;1444,15951779;1815,13292239;1814,13082256;1618,18191282;1795,15741872;1695,1615893;1849,10562410;1982,14692001;2287,15081788;2231,15171688;1807,15321844;2040,11522237;2071,12352223;2032,13432025;2107,13802000;2274,14191891;2214,13731892;2251,15111757;2334,7752027;2345,7612041;2290,14751803;2303,9231931;2309,15131718;2517,11421671;2583,11251649;
----Iteration 1----
1171,296439;1772,-397780;743,391052;458,40589;497,362622;422,536594;816,279578;556,307969;750,-42857;572,67870;239,-5391166;1288,672;
759,2871290;308,4361079;903,1751286;890,1041331;909,1521258;813,3631223;879,3941168;842,3371183;921,3151193;1203,271993;1220,341988;1173,348996;963,2481136;1278,252994;1243,2581000;1285,306983;
759,2871290;813,3631223;984,921379;724,4171222;1116,2281369;1191,3321188;1080,5781199;1132,2801233;1260,3131096;1235,3631081;1180,3421137;1311,2371106;1203,3921106;1230,3281139;1269,2991064;1373,397984;1329,4011054;1379,3601016;
1116,2281369;1191,3321188;1080,5781199;1230,3281139;1030,2231453;830,4031494;872,4361440;693,7601154;917,5271438;675,6971204;1044,2351395;831,3851501;974,5501274;978,4831433;1018,5591258;1033,2751356;978,4841376;1179,3121338;1183,4421161;1209,6031144;1223,3291336;1173,4051232;1179,3921227;1304,606982;1357,5701058;1428,4551017;1438,3431027;1409,4211027;1480,475958;1374,4071135;1439,4131022;1475,361986;
1374,4071135;771,9141330;715,9881336;781,9451326;1067,6071585;895,7111488;1239,4361576;938,7251341;770,8821354;1260,4241624;1031,6181567;1062,7051329;812,8831319;1298,4771552;1084,7011372;1063,7221181;1281,7491114;898,7651358;1271,6651553;1310,8121059;1308,4451500;1291,5381552;1351,4071550;1435,7811009;1383,8231013;1356,3551483;1304,6281453;1411,3451297;1479,3471194;1622,7561081;
771,9141330;715,9881336;781,9451326;1067,6071585;1239,4361576;770,8821354;1260,4241624;1031,6181567;812,8831319;1298,4771552;1084,7011372;898,7651358;1271,6651553;1291,5381552;1351,4071550;1304,6281453;1622,7561081;1152,2911672;1048,4141647;1024,7111530;988,7221512;904,7381447;621,8941446;741,9691369;855,10041312;946,9791252;1174,4281618;890,9661299;1245,4301566;980,7341428;837,8291348;982,8601320;1306,5291527;1009,6941547;1132,8261228;1205,10421060;1314,5041542;1325,8441109;1333,4741525;1310,5991489;1363,4451535;1502,8251119;1450,8311077;1580,3421532;1518,7191371;1673,5911453;1643,6631426;1610,8171020;1627,5191475;1686,6591316;
1152,2911672;1502,8251119;1580,3421532;1518,7191371;1673,5911453;1643,6631426;1069,3871684;1117,6911635;1177,6971586;1166,7341536;758,11981461;1052,10861506;975,11801327;1196,11951200;970,11861242;967,10231535;1006,11431303;1269,11471116;1317,6661652;1313,6931601;1298,9161382;1333,10871104;1484,4181572;1479,4101639;1336,6351624;1270,10971255;1475,4581623;1391,9041261;1376,10161145;1401,9321260;1429,9191191;1671,2051502;1470,7951126;1622,8621109;1623,6501498;1651,6161486;1804,6781352;1599,893987;1863,6341296;
1643,6631426;758,11981461;1052,10861506;967,10231535;1317,6661652;1313,6931601;1336,6351624;1475,4581623;1623,6501498;1155,6761694;1026,9961539;1125,10511534;1039,11111509;1143,11321484;762,11221496;1244,7771637;1046,11351482;1389,12851254;1209,13521347;1227,10761527;1244,10471514;1186,11791444;1466,5411590;1576,4541668;1319,6841558;1391,9701427;1594,12151331;1650,4901563;1686,4201578;1762,6041452;1817,12941241;1728,4821573;1682,6301490;1721,13351193;1838,13151221;1784,8561306;1865,5721470;1838,12831277;1865,12881235;1968,7851424;1904,11981286;
758,11981461;1155,6761694;1209,13521347;1227,10761527;1244,10471514;1186,11791444;1576,4541668;1391,9701427;1838,13151221;1128,6981715;1367,7451688;1266,8011672;1089,9471602;1110,11611482;1093,11901430;1135,12551427;1219,12991337;1249,8271643;1448,7631620;1208,8781666;1231,10721517;1199,11331590;1270,13291332;1740,13831233;1381,9151494;1839,13611133;1829,13521187;1778,13051245;1793,13571174;1813,12831368;1769,13441306;1865,13101216;1915,7351666;1955,6931649;2109,8441540;2170,12481339;2117,12871295;2149,9041483;2172,12961260;
1227,10761527;1244,10471514;1576,4541668;1838,13151221;1266,8011672;1448,7631620;1231,10721517;1199,11331590;1740,13831233;1381,9151494;1839,13611133;1829,13521187;1778,13051245;1793,13571174;1813,12831368;1769,13441306;1865,13101216;1915,7351666;1955,6931649;2109,8441540;2170,12481339;2117,12871295;2149,9041483;2172,12961260;1235,7661693;1253,9611674;1219,11441543;1143,12511490;1120,13191493;1416,13871443;1339,15311292;1415,14541312;1396,7451719;1202,12041488;1304,14071336;1529,4791688;1229,10161657;1741,13661275;1511,13981127;1816,14461017;1762,13551266;1860,13881099;1927,13351123;1866,10691483;2046,13111096;1870,13061186;1948,10341484;2018,13261114;2001,9231473;2207,12291282;2137,12851293;2149,12721390;2223,12701231;2204,11351326;
1838,13151221;1266,8011672;1448,7631620;1199,11331590;1829,13521187;1778,13051245;1769,13441306;1865,13101216;1915,7351666;1955,6931649;2109,8441540;2149,9041483;2172,12961260;1235,7661693;1253,9611674;1219,11441543;1120,13191493;1339,15311292;1415,14541312;1396,7451719;1229,10161657;1762,13551266;1866,10691483;2046,13111096;1870,13061186;1948,10341484;2018,13261114;2207,12291282;2149,12721390;2223,12701231;2204,11351326;1129,10971695;1320,11791536;1270,12891497;1483,14201464;1431,14221441;1398,14801438;1374,15121482;1559,15431108;1535,15761004;1564,5221703;1081,11731563;1415,13861484;1668,1563944;1376,11231583;1750,14161292;1770,14741085;1810,1482947;1543,13601434;1770,12821511;1715,13441431;1966,14481134;1866,5611686;1980,14141180;1977,10231471;2114,13271080;2099,9111558;2091,9721568;2171,12881381;2111,8871496;2195,12571398;2238,12271209;2293,8121275;2234,12671214;
----Iteration 2----
1249,-596137;508,-151354;949,122280;516,514434;850,-6431301;633,319942;1241,-206994;1187,82707;816,441870;803,-621210;
544,341315;608,339257;212,485492;392,539120;850,2721658;887,1801659;906,2171655;867,1861665;1026,1781699;
212,485492;392,539120;850,2721658;789,4551576;888,4031563;821,3701600;805,4281496;936,3701543;904,3311567;1189,2261827;1172,2421751;
789,4551576;888,4031563;821,3701600;805,4281496;936,3701543;633,541488;706,495612;947,-2882003;987,-3141971;1126,1921947;1013,3541599;1268,2901809;1211,2951852;1238,2321818;1283,1861768;1285,1971767;
633,541488;490,6991436;519,7191109;495,7731061;517,7351071;522,6531156;621,5431796;589,5461091;550,5611064;534,6121171;1010,5281413;1323,4711529;1494,4702037;1496,4351805;1300,4741549;1533,4302106;
490,6991436;495,7731061;517,7351071;621,5431796;1494,4702037;1533,4302106;401,6521680;438,7241578;509,5221798;686,7101276;540,7221318;898,6731484;1148,6191723;1165,6321633;1585,2442019;1297,6201617;1554,6361495;1564,2832084;1719,5121734;1640,4451895;1703,5101762;1682,6151676;1683,4051809;1710,5661711;1693,5401763;
1494,4702037;1533,4302106;1165,6321633;1297,6201617;1564,2832084;1640,4451895;1703,5101762;1682,6151676;1710,5661711;1693,5401763;699,6362026;634,7481973;1064,7301897;1052,7741739;1157,2262112;1086,7391887;725,6571915;1169,6291741;1147,6661723;1174,7081632;1127,5611771;1591,6791507;1436,5861753;1592,6741527;1576,1982068;1574,7041528;1611,2422047;1643,2651974;1635,6441559;1690,2642028;1715,2861922;1792,4891883;1645,6221516;1823,5401732;1871,5641677;1903,5101698;1881,5131750;1915,5341695;1916,5301641;
1494,4702037;1533,4302106;1564,2832084;1682,6151676;634,7481973;1064,7301897;1052,7741739;1086,7391887;1436,5861753;1792,4891883;1197,1742189;1141,2622220;726,6412097;731,7122093;845,7821965;1058,7661936;880,8031929;1313,982198;1082,7031924;1339,1262157;1276,2292144;1228,3632142;1160,6761885;1289,6391809;1349,6051786;1717,7541666;1849,7491631;1722,4152071;1807,6101669;1846,7771619;1757,4142068;1768,2401983;2024,5911694;1867,7321618;1841,4821897;1980,5311784;2025,5111816;2019,5711772;2053,4811782;
1494,4702037;1533,4302106;1564,2832084;1197,1742189;1141,2622220;731,7122093;1058,7661936;1313,982198;1339,1262157;1276,2292144;1228,3632142;1722,4152071;1757,4142068;1158,2302224;1166,2562185;1146,2802211;714,7382136;906,8111991;1377,942182;1389,972163;801,6742134;964,8231961;1242,2602130;943,4882070;1193,8121929;1496,9591556;1383,7651857;1552,3072115;1605,3242076;1745,5221990;1667,9331693;1909,8121580;1932,3132020;1925,7951700;1917,3332064;1914,8011651;2123,7161962;2149,7841825;2152,7241918;2149,7391940;
1494,4702037;1533,4302106;1141,2622220;1722,4152071;1757,4142068;1158,2302224;801,6742134;1193,8121929;1745,5221990;1917,3332064;2123,7161962;2149,7391940;749,7652150;941,8352028;989,8922026;1079,8332101;1659,9991808;1669,9911767;1532,3182216;1171,9002021;1644,10051836;1639,3012169;1117,4822081;1183,7591977;1280,7721933;1744,3892117;1705,3692146;1761,3662102;1897,3942092;1942,4022055;1979,3032045;1977,3412029;2228,4912011;2185,8091850;2174,4112025;2128,8781846;2181,7921930;2186,7391855;2182,7061865;
941,8352028;989,8922026;1079,8332101;1659,9991808;1171,9002021;1644,10051836;1744,3892117;1705,3692146;2228,4912011;2174,4112025;1530,4012275;1288,5052263;1070,6542181;1238,8302154;1633,10191831;1672,9851812;1531,3362271;1674,10131789;1654,10231780;1652,3182278;1804,3642242;1545,5422159;1573,8042078;1333,9721989;1669,9881862;1820,3332272;1614,4832044;1618,6892034;1719,9171824;1968,9031484;1914,4292108;1943,4032061;2134,4462031;2168,3462165;2200,8691997;2231,8471890;2178,8831923;2205,8661904;2256,7841905;
----Iteration 3----
190,2971043;1140,-24519;1410,-67154;998,-539945;379,434190;843,-11940;756,-335977;485,422334;758,192390;905,55872;694,1741094;995,-3951528;
1009,4261361;881,2091516;991,4051385;650,1421780;911,1571615;1149,3811284;1091,3931383;898,-1581688;1175,3821266;940,-2811671;945,-2421664;1057,3361440;1148,4651255;1238,3131458;1257,3221419;
796,4091749;739,4021790;720,2112053;1280,5101548;757,1562015;1313,4541569;939,-1231892;1241,4681560;1295,4831534;1226,4621648;1265,4281742;1293,3951690;1440,3951609;1348,3761626;1398,4381620;
720,2112053;757,1562015;939,-1231892;1265,4281742;1293,3951690;1440,3951609;1348,3761626;1398,4381620;717,3931875;765,1061896;746,1901913;748,2211905;839,1861883;922,2591869;1148,5561845;1386,4931620;1185,5521802;1318,5471659;1215,4451858;1436,4391585;1345,3691637;1421,3191662;1395,3571667;1336,4421656;1501,4881583;1553,4671520;1581,4821509;
1293,3951690;1398,4381620;1386,4931620;1215,4451858;1421,3191662;1501,4881583;1553,4671520;1581,4821509;770,2112104;661,4221996;599,4402036;868,6951822;1046,6361548;1045,7361461;763,8131931;1226,5681840;919,6911865;1083,7641456;1121,7061420;1214,2761915;997,5831989;1148,6971350;1211,5581956;1255,4931805;1263,4681793;1241,5101791;1278,6251650;1258,3871836;1321,5411689;1347,6021659;1291,5081763;1411,3751721;1411,4071682;1372,4861627;1440,5731619;1488,4991601;1588,6041483;1487,5011611;1502,5451577;1534,6241552;
1421,3191662;1553,4671520;1581,4821509;1045,7361461;1226,5681840;1083,7641456;1211,5581956;1278,6251650;1321,5411689;1347,6021659;1291,5081763;1411,3751721;1411,4071682;1440,5731619;1588,6041483;1534,6241552;766,1962247;713,3372239;944,9132114;913,9832055;931,9642001;787,2232213;825,2172167;958,9602064;857,1092206;956,9791852;974,8692146;1185,4642087;1172,5591894;1033,8002037;1169,7031718;1206,6991675;1304,4151978;1257,6051798;1367,6861584;1403,7331544;1278,4942049;1503,2181879;1521,6421577;1468,3181822;1534,6351542;1527,5311648;1537,5621574;
1581,4821509;1588,6041483;1534,6241552;944,9132114;913,9832055;931,9642001;958,9602064;956,9791852;974,8692146;1033,8002037;1304,4151978;1367,6861584;1521,6421577;1534,6351542;1527,5311648;723,2482325;676,2532300;585,8852204;647,3072288;941,8782146;962,9432025;781,702389;797,7852159;1012,8712075;992,8992093;1132,9292023;1019,4172275;919,5742245;1222,7801964;1139,8561938;1283,8911675;1238,5092146;1134,6172021;1211,7321972;1351,8271725;1210,5682197;1300,7131953;1279,4942178;1369,3332047;1358,7711740;1473,7901557;1357,8091786;1560,6111632;1578,5001659;1577,4061834;1605,2872033;1565,5011805;1615,4491800;
781,702389;1019,4172275;1577,4061834;1605,2872033;1565,5011805;1615,4491800;800,2222334;862,4342330;771,9592287;1116,10242168;1250,10601925;1119,10192109;918,8302196;1243,11291911;1013,5882283;1003,11222067;1223,12271952;1168,5872247;1294,11801882;1317,11561860;1222,5772210;1268,5642188;1324,5962180;1229,12181868;1343,10991849;1298,5512182;1328,10201887;1346,5132108;1379,9862067;1453,8991984;1484,4861904;1477,8341872;1540,1972045;1498,7571696;1627,3961939;1744,4791700;1632,6461688;1644,4231766;1645,6231683;1661,5801704;
1605,2872033;1565,5011805;1250,10601925;1243,11291911;1223,12271952;1294,11801882;1317,11561860;1229,12181868;1343,10991849;1328,10201887;1379,9862067;1453,8991984;1477,8341872;1540,1972045;1498,7571696;1627,3961939;1744,4791700;1632,6461688;1645,6231683;902,13782280;1125,12542047;1141,11752084;1100,13822019;1199,12501877;1173,12692046;1103,13592098;1180,7932244;1112,12462122;1237,6322270;990,9932406;1149,11262376;1354,6172235;1267,10591893;1311,11571867;1383,5912195;1379,7522094;1345,11191829;1393,6062123;1396,5692071;1471,8241985;1387,10001807;1396,10651773;1404,6142006;1430,7771994;1457,8471905;1425,10081790;1711,4931923;1671,5971797;
1605,2872033;1565,5011805;1223,12271952;1229,12181868;1379,9862067;1453,8991984;1477,8341872;1540,1972045;1627,3961939;1744,4791700;1632,6461688;1645,6231683;1141,11752084;1199,12501877;1103,13592098;1112,12462122;990,9932406;1149,11262376;1354,6172235;1379,7522094;1471,8241985;1387,10001807;1396,10651773;1404,6142006;1430,7771994;1457,8471905;1711,4931923;1671,5971797;992,13022291;916,14392332;1104,14882008;986,8972470;1320,6622319;931,13372373;967,15072305;1108,14382020;1109,14612006;1037,9902437;1028,14872179;1057,13892117;1113,14112018;1150,14541982;1237,10982311;1215,11742310;1117,14142011;1188,13222079;1155,13601839;1321,6962259;1399,6412210;1362,11971971;1418,5812139;1421,9791879;1377,11561928;1491,4122026;1522,7981907;1482,10351798;1514,4291998;1511,9701648;1688,4971870;1618,7931624;1736,4481909;1854,4461702;
1605,2872033;1565,5011805;1540,1972045;1627,3961939;1149,11262376;1354,6172235;1711,4931923;1671,5971797;916,14392332;1320,6622319;967,15072305;1237,10982311;1215,11742310;1321,6962259;1399,6412210;1377,11561928;1491,4122026;1522,7981907;1514,4291998;1736,4481909;1854,4461702;1111,6962529;1066,7082483;1042,15802290;1186,17382253;1013,13042396;1021,13852376;1248,16592235;1149,9972480;1086,12402413;1299,15152223;1293,15212214;1307,6792275;1322,14852241;1315,9622269;1499,12891823;1365,14302213;1477,9892181;1462,10191954;1483,8831978;1512,12821827;1623,2922023;1871,4341890;1628,11331563;1611,3192028;1650,10951573;1750,3361969;1746,9061771;1853,4971891;1770,3021914;1876,4081712;
----Iteration 5----
1021,-561832;1170,43631;574,-6091006;1129,273562;704,320964;195,381683;581,-6601260;18,-2801131;539,-661037;1323,-12309;1083,108748;807,289676;
929,76987;810,-5151118;772,1261224;771,1591179;1050,-106981;1022,86957;1022,-2641110;1099,72894;1051,-2371057;1128,7968;1279,349792;1223,-152942;1248,349798;1251,367783;1280,341743;
772,1261224;771,1591179;754,521229;973,1761004;1071,1631000;1278,403908;1338,376898;1307,358913;1504,-1781334;1354,309873;1533,1461189;1546,1351222;1395,336793;1585,1621131;1634,1541120;
1278,403908;1338,376898;1307,358913;1395,336793;1045,447604;919,461275;877,2051490;921,1681391;1083,439395;1380,3491247;1431,3301387;1432,2711260;1458,-2091668;1457,2361389;1415,-341732;1510,2501228;1493,1451466;1562,2181207;1524,1121491;1637,2791129;1586,2441157;1660,1771363;1647,1881330;
1264,567926;1284,613914;1519,3161813;1255,5971031;1554,2911868;1601,3331788;1611,3601762;1565,4141740;1547,4281730;1577,3941803;1608,4361644;1599,3661797;1593,4061778;1571,5251711;1741,2951652;1674,3431701;1823,3551450;1815,3591385;1803,3381461;1801,4021397;1811,4071394;
1519,3161813;1255,5971031;1554,2911868;1577,3941803;1571,5251711;1413,673946;1582,3111847;1461,3861922;1630,5341658;1583,2751840;1657,4231785;1606,5591654;1641,4871797;1645,5321603;1634,5301614;1738,3411782;1690,4601570;1819,4181698;1843,4501677;1824,4051756;1914,3781657;1985,3821654;
1461,3861922;1641,4871797;1578,2851910;1402,7311466;1571,3551946;1463,7011379;1420,6891406;1589,3321870;1637,4811799;1635,3511838;1814,4391818;1750,5741764;1803,4591827;1789,5011729;1829,4331760;1860,4341713;1821,4521739;2076,3311607;2034,4101713;2020,4741691;2064,3301757;2007,3481815;2029,4041782;2053,3471722;
1402,7311466;1463,7011379;1420,6891406;1750,5741764;1553,4511931;1456,5251919;1398,5421886;1509,6791479;1470,6841448;1462,5291907;1742,3812116;1611,6621512;1763,4302091;1764,4182060;1777,4291986;1821,5471855;1724,6151758;1775,5491823;1855,4981925;1866,4871917;1875,4501892;2001,5441860;2030,4971829;2071,4631867;2054,4071926;2098,4901844;
1414,5781936;1365,6281957;1683,7911547;1363,6341949;1690,7621534;1736,7031544;1919,5192101;1950,6881798;1956,6391822;2048,6061890;2098,5432043;2075,5672062;2148,5272083;2142,4762128;2191,4672168;2245,4752143;2212,5122097;
2205,8192192;2299,8002161;2371,7782209;2250,8452191;
2205,8192192;2371,7782209;2250,8452191;1746,5062251;1872,7892226;1716,7602235;1828,8482206;1873,8392211;2395,8492094;2394,8942133;2409,8142173;2399,8272168;2436,7662203;2438,7872160;2445,7282201;
----Iteration 8----
627,-1311028;651,311704;603,-4651083;436,2771055;1245,80169;740,18750;702,303719;785,-119816;784,14599;574,-3721196;255,-1301260;238,314481;802,24419;642,-8481124;623,-4721347;910,-1076892;183,818-67;643,94836;1173,35350;898,-15570;408,471384;987,-676618;
1213,307460;1217,192430;1149,107709;902,419531;522,-296891;1145,361440;1102,332554;1585,91550;1679,174443;1614,114506;1712,119401;
1593,814854;1552,801862;1439,2691200;1601,421783;1756,435760;1724,560769;1763,401719;
1439,2691200;1165,924786;1227,957766;1274,3521313;1168,3541243;1297,2431216;1744,796944;1445,3191145;1473,3391098;1528,2821172;1637,653982;1736,898921;1673,3661037;1679,655960;1710,906809;1625,6221033;1707,424968;1685,614951;1650,3991031;1693,3421011;1713,596960;1834,537900;1817,566863;
1370,2881361;1314,9111085;1200,974728;1141,881528;1301,3361393;1303,3571359;1767,936958;1773,968905;1526,5081329;1585,1721205;1799,966908;1866,915891;1860,8821024;1770,4941152;1900,8701096;1794,4521172;1851,9101125;1937,8471039;1912,8421085;
1526,5081329;1900,8701096;1851,9101125;1937,8471039;1519,3381506;1472,4411570;1526,2931611;1599,3321580;1388,10151259;1634,10891057;1784,1111950;1457,8271212;1762,9671074;1750,10291091;1614,3021602;1826,1052881;1659,2271380;1782,6891299;1875,9521107;1800,6581309;1820,8051184;1851,6191302;1802,6541316;1896,9541069;1848,1021909;2022,8421142;2116,7081188;2098,7571211;2153,7051126;
1900,8701096;1472,4411570;1388,10151259;1784,1111950;1750,10291091;1614,3021602;1826,1052881;1875,9521107;1896,9541069;1848,1021909;2153,7051126;1559,3111632;1407,9361275;1384,8701370;1280,8991366;1380,9251291;1317,11931241;1292,12471194;1447,4191620;1375,9221333;1425,5791571;1412,11111152;1674,11441105;1395,9651231;1677,3881596;1739,10191154;1786,10081145;1806,1076907;1699,3511553;1889,9231136;1872,998883;1871,1000908;1907,9181076;1944,7691429;2066,8511180;1952,8451338;2133,7711243;2148,7951205;2057,7911298;2135,8101178;
1784,1111950;1750,10291091;1384,8701370;1317,11931241;1292,12471194;1674,11441105;1677,3881596;1739,10191154;1786,10081145;1628,4551703;1604,4791726;1356,9251400;1271,10421515;1259,11371447;1288,12101405;1575,5761769;1498,7181668;1269,11641421;1304,12081400;1731,12251081;1633,4091683;1493,6581683;1685,7941433;1569,11621225;1630,4251665;1516,6311618;1451,10161317;1626,10631240;1711,12111098;1794,1139941;1801,10791065;1850,10951031;1954,6811575;1919,9351338;1983,1001981;1890,1019997;2011,6561496;1959,7721484;1988,9891328;2074,8701310;2214,9391077;2231,5371498;2213,8571375;2216,5861575;2260,9341117;2258,8271293;
1317,11931241;1292,12471194;1628,4551703;1604,4791726;1271,10421515;1288,12101405;1575,5761769;1304,12081400;1731,12251081;1569,11621225;1711,12111098;1954,6811575;1919,9351338;1959,7721484;1988,9891328;2214,9391077;2216,5861575;2260,9341117;1549,5951736;1546,7641713;1489,8581756;1422,8981715;1272,11221474;1315,11101488;1283,11761454;1239,11981449;1238,12401369;1666,12731098;1337,11901388;1775,6161702;1349,10601411;1704,12681117;1789,1182994;1675,6871611;1538,8401738;1856,10401406;1968,10851289;1854,11761027;1887,6381578;1887,7151562;1883,10231444;1873,11001049;1968,7251555;1954,7681486;1884,10131357;2023,10621309;2102,9291439;2053,9721080;2336,7571505;2174,9591129;2393,8931425;2385,9071410;2365,7761467;
1317,11931241;1288,12101405;1304,12081400;1731,12251081;1569,11621225;1711,12111098;1954,6811575;1959,7721484;2216,5861575;1283,11761454;1239,11981449;1238,12401369;1666,12731098;1337,11901388;1775,6161702;1704,12681117;1789,1182994;1856,10401406;1854,11761027;1887,6381578;1887,7151562;1883,10231444;1968,7251555;1954,7681486;2023,10621309;2336,7571505;2393,8931425;2385,9071410;1743,8131779;1525,9081764;1366,10011728;1113,10871651;1342,11511526;1365,12901197;1426,9181712;1700,13111028;1809,5931709;1741,8651782;1534,9101585;1496,11141501;1978,11321341;1853,5671673;1868,10301408;1868,11481094;1857,2341729;1945,6161628;1906,10341372;2010,10991252;2111,6611562;2029,6791533;2163,10621035;2240,8771480;2376,9601377;2465,8451464;2328,10111328;2381,9311476;2390,9271402;2411,9591400;2412,8961372;
1288,12101405;1304,12081400;1238,12401369;1775,6161702;1856,10401406;1883,10231444;2023,10621309;1743,8131779;1525,9081764;1366,10011728;1809,5931709;1741,8651782;1534,9101585;1496,11141501;1978,11321341;1853,5671673;1868,10301408;1945,6161628;1906,10341372;2376,9601377;2328,10111328;2411,9591400;1697,8401839;1666,8021876;1329,9981913;1343,10451863;1313,10941759;1374,12021538;1502,15541285;1475,15031339;1422,11781529;1480,12671299;1729,12721275;1902,1931794;1506,9221762;1508,14911260;1794,16071058;1914,2891749;1764,7261875;1721,10711541;1865,12831120;1946,3641727;2032,11441268;2115,13731075;2023,8811606;2543,8821565;2500,8881582;2288,11551186;2495,9091538;2422,9461414;2491,9361490;2291,10631175;2481,9071553;2369,9671348;2445,9221510;
----Iteration 9----
1138,-33922;1323,-327548;484,363910;464,-491067;664,-5191035;1032,108752;1206,-419721;1199,-643936;418,432794;1068,139670;766,341860;
970,6441108;957,6591081;1020,6341124;999,6881047;981,752981;1169,5301056;1179,5521034;
790,8891381;1150,8801363;1083,8901365;1023,9071265;1185,4921501;1242,4531492;1273,8591447;1301,8041382;
1406,11921727;1424,11891718;1513,10361769;1454,11291718;1480,10361777;
1406,11921727;1424,11891718;1513,10361769;1454,11291718;1480,10361777;1273,12141469;1345,11371739;1534,9681739;1513,10321781;1460,10901753;1423,11321781;1560,9581751;1593,9681731;1696,9851696;1637,10061709;1624,10401698;
1406,11921727;1424,11891718;1454,11291718;1345,11371739;1423,11321781;1696,9851696;1637,10061709;1624,10401698;1379,9221904;1373,9661959;1316,12171506;1307,11631794;1265,13021463;1354,12141529;1508,10781843;1529,10551882;1485,11201898;1586,10061774;1568,10021779;1504,10971812;1603,10041731;1647,9691702;1792,10091654;1587,10531658;1795,9811666;1723,9251681;1756,9801676;
1485,11201898;1124,12781777;1102,13231713;1346,13021671;1399,12841657;1288,10001982;1487,12561783;1540,10051965;1544,11491891;1403,12101811;1495,12301669;1557,9681945;1563,11321818;1536,11731845;1547,11901743;1775,10371926;1616,11751789;1752,10811871;1834,10221931;1757,12171707;1945,9781797;1887,10611780;1953,10171751;1893,10561744;2031,9481758;2037,9591726;
1536,11731845;1566,10562034;1542,11482001;1430,11941956;1662,11671909;1484,11661987;1379,14551843;1330,15161821;1654,12071834;1445,13691823;1618,12541808;1434,13491847;1493,13991790;1692,11531946;1681,12381820;1462,13351851;1708,12951716;1636,13241634;1567,13271669;1953,11011970;1829,13121709;1937,11071998;1933,11381967;1993,11521931;2050,11281817;2009,10511860;2020,9931877;2093,11741797;2115,12001775;
1566,10562034;1542,11482001;1430,11941956;1662,11671909;1484,11661987;1379,14551843;1445,13691823;1618,12541808;1434,13491847;1493,13991790;1692,11531946;1681,12381820;1462,13351851;1953,11011970;1937,11071998;1933,11381967;1993,11521931;2093,11741797;1534,11122029;1539,11272004;1389,12591996;1357,12711937;1259,13591895;1379,15041832;1292,15271852;1359,15271834;1419,12411974;1284,12891967;1456,15161789;1854,10962013;1392,12581883;1460,14671801;1857,11421933;1694,12291860;1929,10502013;1799,11631911;2114,10251972;2058,11361900;2041,11141961;2049,15481638;2009,15101663;2190,11011873;2271,14001688;2297,14171677;2195,10141850;2211,10971812;2270,13411793;2452,14261643;
1937,11071998;1389,12591996;1357,12711937;1419,12411974;1284,12891967;1456,15161789;1854,10962013;1929,10502013;2049,15481638;2009,15101663;1635,11862014;1650,12351972;1257,13101984;1451,15271905;1430,15291866;1415,15601789;1866,10692043;1691,11642030;1492,15141767;1744,15731654;2094,10921998;1654,11841995;2211,12281990;2258,11881970;2308,11771917;2266,11991953;2433,12851889;2517,14201883;2546,15041871;2578,14251855;2628,14011851;
1937,11071998;1357,12711937;1284,12891967;1854,10962013;1929,10502013;2049,15481638;1635,11862014;1650,12351972;1257,13101984;1451,15271905;1430,15291866;1866,10692043;2094,10921998;1654,11841995;2211,12281990;2258,11881970;2266,11991953;2546,15041871;2578,14251855;2628,14011851;1504,15161927;1672,15801827;1752,16351729;1999,9322012;1834,11792059;1585,12692043;1811,16371682;1926,12671919;1986,15311758;2222,10921977;2009,15841577;2287,11801952;2425,11891924;2569,15221802;2520,14191907;2525,14381901;2636,13751858;2575,13901902;2692,13381829;2664,13561820;2714,12871762;2729,12841791;
