----Iteration 5----
-99,370-33;-144,35313;248,241-1;-506,411-232;148,-59281;188,19150;50,-21264;-11,235264;290,179187;214,18099;357,197-38;177,338230;
323,297651;230,351647;281,365590;381,289627;550,283581;395,356609;551,418571;619,430547;607,475516;723,367505;629,395463;724,331543;
323,297651;230,351647;281,365590;381,289627;395,356609;551,418571;619,430547;607,475516;723,367505;724,331543;570,301582;551,260590;455,529387;590,467517;536,306620;626,444470;600,366548;636,338568;638,420510;707,341565;675,401417;699,359550;710,391431;708,318574;710,382531;738,375471;
323,297651;230,351647;395,356609;619,430547;607,475516;723,367505;724,331543;455,529387;590,467517;707,341565;699,359550;710,382531;738,375471;272,654478;202,606537;626,458486;555,451541;569,512441;653,333639;640,368602;547,526374;625,467461;576,513393;675,369542;640,422585;717,340601;675,417526;715,400484;733,432428;807,226462;787,261403;790,231364;
323,297651;230,351647;395,356609;619,430547;607,475516;723,367505;724,331543;455,529387;590,467517;707,341565;699,359550;710,382531;272,654478;202,606537;626,458486;555,451541;569,512441;653,333639;640,368602;547,526374;625,467461;576,513393;675,369542;640,422585;717,340601;675,417526;715,400484;733,432428;807,226462;306,268674;229,461572;149,529554;224,628514;196,634525;283,670454;288,424563;211,453612;484,287649;328,592480;285,610523;379,594458;313,604512;693,259706;632,376607;502,640378;721,217683;735,328600;642,508367;664,365574;671,377569;744,436420;701,506409;773,300602;754,316594;748,389476;722,447367;769,397458;834,247441;818,316430;834,285396;
230,351647;395,356609;619,430547;607,475516;723,367505;590,467517;707,341565;699,359550;710,382531;272,654478;202,606537;626,458486;555,451541;640,368602;625,467461;675,369542;640,422585;717,340601;675,417526;715,400484;733,432428;229,461572;196,634525;283,670454;328,592480;379,594458;313,604512;693,259706;632,376607;502,640378;721,217683;664,365574;744,436420;701,506409;754,316594;748,389476;577,316653;224,452627;249,573545;193,543555;707,282677;350,433600;213,491621;304,630523;650,313704;455,479543;338,535568;338,647474;494,622380;637,416604;581,522533;574,610357;533,595427;696,266678;654,303689;650,567394;592,593469;673,392569;739,334643;644,435520;699,514348;687,529348;783,306657;759,345526;747,507345;706,510379;773,503350;802,296620;788,460398;843,410460;837,306557;843,320477;
230,351647;619,430547;607,475516;590,467517;710,382531;626,458486;640,368602;625,467461;640,422585;717,340601;675,417526;733,432428;196,634525;693,259706;632,376607;502,640378;721,217683;664,365574;744,436420;754,316594;224,452627;249,573545;193,543555;707,282677;304,630523;650,313704;338,535568;637,416604;581,522533;696,266678;650,567394;592,593469;673,392569;739,334643;644,435520;783,306657;747,507345;773,503350;802,296620;788,460398;843,410460;837,306557;843,320477;229,495621;224,608550;175,560578;347,664512;318,707463;435,676346;471,681293;672,313690;200,665501;363,448602;289,491605;499,645507;664,260726;594,402646;589,509555;581,619442;738,325673;631,599381;685,427519;652,424570;726,534409;656,543359;762,298675;748,425517;760,376573;818,323571;798,457302;788,495242;
710,382531;640,422585;733,432428;196,634525;693,259706;632,376607;502,640378;721,217683;744,436420;754,316594;707,282677;304,630523;650,313704;637,416604;696,266678;592,593469;673,392569;739,334643;783,306657;747,507345;773,503350;802,296620;788,460398;843,410460;837,306557;843,320477;229,495621;224,608550;175,560578;347,664512;318,707463;435,676346;471,681293;499,645507;664,260726;594,402646;589,509555;581,619442;738,325673;631,599381;652,424570;726,534409;762,298675;748,425517;760,376573;818,323571;798,457302;788,495242;632,192754;567,243745;587,337681;415,453680;436,461662;296,547588;315,588563;366,721435;364,744387;653,200736;596,231763;357,535605;423,667509;469,672453;440,446633;636,530543;513,652327;704,254695;681,331691;561,506584;737,369655;627,495565;694,475546;712,538404;655,597467;750,338635;761,492417;784,283666;727,491444;706,582359;796,272677;891,309458;862,345410;
710,382531;693,259706;632,376607;502,640378;721,217683;754,316594;707,282677;650,313704;637,416604;696,266678;592,593469;673,392569;739,334643;783,306657;773,503350;802,296620;788,460398;843,410460;837,306557;229,495621;224,608550;347,664512;318,707463;471,681293;499,645507;664,260726;594,402646;581,619442;738,325673;631,599381;726,534409;762,298675;748,425517;760,376573;818,323571;798,457302;632,192754;567,243745;587,337681;415,453680;436,461662;315,588563;366,721435;364,744387;653,200736;596,231763;357,535605;423,667509;469,672453;440,446633;513,652327;704,254695;681,331691;737,369655;694,475546;712,538404;655,597467;750,338635;761,492417;784,283666;727,491444;706,582359;796,272677;891,309458;862,345410;586,227773;491,275754;204,503643;359,635533;326,694485;364,735416;366,751369;576,192783;419,356729;571,528602;321,565615;463,687365;556,571554;677,444568;654,531599;765,551402;795,308639;770,556396;691,569365;811,280643;794,561338;824,254680;801,332582;799,438446;855,278522;853,370486;
710,382531;693,259706;502,640378;754,316594;650,313704;637,416604;592,593469;673,392569;739,334643;783,306657;773,503350;802,296620;788,460398;843,410460;837,306557;347,664512;318,707463;499,645507;664,260726;594,402646;581,619442;738,325673;726,534409;762,298675;748,425517;760,376573;818,323571;632,192754;587,337681;415,453680;436,461662;315,588563;366,721435;364,744387;653,200736;596,231763;423,667509;469,672453;440,446633;704,254695;681,331691;737,369655;694,475546;712,538404;655,597467;750,338635;761,492417;784,283666;727,491444;706,582359;796,272677;891,309458;586,227773;491,275754;204,503643;359,635533;326,694485;364,735416;576,192783;419,356729;571,528602;321,565615;463,687365;556,571554;677,444568;654,531599;765,551402;795,308639;770,556396;811,280643;794,561338;824,254680;801,332582;799,438446;855,278522;853,370486;482,252806;393,407713;401,403696;342,525630;552,560589;378,619561;375,761374;546,273769;320,319732;379,536625;307,710457;585,260751;508,709326;486,718276;608,510619;549,705306;689,384631;633,663353;712,246690;726,290683;676,605449;704,586396;751,608335;696,640327;746,609319;755,574391;822,337524;822,490348;882,359471;890,310503;
710,382531;693,259706;754,316594;650,313704;637,416604;592,593469;673,392569;739,334643;783,306657;802,296620;843,410460;837,306557;347,664512;318,707463;499,645507;664,260726;581,619442;738,325673;726,534409;762,298675;748,425517;760,376573;818,323571;632,192754;587,337681;415,453680;436,461662;315,588563;366,721435;653,200736;596,231763;423,667509;469,672453;704,254695;681,331691;737,369655;694,475546;712,538404;655,597467;750,338635;761,492417;784,283666;727,491444;706,582359;796,272677;891,309458;586,227773;491,275754;204,503643;359,635533;326,694485;364,735416;576,192783;419,356729;571,528602;321,565615;463,687365;556,571554;677,444568;654,531599;765,551402;795,308639;770,556396;811,280643;794,561338;824,254680;801,332582;799,438446;855,278522;853,370486;482,252806;393,407713;401,403696;342,525630;552,560589;378,619561;375,761374;546,273769;379,536625;307,710457;585,260751;508,709326;486,718276;608,510619;549,705306;689,384631;633,663353;712,246690;726,290683;676,605449;704,586396;751,608335;696,640327;746,609319;755,574391;822,337524;822,490348;882,359471;890,310503;229,450800;363,492664;296,620550;479,329778;506,569564;426,746293;479,330760;378,425689;417,748388;568,747256;599,415679;622,493638;447,663478;524,643414;728,197724;585,591473;682,645300;768,179731;712,626338;763,433483;780,558369;840,218664;799,482404;919,264473;
----Iteration 6----
94,-38327;181,138143;292,127-150;-118,-56350;69,138214;225,137-5;13,304264;180,192206;9,510-102;-51,46957;102,34054;-15,35088;129,26716;
146,221255;126,219284;111,244284;42,46990;174,216220;58,335246;51,295312;132,54409;194,98396;170,144299;119,298248;175,287138;41,304268;70,306267;126,416100;241,27415;130,395130;183,29972;165,34415;258,-40434;171,276194;378,-7370;403,-54466;397,-28300;432,-41349;
126,219284;111,244284;42,46990;174,216220;119,298248;175,287138;70,306267;126,416100;130,395130;171,276194;403,-54466;93,150368;136,211340;20,413335;-15,437349;5,466328;94,251351;-3,67990;102,104461;40,357412;41,310365;-75,495199;39,70376;73,59644;106,285284;62,374342;94,53047;89,57126;185,203335;282,45437;163,286256;133,41634;220,389120;364,146386;280,271108;514,73405;515,50414;476,119431;426,125337;
111,244284;119,298248;171,276194;403,-54466;136,211340;20,413335;-15,437349;5,466328;94,251351;102,104461;40,357412;39,70376;106,285284;62,374342;185,203335;282,45437;163,286256;364,146386;514,73405;515,50414;476,119431;38,88501;83,262432;44,380409;-75,523303;1,512315;-89,543265;34,654145;52,682101;85,73483;45,336427;77,421329;37,627181;-6,478317;71,618123;153,126457;48,344363;45,468316;69,540185;181,579157;158,614132;93,610133;193,562124;430,170377;362,199328;241,394176;207,445107;193,57037;204,463134;291,365157;206,398146;533,85371;459,141375;461,162302;374,197306;539,125359;384,225285;616,-78420;506,129337;580,-63378;574,-39413;
39,70376;282,45437;514,73405;515,50414;476,119431;38,88501;153,126457;181,579157;158,614132;69,255470;97,452442;20,497445;26,571354;-68,594308;104,627244;94,682176;110,163498;-39,589364;210,47532;139,355407;114,641182;247,52456;92,564401;233,572179;280,438306;242,535211;412,225380;435,330368;326,500134;276,451234;416,362355;381,431203;441,282315;680,-39436;681,22380;645,40351;567,180389;469,223411;606,81350;647,-47467;
39,70376;158,614132;97,452442;20,497445;26,571354;104,627244;94,682176;110,163498;210,47532;114,641182;92,564401;233,572179;680,-39436;645,40351;647,-47467;103,179532;106,198511;101,422436;10,607370;-4,644397;88,645177;40,683150;163,61494;153,133527;72,393469;68,511403;179,476405;165,525359;113,593230;156,590216;144,607201;397,349487;404,381430;415,385422;225,456344;230,590206;317,448324;370,509253;243,539227;510,246409;462,309437;557,204458;548,243400;507,276417;430,324481;421,465209;584,253375;449,391271;639,11415;520,367371;730,32397;667,208206;702,68345;630,158454;586,186440;774,3347;
97,452442;20,497445;104,627244;110,163498;210,47532;92,564401;680,-39436;647,-47467;103,179532;106,198511;101,422436;163,61494;153,133527;72,393469;68,511403;179,476405;165,525359;397,349487;404,381430;415,385422;225,456344;317,448324;370,509253;510,246409;462,309437;557,204458;548,243400;507,276417;430,324481;584,253375;639,11415;520,367371;730,32397;667,208206;702,68345;630,158454;586,186440;774,3347;58,469447;58,709405;20,729374;87,763182;127,136504;70,431463;101,700398;31,781151;423,385419;164,674202;441,314488;461,245481;208,528322;371,595243;190,649223;430,357456;397,573192;391,487230;434,521219;532,296403;601,314347;679,-3398;571,406206;477,433363;622,224228;714,56369;587,365189;844,-42343;692,179224;603,201315;827,-91357;717,125317;813,-58409;850,-70355;
97,452442;210,47532;92,564401;680,-39436;647,-47467;101,422436;179,476405;165,525359;404,381430;415,385422;225,456344;317,448324;370,509253;510,246409;462,309437;557,204458;548,243400;507,276417;430,324481;584,253375;639,11415;520,367371;730,32397;667,208206;702,68345;630,158454;586,186440;774,3347;58,469447;20,729374;87,763182;70,431463;101,700398;423,385419;441,314488;461,245481;208,528322;371,595243;430,357456;434,521219;532,296403;601,314347;679,-3398;571,406206;477,433363;714,56369;844,-42343;692,179224;603,201315;827,-91357;717,125317;813,-58409;850,-70355;130,349496;24,500485;69,518412;59,673443;62,713416;5,749377;65,806292;180,323547;297,413488;403,382488;147,477395;135,546354;200,717307;233,65633;614,45455;411,589251;523,311395;472,462212;454,462267;719,-52418;626,268299;590,400195;529,502195;647,358138;758,-56375;628,364149;772,-52362;763,124194;802,66187;
92,564401;404,381430;415,385422;510,246409;462,309437;557,204458;548,243400;507,276417;430,324481;584,253375;520,367371;702,68345;630,158454;586,186440;101,700398;423,385419;441,314488;430,357456;532,296403;601,314347;477,433363;844,-42343;692,179224;603,201315;827,-91357;717,125317;813,-58409;850,-70355;59,673443;62,713416;5,749377;403,382488;614,45455;411,589251;523,311395;454,462267;626,268299;529,502195;647,358138;300,258733;310,303654;177,527599;174,688385;87,812347;104,822189;248,506436;391,192701;429,239692;340,301641;298,422647;245,673393;262,734376;243,791343;481,176685;420,300644;252,466629;318,678390;381,685294;474,264548;515,507223;600,71562;526,461224;471,546186;533,261394;570,458179;614,528168;439,539299;646,42447;591,420212;731,62439;663,43294;776,-5479;696,306102;634,442163;737,218168;809,4403;769,215220;814,149243;
404,381430;415,385422;462,309437;557,204458;507,276417;430,324481;584,253375;520,367371;702,68345;630,158454;586,186440;423,385419;441,314488;430,357456;532,296403;601,314347;477,433363;844,-42343;692,179224;603,201315;717,125317;813,-58409;850,-70355;403,382488;411,589251;523,311395;626,268299;647,358138;177,527599;174,688385;391,192701;429,239692;340,301641;245,673393;262,734376;243,791343;481,176685;420,300644;318,678390;381,685294;474,264548;600,71562;526,461224;533,261394;614,528168;439,539299;646,42447;731,62439;663,43294;776,-5479;696,306102;634,442163;737,218168;809,4403;769,215220;814,149243;303,439768;288,482720;322,404776;170,525652;180,630573;145,729473;144,825396;212,486659;231,804339;262,600590;499,124708;264,518554;364,643371;377,480373;520,493318;474,607239;399,682362;595,96600;571,251417;595,555223;627,49555;660,40551;587,242368;628,479214;728,30462;681,31990;796,34373;828,59334;831,14384;902,40308;
404,381430;415,385422;462,309437;557,204458;507,276417;430,324481;584,253375;520,367371;630,158454;586,186440;423,385419;441,314488;430,357456;532,296403;601,314347;477,433363;692,179224;603,201315;717,125317;403,382488;523,311395;626,268299;391,192701;243,791343;481,176685;420,300644;474,264548;533,261394;646,42447;731,62439;663,43294;776,-5479;696,306102;737,218168;769,215220;814,149243;303,439768;288,482720;322,404776;170,525652;180,630573;144,825396;212,486659;231,804339;262,600590;499,124708;520,493318;474,607239;595,96600;571,251417;595,555223;660,40551;587,242368;628,479214;728,30462;681,31990;902,40308;181,531610;113,631566;194,677543;216,747500;185,792451;290,816181;436,270698;385,307750;272,615557;314,727530;312,748468;409,698411;392,700317;511,106658;494,155623;321,480580;389,696417;571,135606;586,107604;458,557288;511,606267;485,611231;442,656366;634,97563;554,138614;541,453309;601,542213;560,627154;623,514246;662,554200;628,563192;742,-4595;679,23513;637,130371;700,44058;802,107322;843,29757;821,-47503;774,27177;796,31119;849,82409;878,38450;881,67352;
----Iteration 2----
101,166148;-92,22298;291,51-151;-264,403-282;13,335-31;24,267-47;247,199114;-197,25711;116,90205;257,265-57;187,158153;93,24976;-300,322107;132,37290;-163,379-36;13,179264;
174,172249;167,241201;231,91297;368,49374;218,101353;406,31395;336,76425;398,367190;435,46309;511,-29340;475,-6387;
167,241201;231,91297;368,49374;218,101353;406,31395;336,76425;398,367190;435,46309;511,-29340;475,-6387;142,314222;83,346213;-84,397113;181,195277;217,236216;399,5371;353,58309;399,394139;384,13358;400,337130;446,292140;477,-60364;551,-7332;522,36283;458,118225;562,4325;
336,76425;398,367190;117,-34506;-35,412151;-82,426113;63,-25518;113,10496;71,447106;166,373224;37,409149;102,53013;361,-75549;422,395173;399,-103551;447,420130;449,362183;463,346305;542,340405;594,91420;623,94305;621,4343;
117,-34506;63,-25518;113,10496;102,53013;594,91420;91,-45586;60,0537;55,531161;100,264434;108,490-9;81,296421;327,489159;233,-21502;112,253445;439,-71534;375,45119;446,-70486;498,-75583;449,-157665;485,444147;556,-170546;567,47441;553,428410;653,-233461;585,187429;616,366372;680,340357;636,368343;615,294416;645,292403;
55,531161;100,264434;81,296421;327,489159;112,253445;439,-71534;375,45119;498,-75583;449,-157665;485,444147;556,-170546;567,47441;553,428410;653,-233461;585,187429;616,366372;680,340357;636,368343;645,292403;75,46520;147,221444;62,280468;37,524210;259,474191;266,54186;390,25660;178,58504;212,195481;370,523148;392,-62541;391,-23515;508,-140537;557,-185578;485,-52514;594,179428;599,-213581;603,-212527;652,250424;631,356416;637,-99511;787,360315;665,410335;723,308386;
55,531161;327,489159;498,-75583;485,444147;553,428410;585,187429;616,366372;680,340357;636,368343;645,292403;37,524210;259,474191;266,54186;390,25660;370,523148;594,179428;652,250424;631,356416;787,360315;665,410335;723,308386;351,21724;298,38660;255,372506;231,448443;153,461364;280,56582;273,404498;198,459415;199,495264;496,18683;358,44630;313,148543;270,451403;520,-150712;311,229568;550,339494;385,477164;407,42540;718,25448;567,141500;634,412306;640,-208607;640,-93594;751,-116525;683,322353;758,-154546;882,81408;943,107342;
55,531161;327,489159;485,444147;553,428410;585,187429;616,366372;680,340357;636,368343;37,524210;259,474191;266,54186;370,523148;594,179428;652,250424;631,356416;787,360315;665,410335;723,308386;351,21724;231,448443;280,56582;273,404498;198,459415;199,495264;496,18683;270,451403;520,-150712;550,339494;385,477164;567,141500;640,-208607;640,-93594;751,-116525;683,322353;758,-154546;882,81408;459,56717;358,109687;496,5766;436,182660;430,223571;330,297617;226,418508;237,422500;188,495407;411,346538;259,381508;282,440470;380,463186;527,162670;479,210651;476,295527;476,352504;541,146659;563,352458;727,432145;630,66639;677,-143554;703,306415;693,421316;768,392302;753,423282;817,-106485;756,403315;831,-77461;813,300372;856,69450;864,203372;946,147379;
485,444147;553,428410;585,187429;616,366372;636,368343;266,54186;594,179428;652,250424;631,356416;787,360315;665,410335;723,308386;231,448443;280,56582;273,404498;199,495264;270,451403;520,-150712;550,339494;751,-116525;758,-154546;459,56717;496,5766;436,182660;330,297617;226,418508;237,422500;188,495407;411,346538;259,381508;282,440470;527,162670;479,210651;476,352504;541,146659;563,352458;727,432145;630,66639;703,306415;693,421316;768,392302;753,423282;817,-106485;756,403315;831,-77461;813,300372;856,69450;864,203372;946,147379;439,36793;410,38749;485,169701;362,297607;344,371574;198,484443;158,533394;460,534202;514,-24717;483,483245;446,336581;479,332542;471,395467;588,136711;568,328520;771,411281;698,91619;799,342365;700,-96564;743,-23530;768,288409;777,20510;803,52466;812,211379;785,362327;857,269372;931,139413;903,189297;949,166358;
553,428410;616,366372;266,54186;631,356416;787,360315;665,410335;723,308386;231,448443;280,56582;270,451403;550,339494;758,-154546;496,5766;411,346538;527,162670;479,210651;476,352504;541,146659;563,352458;703,306415;693,421316;768,392302;753,423282;817,-106485;756,403315;831,-77461;813,300372;856,69450;864,203372;946,147379;439,36793;410,38749;344,371574;158,533394;460,534202;514,-24717;483,483245;446,336581;479,332542;471,395467;588,136711;568,328520;771,411281;698,91619;799,342365;743,-23530;768,288409;777,20510;803,52466;785,362327;857,269372;931,139413;903,189297;949,166358;449,52737;494,201702;363,297708;379,341669;269,410530;290,441513;217,509456;486,-7803;495,145734;520,188715;530,200642;327,402522;667,508215;637,261623;647,127670;660,178589;751,390346;731,97600;711,350354;742,454232;726,302429;785,391319;769,425266;736,-124559;760,61487;804,359332;800,1526;839,242427;826,347297;828,296355;835,287355;897,237357;878,253349;
553,428410;616,366372;631,356416;787,360315;665,410335;723,308386;411,346538;527,162670;479,210651;541,146659;703,306415;693,421316;753,423282;817,-106485;756,403315;831,-77461;813,300372;864,203372;946,147379;439,36793;158,533394;460,534202;446,336581;479,332542;588,136711;771,411281;698,91619;799,342365;768,288409;777,20510;803,52466;785,362327;857,269372;931,139413;903,189297;949,166358;494,201702;363,297708;379,341669;290,441513;486,-7803;495,145734;520,188715;530,200642;667,508215;637,261623;647,127670;660,178589;751,390346;731,97600;711,350354;742,454232;726,302429;785,391319;769,425266;760,61487;804,359332;800,1526;839,242427;826,347297;828,296355;835,287355;897,237357;878,253349;413,61772;440,160739;302,290712;287,346669;388,373667;187,449637;242,475595;320,575282;523,45783;483,194728;342,410648;333,513501;369,549271;400,354668;573,423526;580,494247;563,85739;467,321556;607,470314;659,55628;615,376444;676,396349;647,473241;704,191569;639,353482;750,441258;742,92614;786,267464;781,396312;762,-18630;801,-31543;861,229448;835,103460;907,122457;
----Iteration 0----
-213,488-15;163,114155;-73,158278;-48,269242;112,245-191;-179,382148;-148,275131;179,240135;60,294-28;307,38-4;199,-139330;215,-187273;4,416-23;-34,146207;175,42251;-44,239183;357,36126;256,63-149;
-1,78418;21,36482;13,166357;65,4577;66,42145;17,-30558;-6,-55607;-3,-25559;63,48413;209,385136;4,-13496;48,58388;47,262283;229,7365;176,336144;107,39370;31,19480;127,46413;201,322181;178,329220;160,372160;161,3460;323,231225;176,237282;338,188273;307,174348;337,164320;383,147267;
21,36482;229,7365;31,19480;161,3460;-5,30609;-4,37545;-54,86466;20,-3620;7,122418;0,348399;-69,96441;189,513183;16,317365;25,10527;65,-82537;90,-89474;224,400353;201,461261;157,93451;230,418310;178,248398;302,446289;170,70436;179,51457;352,449233;209,71434;391,450231;357,320352;422,405280;371,342351;410,394310;
-5,30609;-4,37545;20,-3620;0,348399;16,317365;25,10527;224,400353;201,461261;178,248398;357,320352;371,342351;-46,80588;-50,133563;-43,357406;10,453288;78,438294;139,591233;65,-50632;169,617222;110,-62542;8,285432;209,410328;314,63175;228,148518;114,254498;234,551197;322,596123;330,141478;287,230489;139,247435;315,162486;373,163429;402,183418;420,192394;535,532241;448,294364;478,289346;587,527202;571,452289;554,504257;642,425327;
-5,30609;20,-3620;224,400353;-46,80588;-50,133563;139,591233;65,-50632;110,-62542;8,285432;314,63175;228,148518;114,254498;234,551197;322,596123;287,230489;139,247435;373,163429;402,183418;535,532241;587,527202;571,452289;554,504257;642,425327;-90,108574;-79,263466;84,526296;229,674224;236,707172;22,51588;68,464316;48,108565;172,576267;218,37532;317,128514;148,237461;47,262552;341,487312;135,493274;302,64857;241,755162;367,193506;314,593132;554,522204;341,561131;489,554153;679,379381;670,360410;713,388335;703,413351;717,364397;672,430292;721,368371;737,331384;
20,-3620;-50,133563;65,-50632;110,-62542;314,63175;228,148518;535,532241;571,452289;554,504257;642,425327;-90,108574;229,674224;236,707172;48,108565;317,128514;47,262552;341,487312;302,64857;241,755162;679,379381;670,360410;713,388335;703,413351;717,364397;672,430292;721,368371;737,331384;98,506334;69,518330;259,581283;186,621292;256,763128;68,97616;18,159561;259,651180;252,679184;273,740118;95,-26561;281,118539;289,533299;284,70771;250,431346;213,628245;314,7049;524,404401;511,616262;671,299464;590,491259;625,525196;665,310513;600,581218;618,546194;680,325440;794,344326;674,419185;793,367317;802,403271;
20,-3620;-50,133563;65,-50632;642,425327;-90,108574;229,674224;48,108565;317,128514;47,262552;679,379381;670,360410;713,388335;703,413351;717,364397;721,368371;259,581283;186,621292;256,763128;68,97616;18,159561;273,740118;281,118539;213,628245;511,616262;665,310513;600,581218;680,325440;794,344326;793,367317;802,403271;233,228526;-96,347466;201,611317;190,673225;254,779182;232,-66603;106,31581;182,523361;296,108564;545,485428;316,708147;517,533325;491,684211;529,341458;610,378440;643,559256;559,572266;639,335492;710,299479;609,401431;629,467339;594,593191;726,509297;681,531258;751,347413;696,511310;760,427312;738,428270;772,405280;
642,425327;229,674224;47,262552;679,379381;670,360410;703,413351;717,364397;721,368371;186,621292;256,763128;273,740118;511,616262;665,310513;600,581218;794,344326;793,367317;802,403271;201,611317;190,673225;254,779182;545,485428;316,708147;517,533325;491,684211;610,378440;643,559256;559,572266;639,335492;710,299479;609,401431;629,467339;594,593191;726,509297;681,531258;751,347413;696,511310;760,427312;738,428270;772,405280;332,10717;456,513434;282,552441;285,590319;209,748185;377,19695;324,107661;448,357531;448,467520;288,74884;407,17682;322,70999;423,-16676;361,104661;374,370541;492,648249;458,691202;604,172634;663,360479;434,557420;523,687189;614,244583;639,248546;607,507338;632,555264;618,614147;620,216595;653,600174;676,242556;738,338447;763,318454;733,409358;792,328338;
679,379381;670,360410;703,413351;717,364397;721,368371;511,616262;665,310513;794,344326;793,367317;802,403271;254,779182;545,485428;517,533325;491,684211;639,335492;710,299479;594,593191;726,509297;681,531258;751,347413;696,511310;760,427312;738,428270;772,405280;332,10717;456,513434;282,552441;377,19695;448,357531;448,467520;374,370541;492,648249;458,691202;604,172634;663,360479;434,557420;523,687189;614,244583;639,248546;607,507338;618,614147;620,216595;653,600174;676,242556;738,338447;763,318454;733,409358;792,328338;177,20727;198,371522;244,574486;229,599374;338,629317;239,766284;192,786174;311,509490;303,605335;107,278577;479,683230;489,784172;501,193694;438,310548;330,493498;375,573378;527,187670;593,376476;611,588316;610,415447;547,621154;599,427394;666,181576;681,485329;666,591303;702,124557;676,491373;712,529259;758,218553;731,463187;741,449265;768,402298;
679,379381;670,360410;703,413351;717,364397;721,368371;511,616262;665,310513;794,344326;793,367317;802,403271;254,779182;545,485428;491,684211;710,299479;594,593191;726,509297;681,531258;751,347413;696,511310;760,427312;738,428270;772,405280;332,10717;456,513434;282,552441;377,19695;448,357531;448,467520;374,370541;492,648249;458,691202;604,172634;663,360479;434,557420;523,687189;614,244583;639,248546;618,614147;620,216595;653,600174;676,242556;738,338447;763,318454;733,409358;792,328338;177,20727;244,574486;338,629317;239,766284;311,509490;303,605335;107,278577;479,683230;489,784172;501,193694;438,310548;330,493498;375,573378;527,187670;593,376476;611,588316;610,415447;547,621154;599,427394;666,181576;681,485329;666,591303;702,124557;676,491373;712,529259;758,218553;731,463187;741,449265;768,402298;88,294549;284,492525;301,627393;211,734358;205,762346;289,831140;444,275639;302,604403;303,811178;436,746204;500,736144;534,210660;416,434531;399,473469;576,254613;707,353499;545,432460;548,641141;698,133590;664,232561;649,534369;714,74585;794,278483;774,231521;781,265519;
670,360410;717,364397;511,616262;665,310513;794,344326;793,367317;802,403271;254,779182;545,485428;491,684211;710,299479;726,509297;751,347413;332,10717;456,513434;282,552441;377,19695;448,357531;448,467520;374,370541;492,648249;458,691202;663,360479;434,557420;523,687189;614,244583;620,216595;653,600174;676,242556;738,338447;763,318454;792,328338;177,20727;244,574486;338,629317;239,766284;311,509490;303,605335;479,683230;489,784172;501,193694;438,310548;330,493498;375,573378;527,187670;593,376476;611,588316;610,415447;666,181576;666,591303;712,529259;758,218553;284,492525;301,627393;211,734358;205,762346;289,831140;444,275639;302,604403;303,811178;436,746204;500,736144;534,210660;416,434531;399,473469;576,254613;707,353499;545,432460;664,232561;649,534369;794,278483;774,231521;781,265519;348,218661;348,471641;258,554524;287,609408;230,699366;167,790344;342,835121;288,422670;443,742247;328,559429;513,269629;475,731201;539,456470;585,596266;634,642161;648,176656;707,292548;658,474401;620,628210;694,585292;729,161628;712,522373;746,440388;769,494315;781,444323;
----Iteration 4----
313,106-17;-86,93363;-107,340-96;-128,459-3;99,340-269;99,256165;-102,25882;244,123300;-178,258126;110,228170;123,1310;-42,-44357;-118,-63366;-23,27318;30,312-133;32,26161;-95,345-125;112,141-115;322,-23201;-171,166269;
83,147235;81,271121;-54,327342;28,343328;-79,533-43;32,295258;20,47063;-52,526-12;29,428-79;281,16436;41,411-94;202,216-23;151,272-18;193,19442;370,-43252;358,15221;357,-56288;263,63199;
-79,533-43;20,47063;-52,526-12;370,-43252;358,15221;357,-56288;-117,377378;-80,510222;-106,542134;-164,55066;-10,504160;2,176390;67,315345;69,300340;101,-7486;106,33455;141,326326;57,458364;130,22406;351,42340;237,43593;273,81362;263,181356;183,285386;269,153368;289,366113;382,37889;425,-87299;423,-81322;317,267176;369,365125;408,-56198;480,24232;374,-111327;462,15538;533,-93183;497,-38196;488,111103;
370,-43252;357,-56288;141,326326;57,458364;273,81362;263,181356;183,285386;269,153368;533,-93183;497,-38196;-96,351412;-53,312429;10,496314;-185,559313;102,173438;-60,296443;14,482347;-30,578271;-77,592233;134,134470;188,109518;97,262409;24,522301;195,537276;209,103454;132,380396;141,440317;222,701156;275,572219;268,610198;265,37369;337,593158;304,138327;364,576182;463,-62335;353,128306;452,587162;465,38223;396,425195;483,33239;443,438163;616,294130;599,330122;
141,326326;57,458364;183,285386;-96,351412;-53,312429;10,496314;-185,559313;14,482347;24,522301;132,380396;141,440317;222,701156;452,587162;5,299602;-156,356542;-18,482357;-15,592277;185,659201;106,279558;148,243624;-100,352485;-104,452433;231,232553;128,157698;207,245481;109,385381;102,439354;124,570286;315,549277;248,608264;229,628201;365,207481;435,614214;276,586269;320,584218;547,104501;602,151469;636,272353;484,533109;595,243417;630,457-3;552,209428;624,200466;672,439206;608,481-4;646,424224;
57,458364;-185,559313;222,701156;5,299602;-15,592277;148,243624;128,157698;102,439354;124,570286;315,549277;248,608264;229,628201;365,207481;435,614214;547,104501;636,272353;595,243417;630,457-3;552,209428;624,200466;672,439206;608,481-4;646,424224;-131,321642;-108,366627;56,386600;-113,438479;-36,472452;-29,515393;26,522375;-19,601281;190,672208;113,196668;1,469403;-47,517384;-11,533345;137,633258;221,710166;282,217617;234,577276;336,307558;225,419422;442,591274;349,206567;344,289547;435,496289;478,601249;489,130572;486,384275;365,501338;408,523289;526,605239;494,258412;522,348388;476,490263;533,80560;536,560245;609,154483;649,480-119;775,405214;743,262334;811,329251;
57,458364;-185,559313;128,157698;102,439354;547,104501;636,272353;595,243417;552,209428;624,200466;672,439206;646,424224;56,386600;-29,515393;26,522375;190,672208;1,469403;-47,517384;-11,533345;336,307558;225,419422;349,206567;344,289547;489,130572;365,501338;526,605239;522,348388;533,80560;536,560245;609,154483;775,405214;743,262334;63,203752;-23,361717;42,367639;27,435605;-36,493527;100,698231;-6,500400;186,643275;254,731177;289,219643;189,253696;121,352605;-17,476453;405,635244;358,668187;328,208642;224,326500;387,617303;505,622228;466,683175;406,138575;544,259513;313,356364;529,548269;512,265431;492,604292;535,48541;572,76492;568,583239;612,526205;625,492197;647,132438;739,451156;645,488199;792,240307;695,486141;754,226379;745,283297;797,279267;833,357266;
547,104501;636,272353;595,243417;552,209428;624,200466;672,439206;646,424224;336,307558;225,419422;526,605239;522,348388;533,80560;536,560245;609,154483;775,405214;743,262334;-23,361717;27,435605;254,731177;505,622228;466,683175;544,259513;529,548269;512,265431;535,48541;572,76492;568,583239;612,526205;625,492197;647,132438;739,451156;645,488199;695,486141;754,226379;745,283297;797,279267;833,357266;277,321797;226,344713;209,380688;56,419610;85,553532;414,668341;258,717210;451,688302;269,721202;322,279759;346,300723;137,528567;125,712404;492,638323;466,663302;407,213727;254,397588;339,485407;369,483378;438,581337;504,662292;513,592275;497,176581;596,532204;500,89564;603,454266;669,173418;613,490243;682,481160;611,146472;767,413219;662,178421;737,415232;728,253414;796,256365;
547,104501;595,243417;552,209428;624,200466;672,439206;336,307558;526,605239;522,348388;536,560245;609,154483;-23,361717;27,435605;254,731177;505,622228;466,683175;544,259513;512,265431;568,583239;612,526205;625,492197;647,132438;739,451156;645,488199;695,486141;754,226379;797,279267;833,357266;277,321797;226,344713;209,380688;56,419610;85,553532;414,668341;451,688302;322,279759;346,300723;137,528567;125,712404;466,663302;407,213727;254,397588;339,485407;369,483378;504,662292;513,592275;596,532204;603,454266;669,173418;613,490243;682,481160;611,146472;662,178421;728,253414;796,256365;259,333798;258,337769;144,672469;120,682469;119,738451;317,724327;42,799296;20,801268;293,285781;257,357705;239,393683;70,469594;422,185781;163,413704;178,633486;528,98722;357,252706;285,658463;384,645351;401,683335;528,177601;493,639341;542,162674;435,454405;560,599242;608,53564;654,557192;534,580329;632,88503;701,473201;716,324382;793,428339;760,146405;768,432331;
595,243417;552,209428;624,200466;609,154483;254,731177;466,683175;544,259513;512,265431;568,583239;647,132438;739,451156;695,486141;277,321797;414,668341;451,688302;346,300723;466,663302;407,213727;504,662292;603,454266;669,173418;611,146472;662,178421;728,253414;796,256365;259,333798;258,337769;144,672469;120,682469;119,738451;317,724327;42,799296;20,801268;422,185781;528,98722;285,658463;384,645351;401,683335;528,177601;493,639341;542,162674;608,53564;654,557192;534,580329;632,88503;701,473201;793,428339;760,146405;768,432331;335,263830;415,397713;0,455638;213,595625;107,645501;74,662491;155,706454;186,751431;371,273805;324,316812;229,536620;301,442722;261,634599;370,617555;487,126697;459,337622;505,468506;413,593403;452,665346;525,634249;468,656304;553,108638;564,613283;559,29598;635,580248;629,57552;683,514241;732,445286;691,475222;758,361409;779,128467;862,362273;
624,200466;609,154483;466,683175;739,451156;695,486141;414,668341;451,688302;346,300723;466,663302;407,213727;504,662292;611,146472;258,337769;144,672469;120,682469;119,738451;317,724327;42,799296;20,801268;528,98722;285,658463;384,645351;401,683335;528,177601;493,639341;542,162674;608,53564;654,557192;534,580329;632,88503;701,473201;793,428339;768,432331;335,263830;415,397713;213,595625;155,706454;186,751431;371,273805;324,316812;229,536620;301,442722;370,617555;487,126697;505,468506;413,593403;452,665346;525,634249;468,656304;553,108638;559,29598;629,57552;683,514241;732,445286;758,361409;779,128467;862,362273;332,272842;277,335813;313,331772;139,544672;124,571653;281,643602;236,665563;163,764349;428,198827;191,765274;469,148848;523,50800;280,513662;246,649532;358,698372;350,757305;492,408647;328,550593;493,366641;482,524558;556,266545;571,627306;595,624263;611,52597;624,33590;642,589276;670,516198;661,258464;691,493230;702,120485;727,210431;805,320424;828,418203;810,400239;
----Iteration 7----
307,-26346;29,229108;-262,98432;6,439-211;86,70153;124,201-74;-283,319120;107,35172;-81,147178;201,258-87;34,139101;-14,158137;373,-3543;15,164130;23,116193;-376,335116;313,14021;249,-25133;-142,162295;334,13977;
84,241137;333,27586;53,223215;261,358115;25,262174;171,-5299;71,341152;325,36820;205,21268;77,80273;221,314133;170,324124;328,34558;402,32632;279,-6277;280,221214;317,34166;341,31652;393,163244;370,157262;410,127252;409,142197;
95,402260;370,308358;273,327282;161,-91535;426,458172;324,324355;284,379278;382,420222;426,149533;352,318344;467,201526;401,284351;521,52278;426,272506;499,135523;472,241238;510,175508;540,160203;554,124194;
382,420222;426,149533;467,201526;521,52278;426,272506;499,135523;510,175508;362,400395;335,633118;381,362402;324,409381;341,477294;318,602140;360,516229;338,308453;403,143568;403,302425;385,413313;456,463182;444,532136;368,382335;386,558207;458,131539;476,199529;538,496159;545,174494;519,347259;635,144269;635,223146;567,50069;661,201133;
521,52278;362,400395;335,633118;341,477294;456,463182;444,532136;386,558207;538,496159;567,50069;661,201133;394,398388;355,468411;303,519432;322,510385;352,570242;353,613151;388,67481;340,67849;315,609397;513,211567;432,577125;423,61160;371,436360;388,524267;484,524120;434,54573;607,305563;448,210568;450,445251;526,452210;573,323535;478,409356;526,51060;550,392548;578,453195;639,349364;617,426313;634,86501;648,130292;
388,67481;340,67849;607,305563;573,323535;639,349364;288,687-1;255,506462;407,655252;351,67599;392,647286;439,640195;481,540433;466,482511;545,296621;517,478450;553,560371;543,629431;618,361530;559,395575;573,555370;609,527390;674,267549;684,506321;594,537365;649,274518;662,507279;648,518353;666,306365;
340,67849;607,305563;639,349364;288,687-1;255,506462;407,655252;392,647286;481,540433;466,482511;545,296621;517,478450;543,629431;618,361530;559,395575;609,527390;674,267549;684,506321;649,274518;662,507279;648,518353;419,671219;393,675214;223,692-28;319,444541;496,133650;201,511460;477,615436;463,649203;525,402591;530,323582;473,484440;496,456482;608,593376;584,388540;586,450475;574,541426;582,621379;737,263508;699,444336;650,576312;783,246457;765,228469;701,325429;758,322426;
607,305563;481,540433;545,296621;543,629431;618,361530;559,395575;674,267549;684,506321;649,274518;662,507279;419,671219;393,675214;477,615436;525,402591;530,323582;608,593376;584,388540;586,450475;574,541426;582,621379;737,263508;699,444336;650,576312;765,228469;758,322426;480,164684;279,416570;310,551475;262,565447;329,611446;416,650410;357,673358;358,709251;421,739210;463,759152;392,691279;494,735114;506,283664;513,517559;614,655281;529,674173;566,201594;529,507521;650,223550;536,505551;620,535420;624,601291;742,340479;718,388451;656,541379;761,237539;737,244542;723,342415;796,418348;663,451369;798,308459;817,292467;
545,296621;543,629431;618,361530;559,395575;674,267549;684,506321;649,274518;662,507279;477,615436;608,593376;586,450475;574,541426;582,621379;737,263508;650,576312;758,322426;480,164684;358,709251;421,739210;463,759152;494,735114;506,283664;513,517559;614,655281;529,507521;650,223550;536,505551;620,535420;624,601291;742,340479;718,388451;656,541379;761,237539;737,244542;796,418348;798,308459;817,292467;314,376603;363,536499;360,614533;417,673453;290,733309;453,775186;379,291651;335,704361;467,463576;449,523500;512,598479;434,615484;398,696442;585,178675;585,698287;602,220637;609,390589;544,415591;558,632355;588,680260;680,193600;553,534459;628,491432;646,622193;690,188549;815,227506;720,466287;670,572167;745,455377;708,530263;674,557245;748,338423;691,499332;832,266493;751,429355;778,449291;797,344421;
543,629431;684,506321;608,593376;574,541426;582,621379;650,576312;758,322426;463,759152;506,283664;513,517559;614,655281;529,507521;536,505551;620,535420;742,340479;718,388451;656,541379;761,237539;796,418348;798,308459;817,292467;360,614533;417,673453;290,733309;453,775186;379,291651;467,463576;512,598479;398,696442;585,178675;585,698287;558,632355;680,193600;553,534459;815,227506;745,455377;748,338423;691,499332;832,266493;751,429355;778,449291;797,344421;242,497596;522,528513;354,676522;341,696457;333,794145;546,182718;368,473589;447,580526;439,637481;518,744241;502,618493;524,657466;508,731408;544,716235;641,433643;596,688310;623,507486;696,216592;706,305591;688,451505;630,497529;652,556301;651,612295;742,315566;699,654197;728,562291;827,177557;729,524294;856,146568;816,223556;880,157451;846,388384;
758,322426;463,759152;513,517559;536,505551;620,535420;742,340479;718,388451;656,541379;761,237539;796,418348;798,308459;817,292467;360,614533;417,673453;290,733309;453,775186;467,463576;398,696442;815,227506;745,455377;748,338423;832,266493;797,344421;242,497596;522,528513;354,676522;341,696457;333,794145;546,182718;368,473589;447,580526;518,744241;508,731408;544,716235;641,433643;696,216592;706,305591;688,451505;630,497529;651,612295;742,315566;699,654197;728,562291;827,177557;856,146568;816,223556;880,157451;846,388384;513,174749;288,526576;326,634542;270,765342;587,456636;372,684483;291,701442;595,714415;652,332716;639,349675;585,670501;633,631419;633,692370;682,371643;666,408588;658,514528;666,578338;733,611244;714,611245;645,616301;747,256571;755,551363;782,168579;783,138585;789,420409;777,509363;786,451374;935,246286;
----Iteration 1----
207,55311;165,14271;316,51155;195,184-98;142,181-45;266,-227170;147,406-205;200,154-50;-202,273135;198,88228;204,14235;-172,131281;-362,267195;133,20115;186,220-137;248,153-112;123,242261;341,152-194;76,-66406;-180,3732;34,333130;-73,35022;
86,336106;-154,309214;-139,317180;40,-11344;77,38326;-24,443169;106,306267;-50,500151;164,-19369;25,245361;240,78285;69,293332;125,280317;126,205187;378,105191;404,-23279;383,64212;
86,336106;-24,443169;106,306267;-50,500151;25,245361;69,293332;125,280317;-87,534-23;-112,530-9;42,338257;41,407242;-80,345247;9,425172;-1,44542;-50,532-31;212,-114342;53,333253;46,36785;184,205415;179,311175;223,271151;222,280201;392,212271;437,190310;422,106320;469,175266;372,222315;454,162304;
-24,443169;106,306267;-50,500151;25,245361;69,293332;125,280317;-87,534-23;-112,530-9;41,407242;9,425172;-1,44542;-50,532-31;184,205415;222,280201;392,212271;437,190310;469,175266;372,222315;454,162304;205,-67415;24,47537;93,359251;85,373261;42,44439;-117,5275;238,-99453;-36,140429;22,44276;57,47730;201,-61499;8,428125;37,497-16;174,-50427;100,45217;75,302274;143,347230;118,350233;180,275213;229,331179;259,355178;188,381158;427,229247;224,369151;306,233271;536,125375;555,109403;
-50,500151;-87,534-23;-112,530-9;-50,532-31;184,205415;222,280201;392,212271;437,190310;469,175266;372,222315;454,162304;24,47537;-117,5275;37,497-16;143,347230;229,331179;259,355178;427,229247;224,369151;306,233271;536,125375;555,109403;-4,53548;-72,209467;-103,254418;110,423374;133,460353;3,524104;-84,555-57;-45,319415;76,410379;31,494161;-19,138489;188,146449;65,48495;241,31609;169,471153;225,43653;201,352226;213,367195;234,37755;200,384189;180,397137;199,151412;377,290190;292,35791;481,-92476;503,-102536;298,341145;377,89463;408,245239;488,-168542;574,103330;436,239246;510,217235;527,-165502;570,77429;616,70451;
536,125375;555,109403;133,460353;-84,555-57;377,89463;574,103330;570,77429;616,70451;119,18733;210,66714;223,416420;226,437416;71,543144;178,99714;202,236572;292,51711;312,316551;207,500294;339,34714;251,410409;253,430391;329,468244;364,446278;392,434282;506,-140593;504,-80551;320,267490;472,271331;393,336245;567,-153598;489,-8496;434,299329;623,257315;441,316282;639,40440;
570,77429;616,70451;119,18733;178,99714;202,236572;312,316551;339,34714;506,-140593;504,-80551;567,-153598;489,-8496;623,257315;639,40440;451,491480;252,505351;119,525290;323,95729;319,210660;315,390524;86,638153;256,625248;406,147679;365,172658;262,225625;376,503505;436,112693;325,492519;481,58621;468,342397;479,219518;491,278391;492,312165;617,160418;559,208366;613,51472;627,60441;
119,18733;178,99714;623,257315;451,491480;323,95729;319,210660;406,147679;365,172658;262,225625;376,503505;436,112693;479,219518;491,278391;617,160418;559,208366;283,200685;335,285610;321,305572;228,390572;331,497552;451,572365;343,69720;303,725213;279,660237;422,596388;476,618289;436,419532;433,634280;552,-76722;510,179589;424,399563;474,453468;443,610320;664,54718;725,-22644;536,540296;760,27610;714,62629;671,90689;763,-15575;
119,18733;451,491480;323,95729;376,503505;228,390572;331,497552;451,572365;303,725213;422,596388;476,618289;436,419532;424,399563;474,453468;443,610320;664,54718;335,504527;411,465542;300,542526;305,569503;211,604423;102,676397;101,756380;421,104727;153,654413;114,769344;598,-17870;342,320644;299,556549;439,655342;401,662316;343,541505;380,685293;404,380590;364,481556;458,644277;529,278624;569,547351;536,602304;685,170670;589,570314;610,215685;573,235638;619,540387;641,510374;722,149714;657,181718;645,486436;681,505363;706,201634;787,123667;717,212627;754,115698;
451,491480;376,503505;451,572365;422,596388;476,618289;436,419532;424,399563;443,610320;411,465542;305,569503;211,604423;102,676397;101,756380;153,654413;114,769344;598,-17870;342,320644;299,556549;439,655342;401,662316;380,685293;404,380590;458,644277;529,278624;569,547351;536,602304;685,170670;589,570314;610,215685;573,235638;619,540387;641,510374;722,149714;657,181718;645,486436;681,505363;706,201634;787,123667;717,212627;754,115698;659,-72905;581,21847;329,320681;275,420614;293,438602;324,553531;207,646445;135,777326;309,377661;367,731329;309,128852;370,544556;338,697380;701,119733;517,331639;651,-52869;536,240645;477,352594;631,517402;676,-78814;588,467489;654,68759;673,8755;636,277540;695,-20734;680,196671;642,504463;701,229570;739,132706;679,257403;787,161622;
451,491480;451,572365;422,596388;476,618289;436,419532;424,399563;443,610320;411,465542;101,756380;114,769344;598,-17870;439,655342;404,380590;458,644277;529,278624;569,547351;536,602304;685,170670;589,570314;610,215685;573,235638;619,540387;641,510374;722,149714;657,181718;645,486436;681,505363;706,201634;787,123667;717,212627;754,115698;659,-72905;581,21847;324,553531;135,777326;309,377661;367,731329;370,544556;338,697380;517,331639;651,-52869;536,240645;477,352594;631,517402;676,-78814;588,467489;654,68759;673,8755;636,277540;680,196671;642,504463;701,229570;739,132706;679,257403;787,161622;399,143912;384,186864;347,251765;469,372691;241,407672;308,532644;382,513618;314,589633;248,696441;602,-41932;262,350731;489,38891;269,653581;650,-29860;384,170869;302,603567;420,687329;579,46867;358,460643;449,655287;715,138739;516,264687;669,-127850;573,399492;540,627266;639,375472;615,545335;681,472386;832,295319;719,483318;764,188567;
----Iteration 3----
146,2665;-87,240179;166,-3881;86,280-248;272,128-153;-52,213217;-230,176247;123,-136106;15,215100;7,255-30;-237,402139;231,15960;140,-5099;-8,241150;-185,214187;-122,44678;113,164217;53,238-7;-63,34622;134,12492;47,329-119;27,24471;82,245-202;13,56227;
-308,349440;-408,368404;-293,411294;-317,49094;-282,460290;-264,413290;-122,258353;-260,361430;-234,446156;-197,309386;-242,315431;-228,433190;-205,404346;-169,276386;-136,330369;-112,313265;-174,370179;47,351224;-125,355352;-3,251230;-42,186275;176,74307;418,16311;283,129291;439,171-7;508,13587;459,14846;
-282,460290;-234,446156;-228,433190;-205,404346;508,13587;-433,438397;-3,400378;-236,451355;54,407227;103,336507;106,504123;330,393470;317,279539;419,352502;350,292509;451,337458;445,346344;405,365286;493,335431;493,339384;476,304453;
-433,438397;103,336507;330,393470;317,279539;419,352502;350,292509;451,337458;445,346344;493,335431;493,339384;476,304453;19,325539;107,261598;145,219560;-60,401435;169,420407;67,489396;-180,584124;148,505358;465,317483;206,439374;114,572313;106,471393;175,407405;379,404424;361,469251;435,288497;365,470197;445,384299;502,261460;624,235481;604,222530;604,265444;
330,393470;419,352502;493,335431;493,339384;476,304453;145,219560;465,317483;206,439374;379,404424;604,222530;120,265608;185,472412;147,515416;146,530384;201,634341;236,628320;250,678304;346,230555;242,232556;198,439462;203,460426;266,670312;311,474355;297,625361;412,363554;432,257511;462,389460;419,390457;480,521291;518,238513;564,201532;492,508327;627,148560;695,298422;688,252483;678,318389;585,359334;679,298498;
330,393470;419,352502;493,335431;465,317483;379,404424;604,222530;185,472412;147,515416;203,460426;311,474355;297,625361;412,363554;462,389460;419,390457;480,521291;564,201532;492,508327;627,148560;695,298422;585,359334;679,298498;262,269587;234,311615;173,557400;203,442508;347,710236;302,670284;360,257570;304,432525;281,693368;489,262522;298,456421;299,702350;546,206552;377,586276;446,501328;256,771248;539,243549;491,308512;514,478312;499,534262;471,529266;573,411343;525,482304;655,142549;659,261511;726,354348;647,388308;688,264494;684,343421;
330,393470;419,352502;493,335431;379,404424;604,222530;147,515416;311,474355;297,625361;412,363554;462,389460;419,390457;480,521291;564,201532;492,508327;627,148560;695,298422;679,298498;234,311615;173,557400;203,442508;347,710236;302,670284;304,432525;281,693368;489,262522;298,456421;299,702350;546,206552;446,501328;256,771248;539,243549;514,478312;499,534262;471,529266;573,411343;525,482304;655,142549;659,261511;726,354348;647,388308;688,264494;684,343421;284,306630;258,386554;238,441498;185,509384;304,725266;372,330601;248,486457;316,755187;405,186600;318,712263;559,161563;436,301543;313,746260;311,436400;381,590287;487,547226;451,549254;466,570245;518,502275;649,317517;606,419312;642,429287;674,367421;645,450231;685,408307;693,284463;697,356304;
419,352502;493,335431;379,404424;297,625361;412,363554;462,389460;419,390457;480,521291;492,508327;695,298422;679,298498;234,311615;347,710236;304,432525;281,693368;298,456421;299,702350;446,501328;256,771248;514,478312;499,534262;471,529266;573,411343;525,482304;655,142549;659,261511;726,354348;688,264494;684,343421;284,306630;258,386554;304,725266;372,330601;248,486457;316,755187;313,746260;311,436400;518,502275;649,317517;642,429287;674,367421;645,450231;685,408307;693,284463;389,207647;302,449521;231,455479;245,629433;163,711387;190,833303;254,786283;260,369596;448,210607;344,427541;328,747215;292,548444;351,678336;346,713305;398,397528;353,588386;391,652300;425,693231;644,307579;520,457310;457,563304;451,630196;444,644251;630,333489;544,583209;519,617249;456,619317;621,562224;613,606177;667,405400;609,421318;643,511209;712,387315;713,286434;
379,404424;297,625361;412,363554;480,521291;492,508327;695,298422;679,298498;234,311615;304,432525;281,693368;446,501328;499,534262;471,529266;573,411343;726,354348;688,264494;684,343421;284,306630;258,386554;372,330601;518,502275;674,367421;693,284463;389,207647;302,449521;163,711387;190,833303;254,786283;260,369596;344,427541;346,713305;398,397528;391,652300;425,693231;644,307579;457,563304;451,630196;444,644251;544,583209;519,617249;456,619317;621,562224;613,606177;667,405400;609,421318;643,511209;712,387315;713,286434;323,265678;313,267651;254,450530;315,489471;297,615492;249,681473;280,625415;163,749342;415,182668;297,162715;285,376550;273,359595;211,671500;354,709356;336,809272;392,799261;353,206686;605,306616;314,619464;395,811258;622,316602;390,615401;414,637264;591,342582;418,594386;440,543400;426,592354;552,653147;625,254621;543,496313;537,678108;655,269612;605,396516;587,631156;575,635105;649,398486;618,586205;630,630138;672,321536;663,355540;685,453314;
297,625361;492,508327;281,693368;446,501328;499,534262;726,354348;258,386554;518,502275;163,711387;190,833303;344,427541;391,652300;425,693231;457,563304;451,630196;444,644251;544,583209;519,617249;456,619317;621,562224;613,606177;643,511209;713,286434;297,615492;249,681473;280,625415;297,162715;211,671500;354,709356;336,809272;392,799261;314,619464;395,811258;390,615401;414,637264;418,594386;440,543400;426,592354;552,653147;543,496313;537,678108;605,396516;587,631156;575,635105;649,398486;618,586205;630,630138;685,453314;494,449532;168,637511;216,794343;472,149687;330,253703;361,789327;295,859251;453,270699;368,565539;674,372625;401,590414;367,714300;408,771144;675,338645;707,380594;530,657146;621,384614;490,533326;522,658162;619,471412;563,652126;718,433409;637,531190;661,464204;737,341267;
297,625361;281,693368;726,354348;163,711387;457,563304;451,630196;544,583209;519,617249;456,619317;621,562224;613,606177;297,615492;249,681473;280,625415;297,162715;211,671500;354,709356;336,809272;392,799261;314,619464;395,811258;390,615401;418,594386;440,543400;426,592354;552,653147;537,678108;587,631156;618,586205;630,630138;494,449532;361,789327;295,859251;453,270699;368,565539;674,372625;401,590414;408,771144;675,338645;707,380594;530,657146;621,384614;490,533326;522,658162;619,471412;563,652126;718,433409;737,341267;177,650554;137,664521;149,653503;209,732382;199,763365;327,837298;518,288670;207,761359;264,883353;520,253714;626,368654;366,576556;625,301660;637,380617;429,768305;681,310657;434,514440;488,601288;444,725353;514,529332;612,418618;558,566265;609,646132;685,446512;718,365548;717,469423;672,563204;677,522225;724,504344;
----Iteration 9----
-53,-37280;-39,22662;98,123149;-235,11289;165,-26272;87,202191;75,221261;-270,466153;98,55169;-121,453-249;168,72159;47,142279;113,23029;229,16799;-140,233132;349,-343267;306,14647;279,-215150;-62,270105;-165,349-56;259,16267;
-95,384-329;-96,428-347;-9,187438;-169,313142;-59,395-370;-88,202469;1,90588;-16,185523;49,42607;18,200403;-44,223460;-114,434123;75,130473;-44,240426;-63,262375;12,281359;213,176323;322,-6335;321,23344;339,112286;306,158348;315,124344;359,62304;
-114,434123;322,-6335;321,23344;339,112286;306,158348;359,62304;-128,500-52;-69,514-73;-52,496-44;-77,43978;-33,44537;9,382259;184,374585;206,367634;249,29464;228,70439;224,347667;290,100427;295,199253;277,23453;317,127355;306,196303;331,138251;
-114,434123;-52,496-44;-77,43978;-33,44537;206,367634;224,347667;-200,512397;-150,520-26;-151,145699;-207,429441;-15,107680;-5,502-141;-33,609-46;181,416676;173,423546;226,414596;320,167643;411,224608;412,236488;281,409584;327,374565;290,188673;403,324461;492,337437;482,349409;
206,367634;224,347667;-151,145699;-33,609-46;181,416676;226,414596;320,167643;411,224608;281,409584;327,374565;290,188673;482,349409;-34,99805;32,94748;68,485531;-200,589293;13,56815;-59,114754;18,577172;72,551455;210,536198;188,442594;307,136722;451,340511;239,451557;254,468415;367,124653;408,415551;444,409496;289,459534;445,41712;417,34713;462,420441;403,434397;569,312587;589,337455;574,276576;594,278547;
206,367634;224,347667;-33,609-46;181,416676;226,414596;281,409584;327,374565;-200,589293;72,551455;210,536198;188,442594;239,451557;254,468415;408,415551;289,459534;445,41712;569,312587;589,337455;574,276576;594,278547;97,465589;139,485553;44,522476;-207,658245;-229,659203;-220,705188;210,501493;49,495525;191,473500;157,601201;342,163945;360,178928;431,126936;440,300773;307,445553;322,467503;212,550170;435,131871;432,189855;466,417470;482,438442;464,427497;486,-9733;658,4611;507,412539;520,416397;564,-40712;563,345452;576,25676;574,389343;698,6520;595,359370;641,332413;
281,409584;327,374565;210,536198;188,442594;239,451557;254,468415;408,415551;289,459534;569,312587;-207,658245;-220,705188;210,501493;191,473500;157,601201;342,163945;360,178928;431,126936;440,300773;307,445553;322,467503;212,550170;435,131871;432,189855;466,417470;482,438442;464,427497;507,412539;520,416397;564,-40712;574,389343;698,6520;83,558471;-219,669234;319,180880;234,362794;234,426754;-79,660221;361,131958;473,258747;4,623385;443,101893;357,215831;148,545644;249,537161;361,327758;255,513126;463,116842;478,316683;557,370556;414,466485;443,507378;477,139813;519,228749;497,354616;470,467421;577,429316;579,276704;618,277667;661,364532;636,303621;645,298646;684,268630;
281,409584;239,451557;408,415551;569,312587;342,163945;360,178928;431,126936;440,300773;307,445553;435,131871;432,189855;466,417470;482,438442;464,427497;507,412539;520,416397;574,389343;698,6520;234,362794;234,426754;361,131958;473,258747;443,101893;148,545644;361,327758;463,116842;557,370556;414,466485;443,507378;477,139813;470,467421;577,429316;579,276704;618,277667;661,364532;636,303621;645,298646;684,268630;368,213920;210,472657;134,481672;138,585510;216,624430;182,667383;416,226890;432,243818;277,396783;369,322808;112,554669;317,725216;494,57904;220,534603;219,570565;275,588370;414,668190;370,699242;533,53885;422,282785;427,486406;534,241798;535,317729;399,498548;461,603149;580,77825;506,374723;557,475299;496,588153;542,245770;556,451351;591,224682;653,427342;
342,163945;360,178928;431,126936;432,189855;698,6520;234,362794;234,426754;361,131958;148,545644;579,276704;618,277667;661,364532;636,303621;645,298646;684,268630;368,213920;210,472657;134,481672;138,585510;416,226890;432,243818;277,396783;369,322808;112,554669;317,725216;220,534603;219,570565;275,588370;414,668190;370,699242;534,241798;535,317729;399,498548;580,77825;506,374723;542,245770;591,224682;653,427342;149,264936;83,461697;123,540645;177,613503;179,651499;226,669478;418,5963;237,1321021;195,337857;273,623500;375,667227;386,697177;497,81945;537,133880;449,357804;592,451635;557,107941;540,152859;511,315807;427,358762;632,485578;510,607187;526,376694;560,560425;541,562236;544,124808;573,110833;564,212730;614,551413;607,234681;801,341502;786,360477;814,354466;
342,163945;360,178928;431,126936;432,189855;234,362794;234,426754;361,131958;148,545644;684,268630;368,213920;210,472657;416,226890;432,243818;277,396783;112,554669;317,725216;220,534603;219,570565;414,668190;370,699242;506,374723;149,264936;83,461697;123,540645;177,613503;179,651499;226,669478;418,5963;237,1321021;195,337857;273,623500;375,667227;386,697177;497,81945;537,133880;449,357804;592,451635;557,107941;540,152859;427,358762;632,485578;510,607187;526,376694;560,560425;541,562236;614,551413;801,341502;786,360477;814,354466;153,1481011;109,278903;171,372832;57,465713;143,538680;155,564587;280,700435;182,496695;120,572608;399,660224;306,444739;605,464599;220,609531;385,627318;444,613253;430,632174;529,465638;475,586230;604,131881;585,346816;585,548530;638,189830;618,268791;590,514476;568,517552;685,160800;636,365631;696,219766;663,308759;678,454532;695,152772;704,193661;808,277552;749,386465;807,380427;821,290516;
431,126936;234,426754;148,545644;210,472657;416,226890;432,243818;277,396783;112,554669;317,725216;220,534603;219,570565;414,668190;370,699242;506,374723;149,264936;83,461697;123,540645;177,613503;179,651499;226,669478;418,5963;237,1321021;195,337857;273,623500;375,667227;386,697177;497,81945;537,133880;449,357804;592,451635;557,107941;540,152859;427,358762;632,485578;510,607187;526,376694;560,560425;541,562236;614,551413;801,341502;786,360477;814,354466;153,1481011;109,278903;171,372832;57,465713;143,538680;155,564587;280,700435;182,496695;120,572608;399,660224;306,444739;605,464599;220,609531;385,627318;529,465638;604,131881;585,346816;585,548530;638,189830;618,268791;590,514476;568,517552;685,160800;636,365631;696,219766;663,308759;678,454532;695,152772;808,277552;749,386465;807,380427;821,290516;337,-161024;199,246964;170,385793;169,454742;214,594576;330,818190;370,-8993;284,141977;190,387790;79,519681;421,206959;395,257931;127,266902;246,456735;409,80074;430,820-21;452,219927;251,384810;359,513597;301,823186;449,8047;535,220855;437,452654;480,633303;659,161848;456,420667;520,563474;488,622376;662,103864;619,221817;538,602374;674,52841;688,310718;769,384420;636,493525;664,152818;726,400406;710,160725;720,200679;807,313514;798,428371;789,220629;
----Iteration 8----
-58,88207;-194,385204;294,37256;221,291-245;68,23527;312,18291;274,251-9;-102,237189;-120,300259;26,260181;8,332170;-103,297199;-87,149237;-162,453-39;
-25,412286;10,338315;-64,394346;25,332415;-50,408323;-34,317443;29,570259;-14,600230;-1,356395;150,326404;269,254576;344,275568;
29,570259;-14,600230;269,254576;344,275568;64,618223;84,556276;6,673194;79,548371;53,569265;12,701171;107,503480;98,528294;138,545263;131,500316;296,323549;312,372510;333,325535;216,486395;361,424440;315,412461;309,440449;345,380479;352,236503;
269,254576;344,275568;107,503480;296,323549;312,372510;333,325535;309,440449;345,380479;352,236503;-125,191676;-118,194649;7,212636;-37,266629;5,434505;36,623496;2,779188;49,285598;62,626397;182,400574;88,599443;126,761261;165,698197;220,325572;168,670388;233,274573;183,624366;251,652188;247,503436;248,668314;272,380500;323,569351;265,702172;374,428476;401,407440;373,430473;422,424436;
269,254576;344,275568;107,503480;296,323549;333,325535;-125,191676;7,212636;-37,266629;36,623496;62,626397;182,400574;126,761261;168,670388;248,668314;265,702172;-71,183685;-45,293652;71,572528;98,608492;5,666405;95,789201;171,767199;8,297615;120,771231;148,392594;51,613521;201,452542;149,683352;155,751239;226,731127;223,727183;269,558479;195,585476;202,599467;212,715252;255,365601;246,684240;326,640366;329,647282;285,370561;350,695232;448,442524;501,499445;457,461495;374,530299;492,480474;470,518427;502,439423;
269,254576;344,275568;107,503480;7,212636;36,623496;182,400574;126,761261;168,670388;248,668314;-71,183685;-45,293652;71,572528;98,608492;95,789201;171,767199;120,771231;148,392594;51,613521;201,452542;149,683352;155,751239;226,731127;223,727183;269,558479;195,585476;202,599467;212,715252;255,365601;246,684240;326,640366;329,647282;285,370561;350,695232;448,442524;501,499445;457,461495;374,530299;492,480474;470,518427;131,452586;95,463619;43,528564;-43,680501;84,760320;-37,267679;28,673494;105,768302;27,281623;1,694358;187,374591;98,640443;197,626387;183,763181;351,725177;207,703337;331,723206;313,359557;345,488511;247,596402;403,636287;395,697191;392,483537;482,262493;513,488456;446,627280;638,445416;599,366487;643,404437;
269,254576;344,275568;36,623496;182,400574;126,761261;248,668314;71,572528;98,608492;95,789201;171,767199;120,771231;148,392594;51,613521;201,452542;149,683352;155,751239;269,558479;195,585476;202,599467;212,715252;255,365601;246,684240;326,640366;329,647282;285,370561;350,695232;448,442524;501,499445;457,461495;374,530299;492,480474;470,518427;131,452586;95,463619;-43,680501;84,760320;28,673494;105,768302;1,694358;98,640443;197,626387;183,763181;351,725177;207,703337;331,723206;313,359557;345,488511;247,596402;403,636287;395,697191;392,483537;482,262493;513,488456;446,627280;638,445416;599,366487;643,404437;77,296697;45,392661;80,537593;-75,692463;101,722331;65,775293;109,387690;81,485600;205,378601;186,757224;237,746217;237,378559;142,548529;195,674429;398,684192;309,764118;259,381556;279,523432;356,582391;386,637246;379,658216;408,287561;392,496461;429,522406;413,617297;410,651243;622,433418;560,522343;657,413429;599,458434;626,373459;596,500381;
36,623496;182,400574;126,761261;248,668314;71,572528;98,608492;148,392594;51,613521;201,452542;149,683352;269,558479;195,585476;202,599467;212,715252;255,365601;246,684240;326,640366;329,647282;285,370561;350,695232;448,442524;501,499445;457,461495;492,480474;470,518427;131,452586;95,463619;-43,680501;84,760320;28,673494;105,768302;197,626387;207,703337;331,723206;313,359557;345,488511;247,596402;403,636287;395,697191;392,483537;513,488456;446,627280;638,445416;599,366487;77,296697;65,775293;109,387690;205,378601;186,757224;237,746217;237,378559;142,548529;195,674429;398,684192;309,764118;259,381556;279,523432;356,582391;386,637246;379,658216;408,287561;392,496461;429,522406;413,617297;410,651243;622,433418;599,458434;596,500381;113,392671;72,491644;94,554620;69,585559;113,702482;31,759445;184,818246;-17,655522;134,447616;138,749434;361,348627;238,547501;431,200577;328,515486;256,607382;378,586338;378,645251;369,725180;458,155507;494,233506;497,599263;509,549293;507,612220;581,504433;581,543333;520,564267;667,428454;664,409475;647,334500;616,457456;577,531400;676,398486;
248,668314;149,683352;269,558479;195,585476;202,599467;326,640366;350,695232;448,442524;501,499445;470,518427;-43,680501;84,760320;28,673494;105,768302;197,626387;207,703337;331,723206;345,488511;247,596402;395,697191;392,483537;65,775293;142,548529;195,674429;398,684192;309,764118;279,523432;356,582391;408,287561;392,496461;429,522406;596,500381;72,491644;94,554620;69,585559;113,702482;31,759445;184,818246;-17,655522;138,749434;361,348627;238,547501;431,200577;328,515486;256,607382;369,725180;458,155507;494,233506;581,504433;581,543333;667,428454;664,409475;647,334500;577,531400;676,398486;221,396689;191,474721;75,639552;162,479676;131,653549;290,769262;223,819209;229,400656;253,483639;141,490629;293,78598;276,789224;262,449635;219,427684;251,572483;205,624464;234,650376;348,423593;370,328601;335,583422;433,696122;425,574347;534,656320;523,645346;555,488503;526,664325;631,451501;571,604197;535,630321;642,462494;710,545305;699,413410;
149,683352;269,558479;195,585476;202,599467;350,695232;448,442524;-43,680501;84,760320;28,673494;197,626387;207,703337;345,488511;247,596402;395,697191;392,483537;65,775293;195,674429;398,684192;309,764118;356,582391;94,554620;113,702482;31,759445;184,818246;-17,655522;138,749434;361,348627;238,547501;256,607382;667,428454;664,409475;647,334500;676,398486;221,396689;191,474721;75,639552;131,653549;290,769262;223,819209;229,400656;253,483639;293,78598;276,789224;262,449635;219,427684;251,572483;205,624464;234,650376;348,423593;335,583422;534,656320;523,645346;555,488503;526,664325;631,451501;535,630321;642,462494;710,545305;699,413410;173,486722;154,491669;135,528645;98,636583;223,772319;248,779263;177,636561;231,82121;255,452644;355,390631;320,725262;380,740216;374,756162;421,398592;463,390617;379,669369;529,389509;430,574420;516,696122;505,595384;589,588366;621,370505;627,612227;664,664170;653,537492;672,561250;793,481235;739,516278;767,466253;766,497251;
149,683352;269,558479;195,585476;202,599467;350,695232;448,442524;84,760320;207,703337;395,697191;392,483537;65,775293;195,674429;398,684192;309,764118;94,554620;113,702482;31,759445;184,818246;138,749434;361,348627;238,547501;667,428454;664,409475;647,334500;676,398486;191,474721;131,653549;290,769262;223,819209;253,483639;293,78598;276,789224;262,449635;251,572483;205,624464;234,650376;348,423593;534,656320;523,645346;555,488503;526,664325;631,451501;535,630321;642,462494;710,545305;699,413410;173,486722;154,491669;135,528645;98,636583;223,772319;248,779263;177,636561;231,82121;255,452644;355,390631;320,725262;380,740216;374,756162;463,390617;379,669369;430,574420;516,696122;505,595384;589,588366;621,370505;664,664170;653,537492;672,561250;739,516278;766,497251;263,439747;123,539634;113,604614;141,645561;39,734458;47,766419;342,358760;248,808255;148,512598;126,694528;262,759301;369,252652;380,327629;263,479569;409,635436;267,676373;469,730141;451,401606;484,538512;529,554442;524,283582;507,576409;598,408526;615,549273;588,655174;649,618228;807,481249;676,635191;769,474351;737,489395;826,420319;761,516268;809,422296;
