----Iteration 4----
duplicated=26.0,27.0,21.0,17.0,13.0,16.0,14.0,16.0,17.0,9.0
mean_error=153.0,74.15,85.96,94.7,91.59,75.2,73.53,80.94,103.1,69.67
memory=202.39453125,218.3671875,225.5,233.78515625,237.61328125,243.42578125,248.0859375,253.640625,257.796875,260.97265625
time=22.01368474960327,23.10965871810913,19.66096019744873,17.202340841293335,16.85719323158264,16.612683534622192,15.105770349502563,17.62806534767151,17.472811460494995,12.648375511169434
----Iteration 2----
duplicated=27.0,24.0,20.0,12.0,14.0,19.0,17.0,15.0,11.0,14.0
mean_error=164.66,86.61,76.12,72.83,92.65,72.47,71.16,76.59,76.56,79.9
memory=206.921875,218.94140625,226.2890625,233.68359375,237.61328125,244.5625,248.94140625,254.45703125,258.89453125,262.46875
time=23.643900871276855,22.419777631759644,21.036166429519653,15.593026161193848,16.287672996520996,19.74894094467163,16.267370223999023,16.789302349090576,17.446484565734863,14.708356618881226
----Iteration 3----
duplicated=30.0,30.0,30.0,19.0,18.0,11.0,10.0,19.0,12.0,13.0
mean_error=171.97,83.72,78.15,85.22,72.6,61.31,71.92,71.95,73.78,79.59
memory=208.89453125,222.45703125,230.7890625,236.86328125,242.3046875,247.73046875,250.09375,256.0703125,258.95703125,262.578125
time=24.7607741355896,26.609905004501343,25.15192437171936,20.380736351013184,16.8907413482666,13.294345378875732,13.775428533554077,17.610984802246094,13.601152420043945,12.788235425949097
----Iteration 6----
duplicated=28.0,33.0,30.0,20.0,25.0,11.0,9.0,13.0,11.0,8.0
mean_error=165.09,86.1,82.62,79.76,77.76,70.72,80.63,72.42,77.84,70.58
memory=204.515625,220.265625,228.34375,236.66796875,242.0625,247.69140625,251.4140625,257.171875,259.27734375,262.6015625
time=22.62231469154358,24.722984790802002,25.114036083221436,21.41321635246277,20.66908311843872,15.36955451965332,13.247947216033936,17.175289392471313,13.185660123825073,11.970539569854736
----Iteration 1----
duplicated=24.0,17.0,19.0,21.0,25.0,20.0,18.0,11.0,15.0,15.0
mean_error=126.15,69.74,117.94,88.55,80.88,76.56,76.64,78.38,88.6,82.65
memory=203.671875,216.74609375,224.921875,233.68359375,238.6015625,245.53515625,248.91015625,254.88671875,258.96484375,262.7265625
time=22.659677505493164,19.480413913726807,21.159777402877808,19.587854385375977,21.889261960983276,16.77581787109375,16.304680109024048,15.864287376403809,16.26152801513672,17.710252285003662
----Iteration 5----
duplicated=24.0,35.0,23.0,20.0,18.0,15.0,24.0,12.0,10.0,17.0
mean_error=144.8,131.17,74.03,89.52,74.95,79.95,99.1,81.35,77.11,74.27
memory=200.26171875,221.28125,227.22265625,235.37890625,239.43359375,247.5546875,253.25,257.7265625,259.15625,263.28515625
time=21.120291233062744,26.893564462661743,20.575581789016724,21.327097177505493,16.663468599319458,18.00884771347046,20.89121961593628,17.318416833877563,11.498133182525635,15.120102882385254
----Iteration 0----
duplicated=27.0,39.0,21.0,12.0,14.0,17.0,14.0,19.0,19.0,10.0
mean_error=168.37,119.19,78.26,84.45,74.72,81.79,77.57,69.26,79.78,63.37
memory=201.75,222.18359375,229.03515625,234.6484375,239.60546875,247.63671875,250.5234375,257.265625,260.8125,263.03515625
time=22.175153017044067,28.459936141967773,22.90561318397522,14.870595216751099,19.18013024330139,17.848002910614014,16.327252864837646,19.14468741416931,17.411319971084595,12.872009992599487
----Iteration 7----
duplicated=30.0,27.0,15.0,26.0,20.0,16.0,19.0,11.0,19.0,21.0
mean_error=148.16,102.52,77.58,77.46,83.66,120.4,82.13,85.75,92.94,66.9
memory=210.8671875,221.87890625,226.921875,234.7265625,239.9453125,247.58984375,251.85546875,256.7265625,260.37109375,263.03515625
time=25.82134699821472,24.42986011505127,17.89193892478943,21.076427221298218,18.9540913105011,17.69309973716736,18.157197952270508,15.557761192321777,16.566269159317017,17.49134111404419
----Iteration 8----
duplicated=31.0,29.0,21.0,17.0,22.0,10.0,15.0,15.0,21.0,13.0
mean_error=149.53,99.18,82.88,82.47,67.02,67.69,86.72,80.87,87.12,77.99
memory=263.078125,263.078125,263.64453125,263.73046875,264.26171875,264.6328125,264.5859375,264.62109375,264.7265625,264.765625
time=10.838622093200684,5.946931838989258,5.525316953659058,4.9483802318573,5.090725898742676,2.8055970668792725,3.4581241607666016,4.184335947036743,4.760466814041138,3.6887340545654297
----Iteration 9----
duplicated=35.0,37.0,16.0,10.0,13.0,13.0,7.0,16.0,20.0,10.0
mean_error=169.2,76.24,77.65,90.13,75.48,71.55,69.27,82.16,96.02,82.2
memory=263.078125,263.046875,263.76953125,263.69921875,264.19921875,264.609375,264.609375,264.63671875,264.6640625,264.765625
time=9.241792917251587,6.7496349811553955,5.416409730911255,3.4176344871520996,4.056485891342163,3.332595109939575,3.149411678314209,4.2677390575408936,4.864955425262451,3.4120705127716064
