----Iteration 5----
duplicated=39.0,20.0,16.0,19.0,18.0,4.0,10.0,3.0,6.0,5.0
mean_error=132.64,45.44,46.23,44.93,41.62,40.44,44.57,42.62,44.69,43.48
memory=184.89453125,191.83203125,198.17578125,202.6484375,206.56640625,207.9375,210.1875,211.4921875,213.76171875,216.2421875
time=14.798504114151001,10.35863709449768,8.850135564804077,10.643091917037964,10.6705904006958,7.655521392822266,7.879412651062012,6.5875749588012695,6.603733777999878,8.105538368225098
----Iteration 6----
duplicated=30.0,22.0,19.0,21.0,16.0,13.0,8.0,13.0,6.0,8.0
mean_error=86.39,53.72,46.6,47.74,46.99,43.42,43.38,56.53,42.51,44.64
memory=183.2890625,191.08203125,197.0,201.84375,206.48046875,208.296875,209.58984375,211.84375,214.20703125,216.60546875
time=12.648104190826416,10.47137451171875,8.42589783668518,11.888978719711304,10.259182453155518,9.40896201133728,6.672192573547363,7.754903078079224,6.585975408554077,8.342041492462158
----Iteration 2----
duplicated=29.0,21.0,11.0,13.0,17.0,16.0,14.0,12.0,8.0,13.0
mean_error=87.49,45.96,52.24,48.85,41.3,53.69,46.29,42.3,41.15,42.45
memory=178.61328125,190.27734375,196.05078125,200.36328125,205.078125,207.046875,209.41796875,211.5078125,214.44921875,217.0390625
time=11.81027626991272,11.63087248802185,6.872017860412598,8.91913914680481,10.383092641830444,10.14242959022522,9.473047018051147,7.249116659164429,9.153100967407227,8.929166316986084
----Iteration 0----
duplicated=25.0,23.0,25.0,26.0,19.0,10.0,15.0,9.0,7.0,5.0
mean_error=77.95,54.39,52.63,47.88,43.5,44.21,50.32,42.75,42.36,42.38
memory=176.97265625,189.48046875,197.95703125,203.38671875,206.87109375,208.5546875,210.5234375,212.46484375,215.1171875,217.2734375
time=11.614821910858154,11.11465859413147,11.005103588104248,12.22538447380066,10.649007558822632,7.9280736446380615,7.857074975967407,7.222381353378296,8.357317686080933,7.646752834320068
----Iteration 4----
duplicated=29.0,31.0,20.0,21.0,13.0,13.0,12.0,16.0,6.0,6.0
mean_error=78.51,64.52,60.07,57.43,49.53,44.05,47.95,48.83,44.92,43.94
memory=181.72265625,192.6796875,198.36328125,203.4765625,206.640625,209.26953125,210.671875,213.63671875,215.68359375,217.2734375
time=13.023107528686523,12.86799168586731,8.889081239700317,12.505958557128906,9.606815576553345,8.375229597091675,8.456919431686401,8.234605312347412,7.948308229446411,5.989807605743408
----Iteration 7----
duplicated=34.0,24.0,16.0,17.0,18.0,13.0,12.0,9.0,9.0,9.0
mean_error=79.73,74.25,49.57,47.7,50.73,41.96,43.51,42.76,46.75,45.16
memory=186.8125,193.3203125,197.984375,201.953125,205.96875,208.44921875,210.68359375,212.67578125,215.0078125,217.3203125
time=14.78428030014038,10.807454109191895,7.963743686676025,9.409780740737915,10.138614892959595,9.483932495117188,8.916717767715454,7.635334730148315,7.9508538246154785,8.80576777458191
----Iteration 1----
duplicated=23.0,17.0,18.0,19.0,21.0,12.0,17.0,21.0,9.0,9.0
mean_error=76.68,49.67,49.16,48.2,55.67,49.47,55.14,50.1,46.26,47.04
memory=176.203125,188.5078125,195.34375,200.39453125,205.3359375,206.890625,209.55859375,213.44140625,215.39453125,217.3125
time=11.168220281600952,8.920273542404175,8.808568716049194,10.200953960418701,11.425588369369507,9.515108823776245,9.848459243774414,10.210750818252563,8.899842262268066,7.888706207275391
----Iteration 3----
duplicated=28.0,32.0,21.0,21.0,12.0,5.0,15.0,15.0,8.0,5.0
mean_error=98.58,83.45,44.83,50.73,41.94,39.6,46.2,44.13,40.83,40.81
memory=179.9140625,193.90625,199.46484375,203.8984375,206.74609375,209.37890625,211.0859375,214.44921875,216.7578125,217.296875
time=12.666792869567871,13.997984409332275,10.325325727462769,10.794116020202637,10.858867168426514,7.662609100341797,9.78942584991455,10.040104150772095,8.16098952293396,4.4850754737854
----Iteration 9----
duplicated=30.0,24.0,30.0,29.0,18.0,17.0,13.0,11.0,7.0,6.0
mean_error=93.33,54.2,52.47,58.94,48.6,45.86,48.42,46.3,44.57,47.26
memory=217.546875,217.50390625,217.60546875,217.5859375,217.53125,217.5234375,217.59375,217.64453125,217.64453125,217.64453125
time=4.047298431396484,2.618070363998413,2.907938003540039,2.8050694465637207,2.1072404384613037,2.3468854427337646,1.6208477020263672,1.6488027572631836,1.6794204711914062,1.3789379596710205
----Iteration 8----
duplicated=41.0,30.0,26.0,10.0,11.0,17.0,11.0,10.0,14.0,5.0
mean_error=88.94,49.49,56.7,50.3,46.59,41.03,43.9,45.85,47.5,42.41
memory=217.55078125,217.5234375,217.57421875,217.51171875,217.5234375,217.5234375,217.5234375,217.64453125,217.70703125,217.64453125
time=5.438561916351318,2.8729248046875,3.1132633686065674,1.7354249954223633,2.001802444458008,2.003790855407715,1.7562789916992188,1.682187557220459,2.0355820655822754,2.0612711906433105
