----Iteration 0----
duplicated=26.0,21.0,25.0,19.0,17.0,12.0,7.0,17.0,14.0,20.0
mean_error=215.28,83.24,90.43,110.55,86.32,91.68,98.61,109.22,100.31,93.68
memory=224.9765625,247.51171875,260.984375,270.76171875,275.3046875,279.640625,284.8828125,293.57421875,301.87109375,310.38671875
time=34.30794596672058,26.810800790786743,34.266817808151245,29.62142515182495,26.276585340499878,22.377415895462036,19.977479934692383,22.528395414352417,23.90416431427002,29.336695909500122
----Iteration 7----
duplicated=32.0,19.0,23.0,16.0,11.0,16.0,18.0,14.0,20.0,16.0
mean_error=191.0,126.12,138.94,126.85,103.09,89.34,99.15,108.13,112.58,96.48
memory=229.625,250.03125,261.171875,270.7421875,274.3359375,279.515625,288.0546875,298.5703125,304.3984375,312.4765625
time=36.466439962387085,28.74834370613098,32.02488708496094,27.365378856658936,19.486852169036865,28.72085475921631,30.711894750595093,21.74281620979309,29.851372480392456,22.840625762939453
----Iteration 4----
duplicated=38.0,25.0,24.0,20.0,26.0,17.0,15.0,12.0,16.0,19.0
mean_error=203.71,108.26,97.79,99.42,126.24,91.27,91.02,87.74,104.04,114.23
memory=238.79296875,256.23828125,264.13671875,272.32421875,279.02734375,286.5234375,297.37109375,301.62109375,307.59765625,313.12890625
time=44.659846782684326,31.501643180847168,28.077017545700073,29.942306518554688,32.28507709503174,29.199596166610718,24.266624689102173,19.75353240966797,23.474934577941895,23.20849919319153
----Iteration 6----
duplicated=34.0,27.0,19.0,18.0,18.0,21.0,19.0,24.0,7.0,22.0
mean_error=240.2,148.9,112.9,103.61,104.17,155.98,122.27,105.11,87.12,109.88
memory=233.3515625,253.76953125,263.71484375,271.76953125,277.515625,284.609375,297.1953125,304.45703125,311.796875,312.80859375
time=39.453569650650024,33.89532661437988,30.4593665599823,26.56920623779297,29.66517972946167,32.65116786956787,27.735974073410034,33.74164414405823,17.08685278892517,24.96682596206665
----Iteration 1----
duplicated=37.0,28.0,17.0,24.0,19.0,22.0,32.0,21.0,10.0,15.0
mean_error=242.61,78.35,93.41,112.81,80.82,93.04,117.88,91.33,90.24,85.12
memory=236.92578125,254.4296875,262.30078125,272.0234375,278.9765625,286.703125,300.51953125,305.84765625,312.62109375,315.09375
time=42.43302345275879,32.03185701370239,25.83744215965271,32.390612840652466,31.11607050895691,33.21879458427429,34.835631132125854,26.831830501556396,19.712177753448486,20.561883449554443
----Iteration 2----
duplicated=35.0,23.0,19.0,27.0,24.0,28.0,19.0,19.0,15.0,17.0
mean_error=196.05,93.5,108.83,125.25,106.62,99.21,91.18,97.52,84.1,91.06
memory=232.9296875,252.88671875,260.9609375,271.4765625,277.6953125,287.3125,297.890625,301.19921875,313.29296875,312.3359375
time=38.716182231903076,30.37169337272644,26.93358826637268,35.18820333480835,30.733850479125977,37.2546751499176,23.35486340522766,25.256781101226807,25.540361166000366,26.840416431427002
----Iteration 3----
duplicated=34.0,31.0,27.0,23.0,21.0,18.0,20.0,13.0,14.0,19.0
mean_error=222.29,125.58,89.19,89.18,95.54,96.8,95.88,84.11,86.24,101.84
memory=232.9296875,254.1015625,266.25,273.375,279.41796875,287.41015625,299.12109375,304.08203125,315.4375,312.44921875
time=38.606802463531494,35.381083488464355,32.959030866622925,33.22851538658142,31.161303520202637,26.521806001663208,29.382009029388428,24.052602529525757,24.768597841262817,25.209404468536377
----Iteration 5----
duplicated=24.0,20.0,22.0,26.0,19.0,18.0,26.0,19.0,19.0,23.0
mean_error=198.26,106.24,119.56,140.33,87.76,84.15,87.08,89.14,100.46,91.27
memory=222.74609375,246.24609375,259.34765625,270.875,276.93359375,281.69921875,295.6171875,301.19921875,315.4375,312.40625
time=32.305094480514526,25.1901752948761,31.893038988113403,36.55271124839783,30.01948070526123,27.112174034118652,35.63604974746704,29.046719551086426,27.745593547821045,26.434665203094482
----Iteration 8----
duplicated=30.0,37.0,28.0,15.0,28.0,15.0,24.0,17.0,14.0,17.0
mean_error=172.69,161.49,100.92,87.89,101.98,89.74,105.16,86.74,85.28,101.47
memory=309.2578125,300.4296875,300.33203125,300.3984375,300.35546875,300.42578125,300.4375,300.43359375,300.578125,300.87109375
time=23.757984161376953,10.49951696395874,9.43511962890625,5.602697134017944,8.587392091751099,6.654523849487305,7.6381142139434814,6.511904716491699,6.589982271194458,6.508570194244385
----Iteration 9----
duplicated=31.0,30.0,38.0,34.0,23.0,20.0,26.0,21.0,29.0,25.0
mean_error=199.04,150.09,115.06,85.69,81.55,105.8,89.22,100.04,91.41,80.73
memory=300.36328125,300.40625,300.3515625,300.4765625,300.41796875,300.421875,300.49609375,300.96484375,301.3515625,301.3515625
time=18.83564853668213,8.866327047348022,11.636504650115967,10.664982557296753,8.001904010772705,6.912784576416016,8.648521661758423,6.936807155609131,7.043794393539429,3.589383840560913
