----Iteration 4----
-13,-36504;-133,272523;296,526238;-12,625221;-257,279625;344,248197;78,116383;-73,179722;392,328-85;-44,180401;83,340347;248,99485;162,388339;161,571193;-1,67374;399,-69431;392,-6099;-141,372547;-3,282397;-237,571257;
-299,421854;-258,411889;-298,494677;-251,399806;14,300764;-206,371918;-77,337716;50,268697;248,812413;233,740613;146,241756;257,737640;369,257606;299,285640;398,801425;431,786409;585,76741;444,826389;619,73375;666,71373;
-299,421854;-258,411889;-298,494677;-251,399806;14,300764;-206,371918;-77,337716;50,268697;233,740613;146,241756;257,737640;369,257606;299,285640;398,801425;431,786409;444,826389;666,71373;-758,525866;-725,505887;-177,236778;-97,579676;277,845394;-141,231770;157,765538;117,133897;10,304722;209,236709;253,872430;378,834385;126,144824;161,173743;330,261601;461,655455;324,314593;515,633417;538,645358;421,145611;476,172558;525,321415;616,775205;628,753157;
-206,371918;233,740613;257,737640;666,71373;-758,525866;515,633417;538,645358;616,775205;628,753157;-590,512898;-155,103930;329,899595;-726,479913;-786,567831;62,166927;-290,369964;122,814759;92,874753;375,968579;469,869509;487,858419;462,875444;448,598535;550,843-20;556,426907;737,416891;730,580418;728,459903;673,683114;926,559607;
666,71373;538,645358;616,775205;628,753157;469,869509;487,858419;462,875444;673,683114;-173,6171057;-97,666979;196,1160737;194,1119771;232,1153727;241,1117747;229,1146764;278,1129703;239,1217705;198,1019830;299,1121643;351,938728;409,1072602;397,1044641;322,1077632;467,978393;472,956370;457,961430;729,2561030;599,854-11;834,515945;570,655340;848,481945;813,524989;998,495583;916,606624;953,640616;987,552590;987,544594;
469,869509;462,875444;194,1119771;241,1117747;229,1146764;278,1129703;239,1217705;198,1019830;299,1121643;351,938728;409,1072602;397,1044641;322,1077632;457,961430;729,2561030;848,481945;813,524989;916,606624;953,640616;-146,5821119;-37,847989;23,922982;-14,1018941;-75,1070876;152,1236819;221,1201739;-87,1090859;266,1214727;267,1177715;58,7991075;277,1147673;229,677845;309,975735;422,1071571;696,984411;473,1035334;878,332947;646,866473;641,928419;844,571987;780,889296;912,522940;955,604762;905,865401;836,826429;943,527874;1139,619490;1034,839413;1051,516669;1111,559654;1083,797493;
241,1117747;229,1146764;239,1217705;198,1019830;351,938728;848,481945;813,524989;23,922982;152,1236819;266,1214727;267,1177715;58,7991075;229,677845;309,975735;696,984411;844,571987;912,522940;955,604762;905,865401;836,826429;943,527874;1139,619490;1034,839413;1083,797493;-144,7731240;-128,8111225;-143,8841191;-124,8771182;-159,9231103;-2,10241060;164,1173820;5,1217961;43,1234946;-84,8611212;224,1232815;425,1199685;125,8871064;80,964881;80,978839;209,1296794;346,1219703;442,1187675;251,4271241;183,876862;558,829802;525,903737;544,1173578;609,1130547;698,5421042;690,1050491;584,728776;711,1024210;840,716740;790,930337;750,975372;1009,3351060;908,703784;1014,402974;1155,551662;1093,778493;1073,822469;1041,695625;1104,565707;1120,579676;1119,753525;
241,1117747;229,1146764;198,1019830;351,938728;848,481945;813,524989;152,1236819;266,1214727;267,1177715;844,571987;912,522940;1034,839413;1083,797493;164,1173820;5,1217961;43,1234946;224,1232815;425,1199685;125,8871064;209,1296794;346,1219703;442,1187675;251,4271241;558,829802;525,903737;544,1173578;609,1130547;698,5421042;690,1050491;711,1024210;1155,551662;1073,822469;1120,579676;-114,9181157;-61,10161119;118,10691081;143,1085987;28,1261901;-57,8701372;-12,8921342;95,1272874;326,1225685;315,1235706;-8,8371345;60,9781106;172,1048981;472,1176705;-62,9061422;630,7891075;324,1011981;570,1135610;629,976727;665,1077495;815,761733;982,900653;948,1018533;906,4211118;1013,4551115;869,822661;1018,4081085;971,908536;974,972484;1117,757938;1130,786611;1037,971391;1057,4521048;1166,723629;
152,1236819;266,1214727;164,1173820;5,1217961;43,1234946;224,1232815;425,1199685;209,1296794;346,1219703;442,1187675;558,829802;544,1173578;609,1130547;28,1261901;95,1272874;326,1225685;315,1235706;472,1176705;630,7891075;570,1135610;629,976727;815,761733;982,900653;948,1018533;1013,4551115;1018,4081085;971,908536;974,972484;1117,757938;1130,786611;1037,971391;1057,4521048;162,10021473;103,10291346;87,10911333;26,11291308;13,11321244;46,11101229;-37,1193987;298,9711452;360,9721404;170,9801404;214,11001260;394,1172779;283,1190738;868,5161166;455,8111146;403,8851165;424,10351083;588,1157565;701,1162543;856,5391196;603,938771;857,1086721;875,1110698;915,4381200;763,7801023;721,808860;889,6771052;828,7481031;937,1054676;918,1164448;915,1106688;927,3671185;955,4481157;1037,747997;1021,858722;1000,956457;1120,870461;1118,837503;1167,729912;
152,1236819;266,1214727;164,1173820;5,1217961;43,1234946;224,1232815;425,1199685;209,1296794;346,1219703;95,1272874;315,1235706;26,11291308;13,11321244;-37,1193987;298,9711452;360,9721404;394,1172779;283,1190738;857,1086721;875,1110698;918,1164448;915,1106688;169,10281523;-17,11661367;207,11221389;6,11641289;-40,11871238;-97,12191224;77,1289924;219,10131504;275,11241266;591,1291552;613,1344427;408,8831403;383,9141427;375,9391452;134,11281254;455,1139914;364,1229698;435,10391283;688,9451296;524,1128801;851,1192727;735,1336252;948,5031469;909,5301482;1100,1172434;989,5801421;946,10421097;1083,1194360;1047,6041363;1215,8561215;1144,7241225;1132,9611154;1098,1070952;1208,8951220;1231,9531110;1118,10021192;
425,1199685;209,1296794;315,1235706;298,9711452;394,1172779;169,10281523;-17,11661367;207,11221389;6,11641289;77,1289924;219,10131504;275,11241266;591,1291552;613,1344427;383,9141427;375,9391452;364,1229698;435,10391283;688,9451296;851,1192727;735,1336252;948,5031469;909,5301482;1100,1172434;989,5801421;1047,6041363;1215,8561215;1132,9611154;1098,1070952;1208,8951220;1231,9531110;1118,10021192;140,10451494;110,10601459;196,11431426;-95,11981311;-31,12301263;724,1384264;370,8881498;-33,11681372;473,8391446;627,8611439;493,9721424;340,11541201;233,12821051;366,1205880;378,1226810;659,1364373;629,8731383;622,8851380;617,10131251;1037,1281537;836,6161399;759,6911318;890,8961247;953,10941127;999,5471446;1006,5441468;934,8621276;1019,5391439;1016,11391105;1063,11561063;1193,8021285;1112,1216362;1095,6421332;1176,8551269;1258,8921191;1102,10641041;1208,1160611;1244,9181083;1241,9331034;1284,8981078;
----Iteration 2----
-53,-208809;232,244218;-163,606257;127,-140605;300,221-4;183,305348;497,10339;97,590671;-476,715499;442,147502;434,149-91;-301,208821;
-4,648757;-97,714723;-88,653720;-256,-1311026;27,595783;-185,382915;45,655687;119,423884;84,594752;71,611719;115,553760;86,558777;218,564614;184,623313;211,517858;220,505674;257,487741;262,585600;
283,1241173;96,647998;230,1491192;268,2131127;230,447990;220,2481137;110,731871;295,780751;345,1621111;235,563972;194,634957;263,715816;304,777797;344,1761167;299,710808;461,222935;384,581852;521,371921;598,385817;558,441875;588,434865;521,519855;553,480850;611,382800;
110,731871;295,780751;304,777797;344,1761167;384,581852;521,371921;598,385817;558,441875;588,434865;521,519855;553,480850;611,382800;-2,739969;-166,762839;-124,774826;-142,879681;-144,891680;15,878655;-6,791709;59,688979;381,799696;287,2471179;286,2931155;302,6151074;333,719921;301,6861008;408,793648;336,2181213;464,1841004;447,494930;362,5711113;542,206949;452,752715;457,748755;536,441877;660,538465;491,231970;663,483484;563,198909;674,437702;694,311719;713,266696;749,417516;
295,780751;304,777797;521,371921;598,385817;558,441875;588,434865;521,519855;553,480850;611,382800;15,878655;381,799696;333,719921;301,6861008;408,793648;336,2181213;452,752715;457,748755;536,441877;674,437702;694,311719;-128,3431228;215,3091232;44,7201146;94,7621092;66,7951007;-9,806969;-87,881809;-117,894807;-127,930678;255,3321226;104,7361055;-87,8031026;281,2411218;20,826828;282,2871204;167,7411004;363,714894;421,2121223;470,6301147;383,692898;514,1411135;482,6121179;483,699663;507,5721182;594,2631076;515,580642;710,577633;715,618578;631,343789;670,326801;672,349768;727,418706;750,621528;
482,6121179;507,5721182;198,3381275;226,7201269;243,7451236;-40,955737;309,9081218;408,7091262;372,9171168;344,8801204;437,870860;518,5861175;563,5581251;665,6301158;678,714985;614,3051244;654,800887;669,6521054;724,6161075;753,778910;685,808628;728,6251068;727,789942;744,667997;784,776808;765,6541023;786,740833;807,594942;817,733778;
563,5581251;665,6301158;614,3051244;784,776808;383,10061095;339,9571178;375,9281262;430,7421356;457,8701291;433,7281314;369,8481319;555,6991307;488,7921273;462,8411174;581,951906;602,5221198;619,870619;613,4761181;691,7811156;770,4231241;761,7971062;726,8691035;879,4761142;869,4481195;773,7581154;871,759747;888,6221128;878,744862;915,736784;
563,5581251;383,10061095;339,9571178;375,9281262;430,7421356;457,8701291;433,7281314;369,8481319;555,6991307;488,7921273;691,7811156;761,7971062;726,8691035;869,4481195;773,7581154;207,3141371;149,4011362;173,9331251;189,10851112;297,10301181;458,5241334;358,10441040;398,9741089;673,10511028;521,8811200;580,4441244;698,9831037;701,10061018;680,1018973;652,6121224;736,8521146;756,7391213;672,8261211;727,9271002;869,4091344;800,7651103;737,9021026;861,4421313;907,850871;896,777944;838,807877;868,6201220;933,7191126;919,6761142;835,813936;939,6701147;1000,7701037;988,6831122;1004,5691040;
383,10061095;339,9571178;375,9281262;430,7421356;457,8701291;433,7281314;369,8481319;555,6991307;488,7921273;761,7971062;773,7581154;173,9331251;189,10851112;398,9741089;736,8521146;756,7391213;672,8261211;869,4091344;800,7651103;861,4421313;868,6201220;1000,7701037;568,4591405;383,5581439;136,8381402;-36,9411323;299,10461230;424,11281056;249,11421010;334,11181084;273,9311241;522,9161268;357,10291122;677,10521053;669,10671024;700,9861044;751,10771005;723,5501354;714,6011401;718,7171299;710,8141190;786,10411012;731,5851315;752,6731247;726,9341104;837,10181023;759,6551171;849,8501058;895,979931;910,9061032;925,974904;1076,5161267;948,7301161;1036,7531151;1098,4901301;1065,6901150;1076,7411087;
555,6991307;773,7581154;736,8521146;756,7391213;672,8261211;869,4091344;861,4421313;868,6201220;1000,7701037;299,10461230;522,9161268;723,5501354;714,6011401;718,7171299;710,8141190;731,5851315;752,6731247;910,9061032;1076,5161267;948,7301161;1036,7531151;1098,4901301;1065,6901150;1076,7411087;469,6781471;273,9031468;239,10231314;623,4251464;762,4291462;484,9621350;757,4541462;579,6311550;471,7181460;509,9561366;738,5131380;730,7971252;912,10961001;852,4451422;862,5081290;799,6961235;954,1076978;919,3371404;901,11541129;955,2501395;890,3591396;859,5641232;988,1005956;1109,7081099;1038,974875;1064,4311323;1122,4821245;1165,4281260;1206,4001235;
869,4091344;1098,4901301;762,4291462;484,9621350;757,4541462;579,6311550;509,9561366;912,10961001;852,4451422;954,1076978;919,3371404;901,11541129;1064,4311323;645,3161562;287,4291610;406,9041526;455,11901218;701,4781530;602,9311375;279,10441353;665,4951550;455,8841446;637,6591445;577,7531493;898,3711414;822,6061456;930,10751028;965,2691473;1049,10581341;1000,2671419;1056,4021327;1177,10251252;1043,2891373;1118,10221298;1184,8761285;1146,9961283;1181,9681269;1154,10051278;1208,9231247;1213,9071185;
----Iteration 3----
322,210291;-128,531-157;734,-105-142;-121,412201;5,175596;-196,523-31;-167,502193;69,266582;180,161574;74,115655;82,4386;338,161-78;73,331555;-144,276625;-231,304680;454,153325;206,35210;287,301400;-461,13843;-168,345216;-334,618270;104,4674;
-320,685539;-112,353995;-353,678592;-95,2641013;14,227960;-7,2361004;220,491574;18,239953;-26,2541018;193,463699;17,194982;28,228927;108,510654;135,511635;33,260921;199,475657;140,220790;252,379676;283,289773;280,360634;235,407755;333,274754;298,320696;315,307663;323,304691;
-320,685539;-112,353995;-353,678592;-7,2361004;-21,2881077;-18,3311048;-55,3521053;63,437977;17,474991;134,424888;58,496950;-358,733552;-340,772510;24,593955;-652,599974;-14,3051014;23,524964;91,468972;45,522962;-29,645901;119,509922;211,510867;323,623825;386,592742;415,498846;396,549789;345,402877;365,601786;488,462616;437,495610;
396,549789;365,601786;-346,7761063;-337,851917;191,4871036;184,5221015;51,660934;76,743855;54,705883;213,4791082;212,5531010;82,766836;223,4321063;236,621995;354,652794;349,756832;248,552973;240,6081001;441,535891;320,504953;423,505948;438,674755;444,658765;548,436734;526,509723;578,379810;608,415795;
349,756832;438,674755;444,658765;234,4841084;-438,1135913;-93,1094762;-121,1152741;35,1059754;-90,1088824;172,4551105;-19,6601125;151,9961064;93,1028703;210,9431088;483,617813;246,8841065;227,9141046;404,5381019;425,698980;303,8101011;249,8251006;442,484989;451,467982;355,7531034;595,327938;528,628786;472,670695;559,540894;579,571800;675,475869;671,546867;648,549821;640,497913;
444,658765;-121,1152741;-19,6601125;151,9961064;483,617813;246,8841065;227,9141046;425,698980;528,628786;472,670695;247,4591165;-357,9291122;-89,10971050;-137,1132802;321,4781107;-81,8881145;-156,1182967;311,3911172;85,999938;141,1085775;93,6461234;376,4931076;210,6151103;226,9791093;242,9481044;341,6641096;329,9811006;400,7271050;379,7611062;330,889970;709,562856;439,6881059;343,8241047;613,591973;648,590996;695,5331064;686,583976;696,5781033;
-121,1152741;-19,6601125;151,9961064;247,4591165;-357,9291122;-89,10971050;-137,1132802;-81,8881145;-156,1182967;311,3911172;85,999938;141,1085775;93,6461234;226,9791093;341,6641096;329,9811006;379,7611062;709,562856;439,6881059;343,8241047;695,5331064;686,583976;696,5781033;276,4401176;-66,8261154;-58,8581144;-139,1126966;245,5131178;-16,8361105;252,9601096;67,1094943;133,1058822;109,1125744;386,4801161;353,6581096;349,1002876;151,1060799;390,4601122;398,6231121;296,9221090;365,959974;315,1042853;396,956887;446,877973;452,7971053;515,807994;707,621845;576,661891;734,509961;625,635858;652,6001035;622,656974;711,460978;
151,9961064;247,4591165;-89,10971050;226,9791093;341,6641096;329,9811006;379,7611062;709,562856;439,6881059;695,5331064;686,583976;696,5781033;245,5131178;252,9601096;386,4801161;353,6581096;398,6231121;296,9221090;365,959974;396,956887;446,877973;452,7971053;515,807994;707,621845;734,509961;652,6001035;622,656974;711,460978;320,4421239;-128,9391157;-189,9501201;-66,1204985;-73,12011032;-132,12581014;42,8911215;-93,1262949;-43,1225883;21,1217814;130,1130943;98,1170912;218,7781335;334,979995;106,1129993;363,6021152;361,996947;389,1052909;417,1088828;416,5771133;425,8391048;434,963807;585,7991013;483,947821;551,6211073;571,6381070;560,921773;572,944719;505,947819;605,940759;577,967668;656,723881;645,771966;693,5691039;664,690912;705,618932;
151,9961064;226,9791093;329,9811006;695,5331064;686,583976;696,5781033;252,9601096;365,959974;446,877973;452,7971053;652,6001035;711,460978;320,4421239;-189,9501201;42,8911215;-93,1262949;21,1217814;130,1130943;98,1170912;218,7781335;334,979995;106,1129993;361,996947;425,8391048;585,7991013;483,947821;505,947819;605,940759;645,771966;693,5691039;-29,8171247;-172,13281184;-147,13141139;-38,12561058;-132,12651054;-297,10691203;46,11561185;-157,1334942;-76,8571277;6,12161013;27,1192801;269,8061186;243,1111945;404,1169762;457,1155817;313,7991325;343,9321159;392,9051106;482,1133776;400,7691127;514,1101750;578,6391203;589,6981164;436,1090920;454,973846;518,1145642;531,8511017;545,1061751;595,6301167;647,820925;551,1035729;655,658975;665,839851;591,977782;805,766922;820,649968;791,557973;
226,9791093;446,877973;452,7971053;-93,1262949;218,7781335;425,8391048;585,7991013;645,771966;-172,13281184;-147,13141139;-38,12561058;46,11561185;-157,1334942;269,8061186;243,1111945;404,1169762;457,1155817;313,7991325;343,9321159;482,1133776;400,7691127;578,6391203;589,6981164;436,1090920;531,8511017;647,820925;665,839851;805,766922;62,7741363;-198,9271350;42,9801344;-169,12951242;-9,12271220;-109,13011094;-94,13101061;-131,12901222;3,12361126;163,1378921;193,1342879;77,11361164;177,12181055;231,1298836;176,10731149;178,10561109;511,1286704;338,1239821;403,9641126;527,1225725;608,6371233;421,10651065;561,1225704;438,1048884;599,1101821;578,1129794;575,1203635;607,1068852;615,1083828;597,1126760;738,6881120;657,6021303;782,7471097;930,723992;912,945809;670,1040755;867,955780;927,743943;968,739979;920,922742;
218,7781335;585,7991013;645,771966;46,11561185;457,1155817;313,7991325;343,9321159;400,7691127;578,6391203;589,6981164;436,1090920;805,766922;62,7741363;-198,9271350;42,9801344;-9,12271220;163,1378921;193,1342879;77,11361164;177,12181055;231,1298836;511,1286704;338,1239821;403,9641126;608,6371233;421,10651065;561,1225704;438,1048884;599,1101821;575,1203635;597,1126760;738,6881120;657,6021303;782,7471097;930,723992;927,743943;968,739979;920,922742;-10,7701544;3,8101475;-228,9791507;-95,13461312;196,1342804;3,7961541;251,11111270;-59,13731205;10,12991185;108,6681458;437,1287678;552,1231720;442,7111311;361,9241230;534,1249810;588,1194802;620,5551306;447,9241089;576,9151063;620,1136703;633,1090834;877,7061109;737,1035938;700,6391138;917,7211032;779,1057880;809,1104757;968,6211212;912,1089878;950,6141214;1093,6441118;1043,6051166;1117,6521110;964,896857;
----Iteration 6----
264,-33648;423,385451;203,-44788;216,343496;540,174-155;174,704162;17,277671;377,581371;-227,481850;
-466,518561;-195,1222456;-164,1222443;-27,1288424;-22,491794;44,458743;-51,1161492;60,446782;162,791529;229,790408;303,761522;105,807466;453,485507;395,479517;
-27,1288424;-22,491794;215,1255546;186,1277529;205,1273512;518,1009783;524,1017782;509,1041709;635,1023686;566,1044681;
215,1255546;186,1277529;205,1273512;518,1009783;524,1017782;509,1041709;635,1023686;566,1044681;-124,1048796;3,385908;160,1243554;183,1310303;129,1392578;154,1349652;262,1225543;235,1259454;284,1196390;369,1152377;333,1186376;725,1018769;541,701886;725,857844;507,1048725;631,1000775;759,845837;732,849808;760,836796;
215,1255546;186,1277529;205,1273512;518,1009783;524,1017782;509,1041709;635,1023686;129,1392578;154,1349652;262,1225543;725,1018769;725,857844;507,1048725;631,1000775;759,845837;732,849808;760,836796;166,1249719;177,1229785;124,1444395;149,1463388;140,1423438;171,1450354;209,1441345;167,1099792;165,1409393;266,1370318;203,1068823;238,1258506;182,3841169;234,1211584;529,1336471;305,870796;303,925803;775,685890;521,1346416;665,1080683;791,671983;823,815845;842,860770;796,795888;
518,1009783;524,1017782;129,1392578;154,1349652;725,1018769;725,857844;631,1000775;177,1229785;209,1441345;182,3841169;775,685890;791,671983;823,815845;842,860770;796,795888;-195,947998;-192,1013987;-50,1160830;224,1217804;120,1439540;183,1464480;131,5101112;186,1301717;475,1386549;146,4461190;-12,8841115;245,1274764;151,4351159;312,1259755;565,1354577;192,3181250;476,1146934;666,1119746;570,1298509;458,7391075;690,1243667;587,1254506;861,807775;912,957719;840,851841;931,923763;949,930761;
518,1009783;524,1017782;129,1392578;154,1349652;725,1018769;631,1000775;177,1229785;182,3841169;775,685890;791,671983;796,795888;-192,1013987;-50,1160830;224,1217804;120,1439540;183,1464480;186,1301717;146,4461190;-12,8841115;245,1274764;151,4351159;312,1259755;476,1146934;666,1119746;690,1243667;912,957719;931,923763;949,930761;152,4291170;-120,9511068;42,1153828;144,1376779;139,1381781;230,1470439;101,1092977;291,1265775;353,1438496;197,3291296;-93,955997;368,1255776;546,1372581;562,1397557;528,1406433;604,8541055;260,9061042;214,1086943;586,1360607;572,8561015;567,982959;375,1212774;611,1319716;590,1332536;592,8341139;753,1265600;767,1210724;790,1219634;771,6801043;804,902838;804,1146671;811,1218614;834,1107676;947,873845;874,996682;927,1032544;869,1093555;924,899793;973,915544;
796,795888;476,1146934;949,930761;197,3291296;562,1397557;586,1360607;567,982959;592,8341139;771,6801043;947,873845;874,996682;927,1032544;869,1093555;924,899793;973,915544;55,5371421;-123,9391210;228,9741156;150,1596723;166,4731435;124,5661388;390,1453951;402,1494875;433,1562845;185,1572631;188,4671335;325,11701035;568,1267890;457,4731208;274,9691168;432,13491016;444,1499847;614,8701068;540,10851067;558,1425628;760,6011127;643,1345761;580,1378710;710,6281150;571,1147928;851,1254844;714,5791194;789,849898;780,1272647;827,6981031;913,961776;776,5971092;801,7841009;965,926772;
562,1397557;592,8341139;55,5371421;-123,9391210;228,9741156;150,1596723;166,4731435;124,5661388;433,1562845;185,1572631;188,4671335;325,11701035;274,9691168;432,13491016;444,1499847;540,10851067;558,1425628;760,6011127;714,5791194;827,6981031;801,7841009;46,8081391;-25,8621358;-104,9801175;364,1375988;405,1472981;452,1489919;424,1537918;167,1564851;34,8351405;207,4591412;-49,9171299;464,4871238;441,1438928;540,1430678;480,1475870;538,8891220;608,1390724;679,6741179;621,9481106;697,1366903;739,6681155;819,7641106;832,1339883;684,1371803;858,1319964;932,1198732;988,822918;943,1230711;1062,740977;956,1116877;991,1098785;1008,909853;
592,8341139;55,5371421;166,4731435;124,5661388;188,4671335;46,8081391;-25,8621358;452,1489919;424,1537918;34,8351405;207,4591412;540,1430678;538,8891220;621,9481106;819,7641106;1062,740977;991,1098785;-75,8521419;165,10531341;337,13981198;417,14191144;416,15231072;319,1574897;478,1603851;64,8331375;481,13721229;393,13901237;454,14381090;487,1571877;658,8081248;534,13891142;593,1464673;587,13281074;785,1342936;693,1392775;628,1409745;596,1436661;811,7521200;784,1369903;858,7151245;802,8291207;827,1374869;862,6891193;908,1299995;857,1359925;998,7521093;896,12051037;906,1335970;1046,6471164;1033,9681010;959,1271932;966,1284874;1010,995957;1083,965962;
452,1489919;424,1537918;337,13981198;416,15231072;319,1574897;478,1603851;481,13721229;393,13901237;487,1571877;534,13891142;593,1464673;587,13281074;628,1409745;811,7521200;858,7151245;802,8291207;908,1299995;998,7521093;896,12051037;906,1335970;959,1271932;966,1284874;1083,965962;422,12561350;269,13051246;473,14111183;453,14881080;392,1587890;454,1620838;488,12251442;490,13571236;461,1525905;658,8291376;376,12881298;479,14551171;523,1543799;532,10031331;559,9491322;658,10131292;685,12521171;815,13141011;890,1381932;627,1459684;887,12961047;850,1371972;922,1394895;835,8171189;900,11561081;891,12471091;987,1368872;955,1370832;987,6511247;994,1371825;979,1147945;1028,6931214;1036,10431043;1051,6661175;1062,879997;
----Iteration 1----
354,741464;459,23080;477,-6277;-189,763157;414,140412;-325,539495;400,2830;-123,-209598;127,-81580;-139,19575;-288,396649;240,59561;
212,692216;-43,801349;-209,136477;-11,493412;131,897206;175,835200;116,648347;199,705188;417,766126;141,846249;291,205374;425,709146;736,331122;485,677247;737,307118;492,703215;665,386208;705,308338;717,377251;726,347225;
-43,801349;-11,493412;116,648347;492,703215;-4,269494;163,967274;-82,683445;327,949282;41,257565;464,89692;339,614285;479,891146;482,743195;480,766210;485,710264;502,651174;805,460407;498,675228;804,440438;894,476255;814,456411;886,454347;
-148,294738;-266,618642;264,1062383;269,1034387;345,1075367;-135,582649;233,1129391;168,225694;371,1035340;520,1065297;445,155977;455,202965;460,387667;805,623442;787,1010634;804,943546;987,529464;
233,1129391;787,1010634;804,943546;638,808681;636,827764;371,1104364;608,1092435;297,782973;591,814813;807,1096361;820,1095352;943,567910;715,760821;975,521955;921,600984;873,1011512;870,1088394;859,1044476;905,933553;1130,506591;1106,530658;1049,546710;1079,579642;1089,541593;
787,1010634;297,782973;975,521955;921,600984;873,1011512;859,1044476;905,933553;430,3071058;211,911709;618,990692;580,1066611;516,1108514;504,1153554;1163,340961;657,878835;815,1161295;1052,4901002;1098,495988;920,965523;933,639975;913,6721021;910,965546;1050,517968;1102,538942;888,867870;982,701939;1032,969473;1079,1106464;1086,1047421;1201,594899;1097,799743;1111,1039445;1102,1059420;1152,578941;1268,743629;1194,506920;1254,780652;1259,758629;
787,1010634;297,782973;921,600984;873,1011512;815,1161295;933,639975;913,6721021;888,867870;982,701939;1079,1106464;1201,594899;1097,799743;1111,1039445;1102,1059420;1268,743629;1254,780652;1259,758629;905,4191040;1024,4591007;821,5041069;587,896962;589,991857;508,1014814;614,1088736;550,1109716;680,1247566;687,1173584;855,4141076;705,888863;768,1162293;1083,4541015;659,1057780;937,802854;933,865900;1092,1053499;1300,622883;1045,757760;962,993768;1131,1053399;1283,647837;1141,1010528;1223,5931004;1161,1043349;1343,790582;1368,827525;1342,806585;1384,917502;1381,888506;1389,825534;
921,600984;933,639975;913,6721021;982,701939;1079,1106464;1201,594899;1097,799743;1268,743629;1259,758629;587,896962;589,991857;680,1247566;687,1173584;659,1057780;1092,1053499;1300,622883;1045,757760;962,993768;1283,647837;1141,1010528;1223,5931004;1384,917502;1381,888506;876,5411199;626,855984;451,12461024;520,1369822;531,1372807;890,4591166;534,1337982;553,1356808;603,1405412;637,1405397;960,4941122;451,11501138;491,13081019;653,1241773;973,4001149;733,737973;632,899953;607,973845;928,1048659;732,1088777;834,1232300;797,1227312;1067,683908;940,909936;954,1007668;1013,1119488;1016,1163402;1107,595930;1026,1017587;1065,1120431;1164,5721078;1255,603897;1201,716826;1249,555955;1207,683819;1147,816628;1257,786724;1232,1100494;1399,861596;1278,1036423;1346,806607;1350,819600;1418,905495;
982,701939;1079,1106464;1097,799743;1268,743629;1259,758629;587,896962;680,1247566;687,1173584;659,1057780;1092,1053499;1045,757760;962,993768;1141,1010528;1223,5931004;1384,917502;1381,888506;876,5411199;626,855984;520,1369822;531,1372807;890,4591166;553,1356808;960,4941122;653,1241773;973,4001149;632,899953;928,1048659;732,1088777;834,1232300;797,1227312;940,909936;1013,1119488;1026,1017587;1164,5721078;1249,555955;1147,816628;1257,786724;1232,1100494;1399,861596;1278,1036423;1346,806607;1350,819600;1418,905495;897,4091137;360,12241131;355,12941108;440,13091099;482,13921058;443,1441767;668,1459440;828,6541170;499,13411062;723,1430456;535,1339989;572,12151151;611,1300951;1036,4401080;927,8101058;780,1047905;848,1070727;855,1144657;1159,5861005;987,1192473;957,1196464;954,1025752;955,1043708;1168,5581008;1150,6871064;1246,744799;1180,1165448;1288,570936;1197,1150394;1249,1054456;1281,1085331;1339,663932;1298,1048420;1342,734846;1334,920550;
962,993768;1384,917502;1381,888506;653,1241773;1399,861596;1346,806607;1350,819600;1418,905495;482,13921058;535,1339989;572,12151151;611,1300951;848,1070727;954,1025752;955,1043708;1339,663932;1342,734846;1334,920550;854,6731296;444,12321146;421,13701097;508,14301014;580,1498944;618,1537820;834,7261332;528,12071184;543,13151078;481,1472987;561,1457979;789,1579697;515,13651128;802,1500734;872,7351294;834,1099965;651,12141011;1218,5721189;955,1319671;1208,6141204;1226,7091076;868,1041902;989,1274689;1127,9431146;995,990803;1086,1247646;1148,1154571;1253,1182558;1125,1206610;1249,8641004;1320,6411046;1294,817896;1307,979784;1286,1139553;1301,1212528;1448,720763;
1384,917502;1399,861596;1418,905495;572,12151151;611,1300951;1342,734846;580,1498944;618,1537820;528,12071184;561,1457979;789,1579697;515,13651128;834,1099965;955,1319671;868,1041902;1127,9431146;1320,6411046;1294,817896;1448,720763;402,13491360;470,13991357;460,14251216;546,14781092;585,1550929;604,1591894;748,1564806;550,14561057;566,14071004;816,1541793;796,1529796;1086,7181429;690,10401350;778,12171021;800,1247974;667,1306818;787,1454806;913,1393712;1031,7381410;1262,9981096;1225,7321302;1224,8081278;1139,1304763;1173,1260386;1383,1067709;1289,1253755;1265,7581097;1318,1249718;1346,6791033;1359,1002829;1350,1207718;1365,660996;1377,1165723;
----Iteration 5----
552,51652;6,734-86;431,230396;121,515222;12,113667;-205,672103;455,206400;-854,157749;-53,526493;472,2959;-300,799-369;198,477268;-91,533240;412,456588;-423,178694;128,490310;640,-232-123;
304,554192;-124,430809;16,427876;-195,797324;-25,-130892;69,404883;-2,495733;252,716285;83,482756;20,585374;141,340830;164,336831;575,575-89;497,559-86;409,38819;357,4348;653,-21-162;660,-106-125;695,-16-227;
141,340830;164,336831;-127,405965;88,474889;323,771750;169,220831;332,745734;93,440939;343,667792;609,832525;608,862627;621,826545;623,801541;665,779502;851,413782;905,352813;861,413714;
-127,405965;88,474889;323,771750;332,745734;93,440939;608,862627;851,413782;905,352813;861,413714;-235,547864;259,855629;251,876628;258,786732;127,193885;245,185944;159,915653;284,157928;302,145866;408,697836;626,891540;854,724539;782,410817;744,851692;859,706557;752,838705;882,303830;929,649560;972,281814;978,325753;877,461706;
-127,405965;93,440939;408,697836;752,838705;-264,408978;-215,749901;390,936850;424,905789;397,924729;572,917749;584,911605;595,927436;442,924658;589,907553;903,880636;912,880612;875,856704;892,894651;949,325999;921,402944;947,853606;978,393945;1125,502884;1090,561924;1035,822578;
752,838705;572,917749;875,856704;892,894651;949,325999;921,402944;978,393945;1125,502884;1090,561924;-270,516991;373,1021837;534,960893;671,1000458;-134,741954;404,941945;662,1019507;626,664762;941,932633;820,4721007;675,863739;858,971691;924,991650;1112,503886;821,816705;891,857701;950,959629;942,974600;1061,497941;958,882626;1031,862693;1091,519907;1126,557883;1104,475910;1073,840654;1225,465877;1129,645809;1099,815649;1204,512854;1211,518830;
949,325999;820,4721007;1031,862693;1073,840654;1129,645809;1099,815649;617,10681044;423,11361064;588,5931106;650,10701042;591,10991074;616,1118964;490,8611169;727,2361092;1024,515976;737,858843;703,1021808;879,773848;861,802828;960,1040711;1003,499996;1024,496979;1063,861672;1050,933637;1107,679677;1124,791646;1295,569898;1171,851619;1262,575961;1282,604939;
1129,645809;617,10681044;650,10701042;591,10991074;616,1118964;960,1040711;1003,499996;1050,933637;1295,569898;1262,575961;1282,604939;360,11561381;443,11521391;456,10221480;464,11131384;481,10841372;470,11771297;540,11111162;491,11261136;596,1231810;346,11171413;537,11011297;711,1222829;475,11291330;711,10891006;607,9191325;606,9321359;831,7431167;836,1076876;794,1097800;693,7441238;735,8481199;798,7751194;729,9821096;947,817895;1129,921695;1036,4431069;987,958678;1028,4201124;1115,924711;1071,4221021;1100,930589;1249,565993;1190,874706;1187,622937;1224,834729;1317,526910;
1129,645809;1295,569898;1262,575961;1282,604939;443,11521391;456,10221480;470,11771297;537,11011297;475,11291330;607,9191325;606,9321359;831,7431167;735,8481199;798,7751194;729,9821096;1036,4431069;1028,4201124;1071,4221021;1249,565993;1190,874706;1187,622937;1224,834729;1317,526910;469,11311438;455,11341393;435,11641441;591,1315972;634,8801491;500,10951400;549,12281157;506,10551359;514,10171466;505,10731377;679,11551170;827,1313989;912,1235982;810,5061300;715,10641302;793,5781291;841,4291303;754,9211196;862,9331064;982,1193998;913,6581271;997,7641159;970,6901187;1005,11701019;1057,1033849;1079,980909;1164,1019801;1115,4071068;1249,5371001;1326,788584;1237,871671;1303,557891;1322,515961;
1262,575961;1282,604939;537,11011297;1249,565993;1187,622937;1224,834729;469,11311438;435,11641441;500,10951400;549,12281157;506,10551359;505,10731377;679,11551170;827,1313989;715,10641302;754,9211196;913,6581271;970,6901187;1005,11701019;1057,1033849;1079,980909;1164,1019801;1249,5371001;1326,788584;1237,871671;1322,515961;559,9211559;533,8711635;471,10671517;473,11121446;491,11481402;467,13091300;590,13461120;621,13571118;536,8871589;498,10501471;367,11281495;496,12371393;544,11851295;641,10221549;522,11621304;750,12121112;918,6161392;753,9221269;572,11061276;908,11711087;835,7291340;789,7481427;999,12911020;1091,1203821;984,4651485;860,8371231;1022,8671162;1058,3931301;1047,7281150;1099,7541121;1142,1067799;1129,1149771;1008,4981260;1110,3761131;1118,7611097;1173,994854;1168,1103727;1130,4621111;1248,4801004;1194,937809;1189,1033778;1180,1048754;1146,5101103;1222,5881012;1307,829700;1328,575942;1371,706661;
1224,834729;435,11641441;827,1313989;715,10641302;754,9211196;913,6581271;970,6901187;1005,11701019;1079,980909;1164,1019801;1326,788584;1237,871671;559,9211559;533,8711635;471,10671517;467,13091300;590,13461120;621,13571118;536,8871589;367,11281495;496,12371393;641,10221549;753,9221269;572,11061276;835,7291340;789,7481427;999,12911020;1091,1203821;860,8371231;1022,8671162;1047,7281150;1099,7541121;1142,1067799;1129,1149771;1173,994854;1168,1103727;1189,1033778;1180,1048754;1307,829700;497,8971646;479,9591579;416,10981498;433,11441481;533,12321403;437,12411336;670,13041163;672,13361159;612,9641554;495,12491313;468,12741255;781,1333980;578,8671566;647,9381487;570,11571480;561,12221357;925,12851172;891,13071107;1014,5431495;746,10471259;930,12731093;1035,5501473;824,7681337;860,11261176;1044,6231468;996,6331503;1074,1201871;1085,5391430;1078,5781401;1160,5361390;1055,1007934;1100,1122836;1124,1170817;1164,5181316;1181,7811115;1197,966907;1169,1067743;1311,5731241;1390,6191203;1259,5221284;1453,7301034;
----Iteration 0----
35,344266;-376,559125;-483,650610;-292,101600;-25,541314;39,-171577;-20,-340611;38,335596;112,249162;26,543106;512,238400;560,18169;98,240519;-6,507442;-181,89818;120,38915;-270,480487;188,4775;
-296,-121085;-252,-401081;281,386748;-221,101050;195,268978;239,438825;-142,-531093;-216,371042;-154,-691134;237,501850;236,494859;0,-1371108;-19,-541015;233,470925;41,-931021;177,484895;289,206768;240,409152;
-224,-281292;-221,-61235;-172,-411242;-134,-831272;310,7991093;381,7651098;451,7221175;394,7871037;441,7401225;443,7571165;490,6751165;445,6911177;535,6641187;500,6951146;
441,7401225;535,6641187;-167,5521290;-207,6381301;-195,6211273;-217,6911381;-158,4381372;-19,-971390;-58,2361497;119,-2001372;-42,-421408;148,1751369;362,1031313;258,3721241;455,8641086;219,-1401317;467,8301125;414,7581195;534,7761185;478,7861100;446,7511204;569,6721113;661,6691106;673,6051101;
455,8641086;467,8301125;661,6691106;673,6051101;-200,7231379;141,7501356;195,8551294;416,5801459;389,7031595;466,8531168;424,8861125;493,8311102;553,5521417;550,7661311;522,7831302;564,7991267;541,8121200;531,6031414;550,5691480;633,6771327;619,5041489;715,4821461;756,5161449;774,5261423;730,5341425;804,4981429;700,5771185;
455,8641086;467,8301125;661,6691106;673,6051101;195,8551294;416,5801459;389,7031595;466,8531168;424,8861125;553,5521417;564,7991267;541,8121200;531,6031414;550,5691480;633,6771327;619,5041489;715,4821461;756,5161449;774,5261423;730,5341425;804,4981429;700,5771185;406,9061092;224,9961071;273,1035988;280,9581094;50,3411647;403,5851488;374,7141599;409,7841384;401,8131305;465,8621105;538,3121516;475,8701083;470,6131418;540,7981317;538,8271268;511,8541118;570,7821226;593,7721316;861,4291467;621,6811313;640,5651342;819,5091350;825,5071389;793,5161389;824,4751428;
389,7031595;619,5041489;715,4821461;756,5161449;774,5261423;730,5341425;804,4981429;50,3411647;374,7141599;511,8541118;861,4291467;825,5071389;793,5161389;398,7151549;352,10511134;224,11051179;210,11171052;467,8901469;297,10921232;464,8941328;475,10071091;540,4091530;476,8571544;485,9141295;532,10271072;336,9601144;509,8221480;591,5091492;837,4931447;529,8521409;621,9291101;675,4921454;762,4691452;586,9641082;629,8701084;795,4661458;664,6791483;744,8351374;774,7851370;849,8001352;862,8411313;851,7991360;888,3831436;
804,4981429;861,4291467;825,5071389;224,11051179;210,11171052;297,10921232;476,8571544;532,10271072;837,4931447;621,9291101;586,9641082;795,4661458;744,8351374;774,7851370;849,8001352;862,8411313;851,7991360;888,3831436;281,3141772;208,3791788;545,9241496;462,9091511;464,10041447;404,10881424;471,8761586;539,9661453;448,10471417;293,3321752;462,8411750;478,10421435;468,6051690;472,8461580;542,9561434;586,9571115;554,9751096;780,6451615;611,9491094;687,6941586;661,8891101;696,8961056;623,9121041;799,8661334;785,7051569;757,7971427;844,8601316;794,7281521;834,8341352;866,3851477;885,4551455;875,7601358;
224,11051179;210,11171052;297,10921232;837,4931447;744,8351374;774,7851370;849,8001352;862,8411313;851,7991360;545,9241496;462,9091511;464,10041447;404,10881424;471,8761586;539,9661453;448,10471417;462,8411750;478,10421435;780,6451615;799,8661334;785,7051569;757,7971427;834,8341352;875,7601358;260,2631826;442,8711736;468,9031652;307,10701577;411,10011523;428,10341491;359,10821446;331,2331825;316,5681791;453,8741675;368,2201797;649,8261633;555,9631438;624,8081692;641,8061737;637,8081655;699,8641606;605,10641264;759,10051292;719,7521621;777,5891618;801,7301545;773,9561359;764,5661632;804,9651309;788,5661612;819,6031564;822,7501512;844,9011319;808,8661323;830,7411408;961,7581273;863,8831280;962,3271426;907,7591263;916,4571488;997,3491381;977,6711236;
545,9241496;539,9661453;260,2631826;307,10701577;428,10341491;359,10821446;331,2331825;316,5681791;368,2201797;555,9631438;641,8061737;699,8641606;605,10641264;483,8871780;533,8911727;504,9071668;419,10501677;343,10911541;387,11371412;587,7961768;404,10391696;425,10921432;638,7541790;472,9521663;484,10641454;460,10731365;683,7271734;698,8281702;551,8891650;540,9151651;697,8401663;795,10231237;781,10331211;891,10201422;852,5951730;878,9461463;954,10151373;963,10141389;940,8371632;1067,7791559;1006,8991522;1017,10121316;1006,8151703;1031,8371569;1059,8741566;
641,8061737;483,8871780;533,8911727;343,10911541;387,11371412;587,7961768;698,8281702;697,8401663;891,10201422;954,10151373;963,10141389;940,8371632;1067,7791559;1006,8991522;1017,10121316;1006,8151703;1031,8371569;1059,8741566;455,8991873;568,9681715;615,9511679;430,10861678;417,10411703;247,11041604;308,11541461;520,7771824;476,8901829;485,10951512;654,7631791;494,8461884;462,10541652;486,10651506;625,10771129;601,10881298;766,7501762;676,8601686;637,9441680;813,10691404;847,6251760;783,7801721;687,9841612;852,6411733;844,9371634;837,10111532;962,10211367;935,10111417;933,10301407;1030,9241520;1026,9711517;1060,6841616;1061,9431503;
----Iteration 7----
-105,104716;-317,610248;592,-84-327;25,282657;180,232252;69,439200;129,-34682;425,-463158;-325,424979;-210,509621;87,312264;216,65715;481,-306-42;-93,523329;-49,268709;-471,691359;-21,509247;26,503117;419,426189;-357,629435;266,88385;458,28054;-127,77760;-345,762-23;
121,396545;97,548421;232,356537;-513,719312;153,493418;75,552537;107,537492;201,307678;-8,596518;272,298689;321,412517;287,203713;293,165788;290,297659;322,462454;75,522582;300,323623;526,221573;539,222533;538,184573;458,260609;
-513,719312;153,493418;321,412517;322,462454;526,221573;539,222533;538,184573;33,525687;-8,589693;108,579567;96,613528;61,621610;94,573596;-3,551716;180,1691017;46,446688;425,2981010;228,415583;291,544349;128,562606;474,315975;275,420538;421,317950;348,508283;506,375710;398,404430;369,491265;592,-28868;428,458217;619,213541;751,318461;769,278517;781,230434;
526,221573;538,184573;108,579567;425,2981010;291,544349;128,562606;592,-28868;619,213541;-92,2471192;15,555838;31,650834;98,751659;356,191163;227,2911056;377,3231055;163,3041084;230,433847;89,642736;294,271148;146,583554;415,3941031;254,418846;448,467571;472,2631079;508,397817;455,537517;496,357994;576,151660;819,291536;796,248539;872,330525;878,353521;800,107573;851,196570;
-92,2471192;356,191163;230,433847;294,271148;415,3941031;254,418846;472,2631079;508,397817;496,357994;205,1231261;83,7711020;287,759682;134,768829;252,808653;231,181365;273,1221346;133,504847;328,705613;439,2671142;256,2381201;320,560814;369,619807;331,698642;405,790371;404,668543;496,3381048;410,614747;529,731334;440,3421095;505,3361056;453,358972;474,3451072;606,503645;603,592626;764,1781004;855,353561;1005,354438;780,279867;897,333576;897,389482;985,299610;885,411530;921,320587;978,360486;962,335510;1002,281571;
83,7711020;287,759682;252,808653;328,705613;331,698642;405,790371;404,668543;529,731334;606,503645;603,592626;1005,354438;780,279867;897,333576;985,299610;885,411530;921,320587;978,360486;962,335510;1002,281571;399,1151375;375,1611353;416,941409;292,7241255;244,7531097;213,7611072;338,1641354;325,7211143;175,829938;289,797664;375,711572;543,781363;421,2671260;450,5351257;477,6201214;487,655691;530,708331;581,681275;504,3421081;578,505989;604,655409;704,1181257;689,567496;651,3281142;638,3761077;696,546572;783,2771012;700,2811007;847,2061104;835,2501114;820,396681;886,445516;920,402572;913,165743;941,149673;
292,7241255;450,5351257;442,861409;237,7901212;439,8971009;469,751403;417,6411463;363,8381088;438,2821501;495,804932;550,825572;600,830559;502,1551397;743,6151252;754,7011237;771,3171388;827,7951209;748,2711391;861,7461203;814,7521216;917,6391246;1005,6921215;931,7261195;952,6111232;955,6431225;962,7081067;982,5781254;1079,655953;
292,7241255;827,7951209;917,6391246;1005,6921215;931,7261195;952,6111232;955,6431225;962,7081067;982,5781254;1079,655953;410,6871462;465,9041049;566,5101578;457,7181326;672,6271524;779,7031425;411,971822;589,6441513;689,6151510;748,7151305;740,5791536;823,7901221;776,8791185;982,5161359;885,7271243;876,7611215;921,5381438;898,7481161;952,5211386;1139,630979;1076,4371314;1063,5961059;1090,5651025;
827,7951209;917,6391246;1005,6921215;931,7261195;955,6431225;962,7081067;1079,655953;566,5101578;689,6151510;748,7151305;740,5791536;823,7901221;776,8791185;982,5161359;885,7271243;876,7611215;921,5381438;898,7481161;952,5211386;1139,630979;479,5871585;358,8421515;439,8801423;497,8801391;745,9441361;738,9461295;730,9791264;706,9851339;562,2841612;675,8141550;539,8401374;782,10141072;845,5371502;744,7311439;796,9681059;862,5211476;811,5491509;809,7101452;845,8361139;860,8811134;1004,4991406;939,4071430;908,5471350;1181,4401378;943,7081195;916,7341224;1052,697948;1107,4601394;1073,695897;1197,5001237;1188,4341376;1135,6171343;
740,5791536;921,5381438;952,5211386;562,2841612;675,8141550;845,5371502;744,7311439;862,5211476;811,5491509;809,7101452;1188,4341376;1135,6171343;454,5091630;626,6111599;435,8441553;704,10771458;756,10181438;805,10161423;691,6231597;581,7351575;461,7891581;731,10351463;1121,9811283;930,10641359;893,10161396;832,5141516;1021,10011343;998,4941478;898,7581427;1176,9931143;951,5691371;1133,9991109;1040,4851429;946,6131350;1031,4481451;1066,4321430;1182,5141416;1187,5161414;1140,6481335;1227,8491136;1252,6351229;1265,5811336;1229,8131161;1276,6131274;
740,5791536;675,8141550;845,5371502;811,5491509;1135,6171343;454,5091630;435,8441553;581,7351575;461,7891581;1121,9811283;930,10641359;893,10161396;832,5141516;1021,10011343;1176,9931143;1133,9991109;1140,6481335;1227,8491136;1265,5811336;536,9221527;774,10981482;878,10291498;802,10651514;862,11411410;808,11051421;827,10631431;719,6241629;855,5081548;609,7071592;534,8911547;912,10571361;926,11091316;956,9881439;898,9911432;1035,5701478;1095,7871463;1006,9601413;1141,9951217;1046,10031324;1119,10851157;1118,5781456;1158,10271050;1190,5621431;1203,5961352;1336,8301143;1257,5531412;1442,7741287;1429,8191273;
----Iteration 8----
375,-284214;-18,495252;452,58162;218,60045;495,-407228;55,362497;-97,512362;-178,548487;191,333247;590,-13210;535,47144;109,120794;-312,705312;221,289697;357,173283;357,164368;116,-95781;-273,335649;271,409210;
-32,574689;43,532724;62,527754;202,431834;259,406858;216,398870;372,61804;338,186904;467,-1949;431,50843;442,24855;
62,527754;259,406858;216,398870;338,186904;467,-1949;161,42944;33,433886;284,815688;132,368919;80,404904;297,797692;29,1451085;252,795739;270,520853;241,775743;175,332899;192,358892;259,783742;301,315880;408,690656;414,141900;332,495830;464,465754;445,504738;680,53866;489,506735;606,138692;698,82783;
29,1451085;464,465754;680,53866;489,506735;606,138692;698,82783;207,-621027;197,876831;402,821798;393,317979;401,756937;456,765834;407,767794;483,705692;567,291988;466,753657;589,357818;498,721637;530,689611;598,644634;587,639674;625,710607;757,-4897;813,-45818;863,-22660;
402,821798;401,756937;456,765834;625,710607;757,-4897;294,1071147;155,950839;280,819978;217,914954;265,914899;252,943782;266,2261133;289,1781122;302,826958;338,824945;334,850953;273,877871;382,2971093;475,765826;363,836803;619,557999;412,773836;560,637784;592,712751;523,689770;489,727815;695,240982;634,432973;631,519914;619,666720;614,696732;586,743722;726,229986;726,244963;748,274916;751,379785;787,-61936;1011,240733;954,272842;952,293818;1003,275799;986,195804;
402,821798;155,950839;280,819978;217,914954;265,914899;302,826958;338,824945;334,850953;273,877871;363,836803;619,557999;560,637784;592,712751;634,432973;631,519914;619,666720;614,696732;586,743722;726,229986;748,274916;787,-61936;312,2461178;285,2931131;431,5181113;231,7731068;211,8041054;235,888914;295,976800;251,7971000;174,8391046;293,1007757;309,961716;295,7871006;412,817878;374,916792;428,778953;442,913737;533,5221110;647,747681;535,777969;446,784844;701,3561008;607,780614;764,253973;652,697677;834,497881;731,609637;667,667640;772,441884;921,347815;1015,266909;1009,315888;
338,824945;334,850953;619,557999;634,432973;631,519914;614,696732;312,2461178;231,7731068;211,8041054;295,976800;174,8391046;293,1007757;309,961716;295,7871006;412,817878;428,778953;535,777969;701,3561008;834,497881;772,441884;1015,266909;1009,315888;220,7461075;146,8721008;296,919972;249,967869;125,1008904;198,988836;345,2121157;245,8531042;329,889986;259,939904;374,995685;311,8091005;408,935936;481,957758;565,6951140;600,784882;473,805873;677,760727;661,784644;486,841545;814,436903;702,746682;787,3111003;740,730640;692,752596;827,2861045;823,586650;781,658642;948,373884;821,627578;919,425793;902,520603;870,539556;1014,224942;980,374873;1036,323849;1068,308804;
338,824945;1015,266909;1009,315888;408,935936;565,6951140;948,373884;919,425793;902,520603;1014,224942;980,374873;1036,323849;1068,308804;766,3741284;198,8471083;126,8811070;318,9271008;262,9381066;234,980985;313,984984;777,3871242;746,4611213;545,7651168;220,1094918;594,1080703;462,5671339;335,898989;495,1014874;695,1037579;552,7981127;629,897932;617,1051772;797,3811170;599,6791129;738,1032644;828,3301156;641,5661059;748,724772;873,2511160;931,2971097;900,561917;800,810740;894,2461118;916,3811030;849,634840;863,757698;818,791702;951,2431117;893,594946;973,408763;905,525568;1005,332814;1045,255845;
1015,266909;1009,315888;565,6951140;1014,224942;980,374873;1036,323849;1068,308804;545,7651168;220,1094918;594,1080703;462,5671339;495,1014874;552,7981127;617,1051772;599,6791129;973,408763;1005,332814;1045,255845;210,8801256;166,8951249;408,10281172;580,5571459;419,1035926;739,4311321;517,6681174;478,9511017;530,8211173;682,904943;847,1029669;776,1075694;602,3961333;652,5521260;665,862945;694,1012732;933,5821230;928,5501257;926,4891308;923,611955;960,770845;903,963842;944,980668;978,940691;951,5701231;943,589959;921,5531235;961,929807;989,907735;1028,850734;1053,866657;
545,7651168;552,7981127;530,8211173;847,1029669;776,1075694;944,980668;978,940691;961,929807;989,907735;1028,850734;540,5881408;211,10211419;293,10681334;122,11601249;527,1205787;458,6561461;246,11011276;477,1220806;367,10411233;411,10911184;553,1165739;852,5271487;744,5731509;787,6181346;449,11081169;585,10171073;714,1080983;711,1098919;673,7621147;616,7961090;821,5511413;835,7421272;763,1057930;914,1025847;949,961990;960,5571317;899,6621262;1051,7741052;1073,938675;998,6101234;1156,780891;1024,5251140;1074,7291044;1095,7011056;1111,7151049;1188,783830;
776,1075694;211,10211419;246,11011276;367,10411233;411,10911184;852,5271487;449,11081169;585,10171073;835,7421272;763,1057930;949,961990;899,6621262;1051,7741052;998,6101234;1156,780891;1074,7291044;1095,7011056;1111,7151049;1188,783830;598,6991415;223,12881309;346,11801073;809,6511527;767,6701624;225,11501244;884,5771472;770,6951513;301,10751338;590,1280881;311,10861253;309,9281418;561,10421132;748,11091034;653,1123940;837,6001490;732,7591265;810,7851227;632,10161104;914,5151452;930,5351418;783,8271218;949,1034861;1042,5471376;909,7101208;945,1057808;1013,4571383;1050,6371192;1056,8541046;983,1044846;1077,5901342;1012,965858;1111,5091342;1161,5561280;1141,975737;1182,838873;1185,6631120;1202,5961116;
----Iteration 9----
-41,508-193;521,-120652;-116,692659;680,6385;101,452301;-10,211881;-85,502400;302,166144;-292,883320;-52,465136;-115,679309;374,181131;-3,356817;235,404518;99,-250704;149,-8547;
589,-98967;180,688818;334,157850;380,601729;211,601807;390,629676;458,631564;494,650525;422,614631;492,69878;523,111863;701,363535;703,329532;717,275841;815,265806;879,310777;
589,-98967;334,157850;380,601729;458,631564;494,650525;422,614631;492,69878;523,111863;717,275841;563,10992;403,108954;168,1561020;-218,4451022;205,693883;258,690887;576,-15991;-202,397903;315,733875;506,-971038;-21,2911053;-28,3401062;404,633703;579,-831023;482,37970;435,601674;637,-133946;531,572662;515,602496;784,458608;912,321737;965,472563;958,495510;992,463513;902,365835;961,586484;947,523485;1041,237597;1013,230636;1076,281550;1077,232589;
717,275841;958,495510;902,365835;961,586484;947,523485;1013,230636;1076,281550;1077,232589;250,6351001;273,644989;290,814974;214,351207;367,1271131;405,753946;457,1051080;167,3531128;325,723973;441,697845;545,721684;593,511039;638,154998;405,5471029;666,677587;641,-541035;599,575706;814,675622;748,666680;894,80943;683,169970;769,526835;824,640613;805,59982;822,454633;933,588492;915,338765;941,532529;904,93860;903,51893;912,369754;1054,486567;989,300681;993,218639;1048,239621;1081,477517;
961,586484;405,753946;441,697845;545,721684;405,5471029;599,575706;748,666680;933,588492;-21,3521260;162,4371210;-221,6961185;217,8781121;227,8741093;213,9141050;300,8821055;21,3341324;237,8481061;336,898981;333,2011219;452,1091191;172,3681208;268,4411168;422,828941;485,1131173;393,571978;725,544810;575,706721;836,697653;872,760624;931,692578;1122,5171154;1127,5351114;
-21,3521260;162,4371210;217,8781121;227,8741093;213,9141050;300,8821055;21,3341324;336,898981;333,2011219;1122,5171154;1127,5351114;-109,8091233;-37,8061199;169,9221052;290,9351047;286,1951260;259,4051232;153,5481211;254,8671132;263,8501073;468,874988;448,893954;503,841912;541,885844;462,7981006;903,822655;950,766550;1057,751771;1094,4861159;1081,4411184;1147,5651076;1151,5451046;1264,519858;1164,3881205;1240,571799;1131,5771037;
-21,3521260;162,4371210;217,8781121;213,9141050;300,8821055;21,3341324;336,898981;1122,5171154;1127,5351114;169,9221052;290,9351047;259,4051232;153,5481211;254,8671132;263,8501073;468,874988;462,7981006;903,822655;1057,751771;1094,4861159;1147,5651076;1151,5451046;1264,519858;1164,3881205;1131,5771037;-3,2221326;62,8171179;42,8861233;162,9091062;554,952954;519,959922;503,1971305;61,7541205;121,8381146;237,8831095;571,936928;586,561213;546,2331262;371,3921233;350,6781083;387,5601078;445,7721013;498,837964;766,1012788;590,898839;656,846921;629,897843;1031,784769;1030,794731;872,836675;989,780808;1028,594944;1045,781804;1136,5031155;1106,769696;1197,4711186;1273,4451171;1138,5071124;1132,731728;1223,4611186;1157,635873;1300,599840;1233,616804;1260,4841130;1279,680745;1341,559780;
217,8781121;213,9141050;169,9221052;290,9351047;254,8671132;903,822655;1057,751771;1264,519858;1131,5771037;42,8861233;162,9091062;554,952954;519,959922;503,1971305;121,8381146;237,8831095;571,936928;546,2331262;350,6781083;766,1012788;590,898839;656,846921;629,897843;1031,784769;1030,794731;872,836675;989,780808;1028,594944;1045,781804;1106,769696;1132,731728;1157,635873;1300,599840;1233,616804;1260,4841130;1279,680745;1341,559780;245,3881402;299,5621365;-56,8481288;90,9001224;330,937997;476,1022889;472,4221383;371,9011074;286,8181099;532,8811022;604,947833;817,967763;571,874989;1005,4561251;883,731863;1180,5681202;1254,4761211;1200,685764;1251,617753;1349,4221178;1297,4681174;1334,4331182;1351,4281174;1358,4231130;
213,9141050;290,9351047;42,8861233;554,952954;237,8831095;571,936928;656,846921;1132,731728;1157,635873;1279,680745;-56,8481288;472,4221383;371,9011074;532,8811022;571,874989;1180,5681202;1200,685764;1297,4681174;445,4521440;192,11241228;319,10091003;689,1021867;540,1074827;454,3791486;512,6351332;490,9721017;532,1058967;588,1057846;456,7281409;310,8791138;774,1057835;915,5621295;646,891946;862,1001821;819,977822;1108,8301230;1136,5481364;1101,8271277;1126,850676;1192,4661348;1188,853615;1243,5461236;1205,5031278;1262,5211258;1174,723732;1282,4471277;1292,668819;1298,774702;1351,5911146;1444,6111110;1369,4551210;1422,623839;1446,6101025;
1180,5681202;454,3791486;862,1001821;819,977822;1108,8301230;1369,4551210;246,4511563;171,5421456;299,6081437;664,9911420;653,10501381;642,10641392;716,10611366;677,11431367;641,11721261;733,11081096;737,1079925;735,10291381;923,9511170;804,996994;798,1067995;978,4851460;1114,8271378;956,8761173;1101,1067729;1050,1082675;1248,5011360;1209,5471404;1165,7431402;1215,4971378;1143,7621333;1136,7701223;1143,931680;1139,1106669;1206,873724;1277,4211321;1395,837870;1350,5591286;1442,6771135;1379,839876;1494,6941065;1448,6471201;1476,729972;
862,1001821;819,977822;1369,4551210;246,4511563;642,10641392;716,10611366;677,11431367;641,11721261;737,1079925;804,996994;798,1067995;978,4851460;1114,8271378;1101,1067729;1050,1082675;1248,5011360;1165,7431402;1143,7621333;1139,1106669;1395,837870;1350,5591286;1442,6771135;1379,839876;1494,6941065;1448,6471201;1476,729972;422,7541544;618,10641445;600,10461485;573,10701497;566,11181485;142,12301226;717,6011558;771,10511426;297,12711198;501,12701128;729,5591459;1096,8001447;690,11311354;677,11451156;735,11311130;1011,1247814;1075,8731422;1241,6001453;1138,9501311;1111,8681414;1169,9701245;1072,1114560;1231,8681170;1326,4931335;1283,6071237;1254,8921110;1497,6581177;1397,796799;1672,662944;1615,7141006;1575,749794;1639,6781046;1663,679996;
