----Iteration 5----
x_Moead_Rfts=[710, 693, 754, 650, 637, 592, 673, 739, 783, 802, 843, 837, 347, 318, 499, 664, 581, 738, 726, 762, 748, 760, 818, 632, 587, 415, 436, 315, 366, 653, 596, 423, 469, 704, 681, 737, 694, 712, 655, 750, 761, 784, 727, 706, 796, 891, 586, 491, 204, 359, 326, 364, 576, 419, 571, 321, 463, 556, 677, 654, 765, 795, 770, 811, 794, 824, 801, 799, 855, 853, 482, 393, 401, 342, 552, 378, 375, 546, 379, 307, 585, 508, 486, 608, 549, 689, 633, 712, 726, 676, 704, 751, 696, 746, 755, 822, 822, 882, 890, 229, 363, 296, 479, 506, 426, 479, 378, 417, 568, 599, 622, 447, 524, 728, 585, 682, 768, 712, 763, 780, 840, 799, 919]
y_Moead_Rfts=[382, 259, 316, 313, 416, 593, 392, 334, 306, 296, 410, 306, 664, 707, 645, 260, 619, 325, 534, 298, 425, 376, 323, 192, 337, 453, 461, 588, 721, 200, 231, 667, 672, 254, 331, 369, 475, 538, 597, 338, 492, 283, 491, 582, 272, 309, 227, 275, 503, 635, 694, 735, 192, 356, 528, 565, 687, 571, 444, 531, 551, 308, 556, 280, 561, 254, 332, 438, 278, 370, 252, 407, 403, 525, 560, 619, 761, 273, 536, 710, 260, 709, 718, 510, 705, 384, 663, 246, 290, 605, 586, 608, 640, 609, 574, 337, 490, 359, 310, 450, 492, 620, 329, 569, 746, 330, 425, 748, 747, 415, 493, 663, 643, 197, 591, 645, 179, 626, 433, 558, 218, 482, 264]
z_Moead_Rfts=[531, 706, 594, 704, 604, 469, 569, 643, 657, 620, 460, 557, 512, 463, 507, 726, 442, 673, 409, 675, 517, 573, 571, 754, 681, 680, 662, 563, 435, 736, 763, 509, 453, 695, 691, 655, 546, 404, 467, 635, 417, 666, 444, 359, 677, 458, 773, 754, 643, 533, 485, 416, 783, 729, 602, 615, 365, 554, 568, 599, 402, 639, 396, 643, 338, 680, 582, 446, 522, 486, 806, 713, 696, 630, 589, 561, 374, 769, 625, 457, 751, 326, 276, 619, 306, 631, 353, 690, 683, 449, 396, 335, 327, 319, 391, 524, 348, 471, 503, 800, 664, 550, 778, 564, 293, 760, 689, 388, 256, 679, 638, 478, 414, 724, 473, 300, 731, 338, 483, 369, 664, 404, 473]
----Iteration 6----
x_Moead_Rfts=[404, 415, 462, 557, 507, 430, 584, 520, 630, 586, 423, 441, 430, 532, 601, 477, 692, 603, 717, 403, 523, 626, 391, 243, 481, 420, 474, 533, 646, 731, 663, 776, 696, 737, 769, 814, 303, 288, 322, 170, 180, 144, 212, 231, 262, 499, 520, 474, 595, 571, 595, 660, 587, 628, 728, 681, 902, 181, 113, 194, 216, 185, 290, 436, 385, 272, 314, 312, 409, 392, 511, 494, 321, 389, 571, 586, 458, 511, 485, 442, 634, 554, 541, 601, 560, 623, 662, 628, 742, 679, 637, 700, 802, 843, 821, 774, 796, 849, 878, 881]
y_Moead_Rfts=[381, 385, 309, 204, 276, 324, 253, 367, 158, 186, 385, 314, 357, 296, 314, 433, 179, 201, 125, 382, 311, 268, 192, 791, 176, 300, 264, 261, 42, 62, 432, -5, 306, 218, 215, 149, 439, 482, 404, 525, 630, 825, 486, 804, 600, 124, 493, 607, 96, 251, 555, 40, 242, 479, 30, 319, 40, 531, 631, 677, 747, 792, 816, 270, 307, 615, 727, 748, 698, 700, 106, 155, 480, 696, 135, 107, 557, 606, 611, 656, 97, 138, 453, 542, 627, 514, 554, 563, -4, 23, 130, 440, 107, 297, -47, 271, 311, 82, 38, 67]
z_Moead_Rfts=[430, 422, 437, 458, 417, 481, 375, 371, 454, 440, 419, 488, 456, 403, 347, 363, 224, 315, 317, 488, 395, 299, 701, 343, 685, 644, 548, 394, 447, 439, 94, 479, 102, 168, 220, 243, 768, 720, 776, 652, 573, 396, 659, 339, 590, 708, 318, 239, 600, 417, 223, 551, 368, 214, 462, 90, 308, 610, 566, 543, 500, 451, 181, 698, 750, 557, 530, 468, 411, 317, 658, 623, 580, 417, 606, 604, 288, 267, 231, 366, 563, 614, 309, 213, 154, 246, 200, 192, 595, 513, 371, 58, 322, 57, 503, 77, 19, 409, 450, 352]
----Iteration 2----
x_Moead_Rfts=[553, 616, 631, 787, 665, 723, 411, 527, 479, 541, 703, 693, 753, 817, 756, 831, 813, 864, 946, 439, 158, 460, 446, 479, 588, 771, 698, 799, 768, 777, 803, 785, 857, 931, 903, 949, 494, 363, 379, 290, 486, 495, 520, 530, 667, 637, 647, 660, 751, 731, 711, 742, 726, 785, 769, 760, 804, 800, 839, 826, 828, 835, 897, 878, 413, 440, 302, 287, 388, 187, 242, 320, 523, 483, 342, 333, 369, 400, 573, 580, 563, 467, 607, 659, 615, 676, 647, 704, 639, 750, 742, 786, 781, 762, 801, 861, 835, 907]
y_Moead_Rfts=[428, 366, 356, 360, 410, 308, 346, 162, 210, 146, 306, 421, 423, -106, 403, -77, 300, 203, 147, 36, 533, 534, 336, 332, 136, 411, 91, 342, 288, 20, 52, 362, 269, 139, 189, 166, 201, 297, 341, 441, -7, 145, 188, 200, 508, 261, 127, 178, 390, 97, 350, 454, 302, 391, 425, 61, 359, 1, 242, 347, 296, 287, 237, 253, 61, 160, 290, 346, 373, 449, 475, 575, 45, 194, 410, 513, 549, 354, 423, 494, 85, 321, 470, 55, 376, 396, 473, 191, 353, 441, 92, 267, 396, -18, -31, 229, 103, 122]
z_Moead_Rfts=[410, 372, 416, 315, 335, 386, 538, 670, 651, 659, 415, 316, 282, 485, 315, 461, 372, 372, 379, 793, 394, 202, 581, 542, 711, 281, 619, 365, 409, 510, 466, 327, 372, 413, 297, 358, 702, 708, 669, 513, 803, 734, 715, 642, 215, 623, 670, 589, 346, 600, 354, 232, 429, 319, 266, 487, 332, 526, 427, 297, 355, 355, 357, 349, 772, 739, 712, 669, 667, 637, 595, 282, 783, 728, 648, 501, 271, 668, 526, 247, 739, 556, 314, 628, 444, 349, 241, 569, 482, 258, 614, 464, 312, 630, 543, 448, 460, 457]
----Iteration 0----
x_Moead_Rfts=[670, 717, 511, 665, 794, 793, 802, 254, 545, 491, 710, 726, 751, 332, 456, 282, 377, 448, 448, 374, 492, 458, 663, 434, 523, 614, 620, 653, 676, 738, 763, 792, 177, 244, 338, 239, 311, 303, 479, 489, 501, 438, 330, 375, 527, 593, 611, 610, 666, 666, 712, 758, 284, 301, 211, 205, 289, 444, 302, 303, 436, 500, 534, 416, 399, 576, 707, 545, 664, 649, 794, 774, 781, 348, 348, 258, 287, 230, 167, 342, 288, 443, 328, 513, 475, 539, 585, 634, 648, 707, 658, 620, 694, 729, 712, 746, 769, 781]
y_Moead_Rfts=[360, 364, 616, 310, 344, 367, 403, 779, 485, 684, 299, 509, 347, 10, 513, 552, 19, 357, 467, 370, 648, 691, 360, 557, 687, 244, 216, 600, 242, 338, 318, 328, 20, 574, 629, 766, 509, 605, 683, 784, 193, 310, 493, 573, 187, 376, 588, 415, 181, 591, 529, 218, 492, 627, 734, 762, 831, 275, 604, 811, 746, 736, 210, 434, 473, 254, 353, 432, 232, 534, 278, 231, 265, 218, 471, 554, 609, 699, 790, 835, 422, 742, 559, 269, 731, 456, 596, 642, 176, 292, 474, 628, 585, 161, 522, 440, 494, 444]
z_Moead_Rfts=[410, 397, 262, 513, 326, 317, 271, 182, 428, 211, 479, 297, 413, 717, 434, 441, 695, 531, 520, 541, 249, 202, 479, 420, 189, 583, 595, 174, 556, 447, 454, 338, 727, 486, 317, 284, 490, 335, 230, 172, 694, 548, 498, 378, 670, 476, 316, 447, 576, 303, 259, 553, 525, 393, 358, 346, 140, 639, 403, 178, 204, 144, 660, 531, 469, 613, 499, 460, 561, 369, 483, 521, 519, 661, 641, 524, 408, 366, 344, 121, 670, 247, 429, 629, 201, 470, 266, 161, 656, 548, 401, 210, 292, 628, 373, 388, 315, 323]
----Iteration 4----
x_Moead_Rfts=[624, 609, 466, 739, 695, 414, 451, 346, 466, 407, 504, 611, 258, 144, 120, 119, 317, 42, 20, 528, 285, 384, 401, 528, 493, 542, 608, 654, 534, 632, 701, 793, 768, 335, 415, 213, 155, 186, 371, 324, 229, 301, 370, 487, 505, 413, 452, 525, 468, 553, 559, 629, 683, 732, 758, 779, 862, 332, 277, 313, 139, 124, 281, 236, 163, 428, 191, 469, 523, 280, 246, 358, 350, 492, 328, 493, 482, 556, 571, 595, 611, 624, 642, 670, 661, 691, 702, 727, 805, 828, 810]
y_Moead_Rfts=[200, 154, 683, 451, 486, 668, 688, 300, 663, 213, 662, 146, 337, 672, 682, 738, 724, 799, 801, 98, 658, 645, 683, 177, 639, 162, 53, 557, 580, 88, 473, 428, 432, 263, 397, 595, 706, 751, 273, 316, 536, 442, 617, 126, 468, 593, 665, 634, 656, 108, 29, 57, 514, 445, 361, 128, 362, 272, 335, 331, 544, 571, 643, 665, 764, 198, 765, 148, 50, 513, 649, 698, 757, 408, 550, 366, 524, 266, 627, 624, 52, 33, 589, 516, 258, 493, 120, 210, 320, 418, 400]
z_Moead_Rfts=[466, 483, 175, 156, 141, 341, 302, 723, 302, 727, 292, 472, 769, 469, 469, 451, 327, 296, 268, 722, 463, 351, 335, 601, 341, 674, 564, 192, 329, 503, 201, 339, 331, 830, 713, 625, 454, 431, 805, 812, 620, 722, 555, 697, 506, 403, 346, 249, 304, 638, 598, 552, 241, 286, 409, 467, 273, 842, 813, 772, 672, 653, 602, 563, 349, 827, 274, 848, 800, 662, 532, 372, 305, 647, 593, 641, 558, 545, 306, 263, 597, 590, 276, 198, 464, 230, 485, 431, 424, 203, 239]
----Iteration 7----
x_Moead_Rfts=[758, 463, 513, 536, 620, 742, 718, 656, 761, 796, 798, 817, 360, 417, 290, 453, 467, 398, 815, 745, 748, 832, 797, 242, 522, 354, 341, 333, 546, 368, 447, 518, 508, 544, 641, 696, 706, 688, 630, 651, 742, 699, 728, 827, 856, 816, 880, 846, 513, 288, 326, 270, 587, 372, 291, 595, 652, 639, 585, 633, 633, 682, 666, 658, 666, 733, 714, 645, 747, 755, 782, 783, 789, 777, 786, 935]
y_Moead_Rfts=[322, 759, 517, 505, 535, 340, 388, 541, 237, 418, 308, 292, 614, 673, 733, 775, 463, 696, 227, 455, 338, 266, 344, 497, 528, 676, 696, 794, 182, 473, 580, 744, 731, 716, 433, 216, 305, 451, 497, 612, 315, 654, 562, 177, 146, 223, 157, 388, 174, 526, 634, 765, 456, 684, 701, 714, 332, 349, 670, 631, 692, 371, 408, 514, 578, 611, 611, 616, 256, 551, 168, 138, 420, 509, 451, 246]
z_Moead_Rfts=[426, 152, 559, 551, 420, 479, 451, 379, 539, 348, 459, 467, 533, 453, 309, 186, 576, 442, 506, 377, 423, 493, 421, 596, 513, 522, 457, 145, 718, 589, 526, 241, 408, 235, 643, 592, 591, 505, 529, 295, 566, 197, 291, 557, 568, 556, 451, 384, 749, 576, 542, 342, 636, 483, 442, 415, 716, 675, 501, 419, 370, 643, 588, 528, 338, 244, 245, 301, 571, 363, 579, 585, 409, 363, 374, 286]
----Iteration 1----
x_Moead_Rfts=[451, 451, 422, 476, 436, 424, 443, 411, 101, 114, 598, 439, 404, 458, 529, 569, 536, 685, 589, 610, 573, 619, 641, 722, 657, 645, 681, 706, 787, 717, 754, 659, 581, 324, 135, 309, 367, 370, 338, 517, 651, 536, 477, 631, 676, 588, 654, 673, 636, 680, 642, 701, 739, 679, 787, 399, 384, 347, 469, 241, 308, 382, 314, 248, 602, 262, 489, 269, 650, 384, 302, 420, 579, 358, 449, 715, 516, 669, 573, 540, 639, 615, 681, 832, 719, 764]
y_Moead_Rfts=[491, 572, 596, 618, 419, 399, 610, 465, 756, 769, -17, 655, 380, 644, 278, 547, 602, 170, 570, 215, 235, 540, 510, 149, 181, 486, 505, 201, 123, 212, 115, -72, 21, 553, 777, 377, 731, 544, 697, 331, -52, 240, 352, 517, -78, 467, 68, 8, 277, 196, 504, 229, 132, 257, 161, 143, 186, 251, 372, 407, 532, 513, 589, 696, -41, 350, 38, 653, -29, 170, 603, 687, 46, 460, 655, 138, 264, -127, 399, 627, 375, 545, 472, 295, 483, 188]
z_Moead_Rfts=[480, 365, 388, 289, 532, 563, 320, 542, 380, 344, 870, 342, 590, 277, 624, 351, 304, 670, 314, 685, 638, 387, 374, 714, 718, 436, 363, 634, 667, 627, 698, 905, 847, 531, 326, 661, 329, 556, 380, 639, 869, 645, 594, 402, 814, 489, 759, 755, 540, 671, 463, 570, 706, 403, 622, 912, 864, 765, 691, 672, 644, 618, 633, 441, 932, 731, 891, 581, 860, 869, 567, 329, 867, 643, 287, 739, 687, 850, 492, 266, 472, 335, 386, 319, 318, 567]
----Iteration 3----
x_Moead_Rfts=[297, 281, 726, 163, 457, 451, 544, 519, 456, 621, 613, 297, 249, 280, 297, 211, 354, 336, 392, 314, 395, 390, 418, 440, 426, 552, 537, 587, 618, 630, 494, 361, 295, 453, 368, 674, 401, 408, 675, 707, 530, 621, 490, 522, 619, 563, 718, 737, 177, 137, 149, 209, 199, 327, 518, 207, 264, 520, 626, 366, 625, 637, 429, 681, 434, 488, 444, 514, 612, 558, 609, 685, 718, 717, 672, 677, 724]
y_Moead_Rfts=[625, 693, 354, 711, 563, 630, 583, 617, 619, 562, 606, 615, 681, 625, 162, 671, 709, 809, 799, 619, 811, 615, 594, 543, 592, 653, 678, 631, 586, 630, 449, 789, 859, 270, 565, 372, 590, 771, 338, 380, 657, 384, 533, 658, 471, 652, 433, 341, 650, 664, 653, 732, 763, 837, 288, 761, 883, 253, 368, 576, 301, 380, 768, 310, 514, 601, 725, 529, 418, 566, 646, 446, 365, 469, 563, 522, 504]
z_Moead_Rfts=[361, 368, 348, 387, 304, 196, 209, 249, 317, 224, 177, 492, 473, 415, 715, 500, 356, 272, 261, 464, 258, 401, 386, 400, 354, 147, 108, 156, 205, 138, 532, 327, 251, 699, 539, 625, 414, 144, 645, 594, 146, 614, 326, 162, 412, 126, 409, 267, 554, 521, 503, 382, 365, 298, 670, 359, 353, 714, 654, 556, 660, 617, 305, 657, 440, 288, 353, 332, 618, 265, 132, 512, 548, 423, 204, 225, 344]
----Iteration 9----
x_Moead_Rfts=[431, 234, 148, 210, 416, 432, 277, 112, 317, 220, 219, 414, 370, 506, 149, 83, 123, 177, 179, 226, 418, 237, 195, 273, 375, 386, 497, 537, 449, 592, 557, 540, 427, 632, 510, 526, 560, 541, 614, 801, 786, 814, 153, 109, 171, 57, 143, 155, 280, 182, 120, 399, 306, 605, 220, 385, 529, 604, 585, 585, 638, 618, 590, 568, 685, 636, 696, 663, 678, 695, 808, 749, 807, 821, 337, 199, 170, 169, 214, 330, 370, 284, 190, 79, 421, 395, 127, 246, 409, 430, 452, 251, 359, 301, 449, 535, 437, 480, 659, 456, 520, 488, 662, 619, 538, 674, 688, 769, 636, 664, 726, 710, 720, 807, 798, 789]
y_Moead_Rfts=[126, 426, 545, 472, 226, 243, 396, 554, 725, 534, 570, 668, 699, 374, 264, 461, 540, 613, 651, 669, 5, 132, 337, 623, 667, 697, 81, 133, 357, 451, 107, 152, 358, 485, 607, 376, 560, 562, 551, 341, 360, 354, 148, 278, 372, 465, 538, 564, 700, 496, 572, 660, 444, 464, 609, 627, 465, 131, 346, 548, 189, 268, 514, 517, 160, 365, 219, 308, 454, 152, 277, 386, 380, 290, -16, 246, 385, 454, 594, 818, -8, 141, 387, 519, 206, 257, 266, 456, 800, 820, 219, 384, 513, 823, 804, 220, 452, 633, 161, 420, 563, 622, 103, 221, 602, 52, 310, 384, 493, 152, 400, 160, 200, 313, 428, 220]
z_Moead_Rfts=[936, 754, 644, 657, 890, 818, 783, 669, 216, 603, 565, 190, 242, 723, 936, 697, 645, 503, 499, 478, 963, 1021, 857, 500, 227, 177, 945, 880, 804, 635, 941, 859, 762, 578, 187, 694, 425, 236, 413, 502, 477, 466, 1011, 903, 832, 713, 680, 587, 435, 695, 608, 224, 739, 599, 531, 318, 638, 881, 816, 530, 830, 791, 476, 552, 800, 631, 766, 759, 532, 772, 552, 465, 427, 516, 1024, 964, 793, 742, 576, 190, 993, 977, 790, 681, 959, 931, 902, 735, 74, -21, 927, 810, 597, 186, 7, 855, 654, 303, 848, 667, 474, 376, 864, 817, 374, 841, 718, 420, 525, 818, 406, 725, 679, 514, 371, 629]
----Iteration 8----
x_Moead_Rfts=[149, 269, 195, 202, 350, 448, 84, 207, 395, 392, 65, 195, 398, 309, 94, 113, 31, 184, 138, 361, 238, 667, 664, 647, 676, 191, 131, 290, 223, 253, 293, 276, 262, 251, 205, 234, 348, 534, 523, 555, 526, 631, 535, 642, 710, 699, 173, 154, 135, 98, 223, 248, 177, 231, 255, 355, 320, 380, 374, 463, 379, 430, 516, 505, 589, 621, 664, 653, 672, 739, 766, 263, 123, 113, 141, 39, 47, 342, 248, 148, 126, 262, 369, 380, 263, 409, 267, 469, 451, 484, 529, 524, 507, 598, 615, 588, 649, 807, 676, 769, 737, 826, 761, 809]
y_Moead_Rfts=[683, 558, 585, 599, 695, 442, 760, 703, 697, 483, 775, 674, 684, 764, 554, 702, 759, 818, 749, 348, 547, 428, 409, 334, 398, 474, 653, 769, 819, 483, 785, 789, 449, 572, 624, 650, 423, 656, 645, 488, 664, 451, 630, 462, 545, 413, 486, 491, 528, 636, 772, 779, 636, 821, 452, 390, 725, 740, 756, 390, 669, 574, 696, 595, 588, 370, 664, 537, 561, 516, 497, 439, 539, 604, 645, 734, 766, 358, 808, 512, 694, 759, 252, 327, 479, 635, 676, 730, 401, 538, 554, 283, 576, 408, 549, 655, 618, 481, 635, 474, 489, 420, 516, 422]
z_Moead_Rfts=[352, 479, 476, 467, 232, 524, 320, 337, 191, 537, 293, 429, 192, 118, 620, 482, 445, 246, 434, 627, 501, 454, 475, 500, 486, 721, 549, 262, 209, 639, 98, 224, 635, 483, 464, 376, 593, 320, 346, 503, 325, 501, 321, 494, 305, 410, 722, 669, 645, 583, 319, 263, 561, 21, 644, 631, 262, 216, 162, 617, 369, 420, 122, 384, 366, 505, 170, 492, 250, 278, 251, 747, 634, 614, 561, 458, 419, 760, 255, 598, 528, 301, 652, 629, 569, 436, 373, 141, 606, 512, 442, 582, 409, 526, 273, 174, 228, 249, 191, 351, 395, 319, 268, 296]
----End of Run----
