----Iteration 0----
memory=147.32421875,147.32421875,147.32421875,147.32421875,147.32421875,147.83984375,148.09765625,148.35546875,148.61328125,149.2578125
time=1.5730695724487305,1.492215633392334,1.7412598133087158,2.04872465133667,2.0032405853271484,2.275702476501465,1.6015987396240234,1.6759116649627686,1.6413307189941406,1.8338980674743652
----Iteration 1----
memory=147.32421875,147.32421875,147.32421875,147.32421875,147.58203125,147.83984375,148.09765625,148.35546875,148.61328125,149.515625
time=1.7823655605316162,1.634587049484253,1.8039600849151611,2.0379750728607178,2.0208418369293213,1.9510393142700195,1.794891119003296,1.548492670059204,1.960636854171753,2.0214996337890625
----Iteration 2----
memory=150.546875,150.546875,150.546875,150.546875,150.546875,150.546875,150.546875,150.546875,150.8046875,150.8046875
time=1.42242431640625,2.0395634174346924,2.0726206302642822,2.165363073348999,2.788337469100952,2.749983310699463,3.503530740737915,3.0073444843292236,2.6868903636932373,2.874207019805908
----Iteration 3----
memory=150.546875,150.546875,150.546875,150.546875,150.546875,150.546875,150.546875,150.546875,150.8046875,150.8046875
time=1.7429554462432861,1.9621272087097168,2.0295486450195312,2.3539092540740967,2.688058376312256,3.418647289276123,2.8343241214752197,3.0909056663513184,2.795281171798706,3.007422924041748
----Iteration 4----
memory=150.546875,150.546875,150.546875,150.546875,150.546875,150.546875,150.546875,150.8046875,150.8046875,151.0625
time=1.8308813571929932,2.0836024284362793,2.1972873210906982,2.542572021484375,2.8794143199920654,3.670332431793213,2.9539687633514404,2.8651700019836426,2.8538053035736084,2.727423667907715
----Iteration 5----
memory=151.578125,151.8359375,151.8359375,151.8359375,151.8359375,151.8359375,151.8359375,152.09375,152.09375,152.609375
time=1.9508941173553467,2.4076027870178223,2.557063102722168,2.5698184967041016,2.677055835723877,2.443174123764038,2.6308507919311523,2.6277964115142822,2.389991044998169,3.365102767944336
----Iteration 6----
memory=151.8359375,151.8359375,151.8359375,151.8359375,151.8359375,151.8359375,152.09375,152.09375,152.609375,152.609375
time=2.1966350078582764,2.5725715160369873,2.5163917541503906,2.8198397159576416,2.635263442993164,2.555540084838867,2.7302591800689697,2.576479196548462,3.23612642288208,2.2072746753692627
----Iteration 7----
memory=151.8359375,151.8359375,151.8359375,151.8359375,151.8359375,151.8359375,152.09375,152.09375,152.609375,152.609375
time=2.3571906089782715,2.591947078704834,2.486013650894165,2.63077449798584,2.4726223945617676,2.6683733463287354,2.8322582244873047,2.405024528503418,3.2177367210388184,1.803765058517456
----Iteration 8----
memory=152.609375,152.609375,152.609375,152.609375,152.609375,152.609375,152.609375,152.609375,152.609375,152.609375
time=1.2956428527832031,1.688767671585083,2.011604070663452,1.5577168464660645,1.5323870182037354,1.5191233158111572,1.7771565914154053,1.742598056793213,1.8577930927276611,2.285684585571289
----Iteration 9----
memory=152.609375,152.609375,152.609375,152.609375,152.609375,152.609375,152.609375,152.609375,152.609375,152.609375
time=1.5460503101348877,1.7780873775482178,1.6654880046844482,1.4669477939605713,1.622018575668335,1.8577849864959717,2.0801355838775635,1.9056882858276367,2.0649325847625732,1.0297644138336182
