----Iteration 0----
14812,1412314115;14774,1430514035;14544,1355214330;14923,1409714207;14762,1432714017;14988,1407914226;
14692,1419314359;14647,1419814374;14751,1418014376;15286,1451914241;14892,1414214393;15161,1440314298;15250,1442114274;15252,1452214240;15278,1451614266;
14858,1434114467;14886,1415914431;15270,1433014420;15416,1459014412;15425,1453314402;
15416,1459014412;15019,1441914490;14881,1450414514;15398,1464314469;15445,1455914403;
14881,1450414514;14894,1448814491;15551,1476514468;15513,1480714477;15560,1440914694;15593,1440114694;15485,1444614539;15555,1444214683;15525,1482614421;
15560,1440914694;15593,1440114694;15555,1444214683;15584,1482314599;15246,1489814468;15306,1488414435;15192,1392914719;15522,1485214564;15512,1486114551;15497,1486214536;15555,1485714552;15546,1484214553;15567,1446914640;15578,1440514609;15652,1455114541;15644,1458014483;15583,1483914552;
15522,1485214564;15546,1484214553;15454,1497514571;15611,1447914710;15706,1489514552;15615,1491814515;15656,1453814660;15637,1492714501;15602,1483614812;15649,1458114672;15632,1454414675;
15712,1499614905;15714,1494514951;15603,1483214992;15955,1486714836;
15714,1494514951;15703,1492515040;15484,1512414917;15696,1500814942;15679,1506414948;15715,1478915010;15822,1505914934;15811,1482914974;15905,1512014917;16017,1517414912;
15670,1515814949;15972,1508114963;15965,1499215057;16065,1507614991;16300,1524814939;
----Iteration 1----
13645,1356114373;13604,1377314613;13641,1324514390;13616,1358614405;14205,1411814255;14586,1402413803;14285,1411414110;14242,1369714286;14861,1386414165;14869,1385714145;
14205,1411814255;14586,1402413803;13438,1381414712;13574,1387214662;13468,1379614712;13627,1385314635;13742,1383114450;13647,1383414584;14526,1421614163;14233,1414014235;14915,1401614039;14958,1399714071;15041,1383314358;15038,1391314337;
14205,1411814255;13438,1381414712;13574,1387214662;13468,1379614712;14233,1414014235;15038,1391314337;13744,1385314708;13695,1387214573;13802,1393314533;13640,1415314454;13654,1385914660;14066,1443314389;13667,1414114396;14461,1444913698;14690,1395814302;14900,1419414203;15124,1433514165;15091,1396914216;15242,1412114096;15361,1435613761;15382,1430213819;15278,1436013892;15142,1384414361;15377,1424713934;15317,1432513931;15388,1429213897;
13744,1385314708;13695,1387214573;13802,1393314533;13640,1415314454;14066,1443314389;13667,1414114396;15124,1433514165;15278,1436013892;15142,1384414361;15377,1424713934;15317,1432513931;15388,1429213897;13647,1398214755;13684,1399414713;14509,1454313714;14498,1441714196;14551,1444013845;14540,1428214362;14844,1424714224;14552,1442213860;14953,1436214121;15048,1422114264;15031,1424014259;15247,1430614159;15113,1398914398;15607,1396914203;15425,1439313836;15563,1398614123;
13640,1415314454;14066,1443314389;13667,1414114396;15124,1433514165;15278,1436013892;15142,1384414361;15317,1432513931;15388,1429213897;13647,1398214755;13684,1399414713;14509,1454313714;14498,1441714196;14540,1428214362;14844,1424714224;14953,1436214121;15048,1422114264;15031,1424014259;15247,1430614159;15113,1398914398;15607,1396914203;15425,1439313836;13650,1395714766;13887,1397914675;14039,1412914637;13983,1456513890;13901,1390314737;14417,1444414104;14899,1451414026;14928,1450814006;14665,1403714274;15012,1436013963;15168,1373214361;15389,1419114074;15449,1426313961;15246,1379914247;15569,1399514172;15565,1400814243;
14066,1443314389;15124,1433514165;15142,1384414361;13647,1398214755;13684,1399414713;14540,1428214362;14844,1424714224;14953,1436214121;15048,1422114264;15031,1424014259;15247,1430614159;15113,1398914398;15607,1396914203;15425,1439313836;13650,1395714766;13887,1397914675;14039,1412914637;13901,1390314737;14899,1451414026;14928,1450814006;15389,1419114074;15449,1426313961;15569,1399514172;15565,1400814243;13871,1391314770;13990,1416614603;13451,1428114595;14650,1460214331;13935,1393114640;14300,1411914454;14317,1420314402;15253,1448214109;15191,1421514177;15078,1368014447;15192,1380214377;15545,1436713956;15522,1407914340;15629,1400414061;15641,1389213987;
14066,1443314389;13647,1398214755;13684,1399414713;14540,1428214362;15113,1398914398;15607,1396914203;13650,1395714766;13887,1397914675;14039,1412914637;13901,1390314737;13871,1391314770;13990,1416614603;14650,1460214331;13935,1393114640;14300,1411914454;14317,1420314402;15545,1436713956;15522,1407914340;15629,1400414061;15641,1389213987;13502,1439814637;13444,1439714690;13411,1440314607;14616,1466114353;13923,1395814689;14334,1419614440;15156,1449914288;15042,1457014109;14884,1409114552;15194,1454114098;15186,1393114554;15427,1448914226;15556,1393314337;15462,1392714386;15465,1447013942;15555,1434914017;15698,1442413711;15508,1397514376;15509,1433814047;15600,1408814254;
13647,1398214755;15607,1396914203;13650,1395714766;13901,1390314737;13871,1391314770;15522,1407914340;15186,1393114554;15556,1393314337;15600,1408814254;13578,1444214795;14987,1472914503;13686,1438514734;15150,1471814403;15121,1431014714;14902,1447314598;15201,1465614341;15512,1405314397;15423,1462614380;15460,1456714297;15360,1450314389;15365,1391214469;15464,1449514304;15808,1452513987;15543,1453414144;15368,1396914424;15628,1452514152;15846,1456413977;15712,1400314167;15736,1410714089;16079,1435513859;
13871,1391314770;15186,1393114554;14987,1472914503;15150,1471814403;15121,1431014714;14902,1447314598;15808,1452513987;15628,1452514152;15846,1456413977;13905,1402014749;13733,1447114833;13735,1447014803;14744,1468514534;13991,1440314657;15083,1473114482;15354,1468714364;15477,1466314534;15342,1468014444;15579,1464814241;15576,1458114344;15587,1464414210;15656,1454214084;15603,1427814446;15733,1425814426;15917,1461513957;16196,1449214124;16206,1446714144;16226,1440014157;16071,1441714184;16215,1441314105;
14987,1472914503;15150,1471814403;15121,1431014714;14744,1468514534;15083,1473114482;15354,1468714364;15477,1466314534;15342,1468014444;15579,1464814241;15576,1458114344;15587,1464414210;16196,1449214124;16206,1446714144;16226,1440014157;16215,1441314105;14187,1470114899;15365,1456914598;15633,1456714362;15492,1458414523;15657,1449814451;15728,1462714190;16084,1474314119;15782,1442614449;15906,1432414484;15982,1476314163;15949,1430514474;16125,1468713937;15968,1423614407;16141,1445214203;16007,1429714378;16096,1434014314;16117,1443914295;
----Iteration 2----
14156,1475214282;14255,1473214149;14194,1475214207;14368,1444313922;14594,1388113541;14541,1383813578;14597,1388913486;14605,1379713583;14658,1384013546;
14156,1475214282;14237,1473914278;14379,1486514119;14643,1484614237;14657,1479514219;14737,1473114003;14684,1473314123;14687,1472614053;
14379,1486514119;14643,1484614237;14657,1479514219;14737,1473114003;14684,1473314123;14687,1472614053;14336,1481514294;14558,1481414341;14603,1485614206;14624,1481914288;14730,1467814192;14809,1471514160;14861,1457314118;14997,1465514094;
14593,1489114367;14902,1492114349;14621,1492914293;14848,1492414334;14922,1482814259;14934,1482214294;15066,1472814245;15022,1487314240;15131,1472514206;15232,1469514310;
14902,1492114349;14934,1482214294;15232,1469514310;14748,1522114652;14722,1523114535;14676,1529714572;14874,1507614459;14771,1518314586;14765,1522114507;14888,1504014489;14828,1507914392;14806,1509414479;15137,1497714287;15069,1458714472;15231,1462414460;15356,1464814450;15262,1470214175;15213,1476714434;15340,1468414395;
15356,1464814450;15340,1468414395;14847,1532914921;14802,1535414908;14848,1528314680;15182,1515214779;15103,1510914833;15242,1486214721;15176,1520714826;15196,1507514782;15311,1480814612;
15356,1464814450;14847,1532914921;14802,1535414908;15176,1520714826;14943,1531614905;15131,1518814960;14973,1532914759;15151,1526014886;15201,1520214914;15298,1499714797;15200,1520414894;15347,1506814786;15319,1495314806;
14802,1535414908;15065,1532614852;15038,1534114962;15066,1537814834;15159,1525414989;15226,1524014933;15303,1529014904;15245,1517514924;15394,1522814904;15588,1500814582;15425,1503214793;15651,1492114584;15630,1495814554;
15066,1537814834;15159,1525414989;15226,1524014933;15303,1529014904;15394,1522814904;15092,1537114914;15083,1537214965;15101,1536914923;15271,1523514969;15213,1533714850;15186,1526214980;15439,1518914902;15362,1513914946;15725,1492214762;15798,1508414704;15887,1507314576;
15303,1529014904;15092,1537114914;15083,1537214965;15101,1536914923;15725,1492214762;15798,1508414704;15060,1538514983;14996,1545914941;15299,1534314932;15245,1536614947;15130,1540814863;15344,1531814893;15430,1522715020;15453,1527114864;15348,1528015021;15487,1526214939;15546,1510414831;15575,1515014809;15495,1524014840;15600,1507714831;15799,1497514718;15947,1510914606;16028,1504914713;15892,1515514560;15983,1500714714;
----Iteration 3----
15137,1428314361;15454,1479714341;15405,1475414346;
15454,1479714341;15405,1475414346;15197,1465714361;15636,1530114280;15697,1526814256;15654,1539414267;15675,1527014190;
15654,1539414267;14452,1403814486;15587,1540214290;15745,1534614402;15773,1533114430;15784,1528414206;15738,1534214415;15809,1527514376;15916,1527314297;
14452,1403814486;15452,1489714460;15324,1498314475;15856,1548414459;15988,1546514458;15954,1551914422;16027,1543414415;15989,1545714383;
15816,1558114365;15469,1491414600;16008,1555014528;16071,1552414523;16041,1551314559;16107,1536914418;
15816,1558114365;16008,1555014528;16071,1552414523;15779,1558314406;15909,1557614321;15950,1565414293;15934,1560314307;16042,1554014600;15890,1568414330;16106,1551214575;16153,1551214501;
16042,1554014600;15890,1568414330;16106,1551214575;16001,1565714335;16063,1551414588;16042,1565414341;16039,1554414582;16030,1555614625;16219,1542914572;16209,1550714538;16316,1560914534;
16157,1565714636;16103,1566114609;16330,1556114679;16309,1576114518;16478,1573914571;16448,1573714593;
16330,1556114679;16448,1573714593;15939,1558814732;15942,1566114669;16226,1570214644;16158,1576714662;16160,1570714610;16268,1557114635;16325,1559014614;16427,1581014492;16427,1578214577;16461,1576514573;16513,1575914572;16499,1572314603;
15939,1558814732;16158,1576714662;16427,1581014492;16128,1573314663;16107,1577714680;16189,1574614613;16250,1552614712;16453,1570514678;16409,1568614699;16436,1574514641;16505,1569914677;16619,1580314608;16722,1559914541;
----Iteration 4----
14153,1408014104;14147,1417013958;14191,1409714033;14645,1385314562;14639,1391114634;
14639,1391114634;14839,1419714460;14755,1443114413;14923,1399514556;14900,1417614595;14756,1440714444;14996,1404414447;15049,1415914291;14978,1396914461;15036,1428114436;
14639,1391114634;14923,1399514556;14900,1417614595;15036,1428114436;14812,1379114617;14967,1415114439;14796,1443914368;14755,1443514443;14817,1443314449;14760,1440614488;14878,1435614503;14931,1441114466;15076,1408114512;15070,1437614391;15131,1412914482;15175,1393414422;
14639,1391114634;14923,1399514556;14900,1417614595;15036,1428114436;15076,1408114512;15070,1437614391;15131,1412914482;14864,1381814612;14868,1447714485;14956,1377714642;14725,1443414496;14854,1386314663;15004,1441114526;15012,1441114465;14842,1434914552;15087,1439714379;15246,1395914584;15295,1403814519;15315,1397614376;
14854,1386314663;15245,1419614640;15068,1449914564;15084,1444414567;15229,1443514495;15233,1414314642;15234,1441914489;15246,1439414519;15291,1434514488;15538,1430914480;15383,1423114622;15405,1421014567;15597,1428214438;
15068,1449914564;15383,1423114622;15405,1421014567;14796,1444314679;14831,1440514626;14985,1460314535;15400,1398514588;15362,1428014737;15331,1446514579;15467,1445514553;15478,1445814552;15648,1439114519;15783,1417914324;
14985,1460314535;14996,1458714504;15415,1424215075;15472,1450014624;15435,1403014916;15438,1430614898;15486,1448014631;15714,1436914693;15685,1445214864;15716,1433214637;15807,1440914633;
14985,1460314535;15415,1424215075;15438,1430614898;15714,1436914693;15685,1445214864;15807,1440914633;15410,1421615129;15465,1423714919;15553,1455214816;15710,1458914754;15511,1421814866;15841,1433214745;15814,1430114825;15840,1434614777;15780,1431414796;
15415,1424215075;15438,1430614898;15685,1445214864;15807,1440914633;15410,1421615129;15465,1423714919;15553,1455214816;15710,1458914754;15814,1430114825;15225,1409915155;15422,1432515030;15651,1455914761;15551,1459514729;15498,1460814695;15648,1457814788;15525,1445114883;15508,1443014889;15718,1446114739;15576,1442414873;15892,1431714796;15876,1432614709;15929,1431814666;15859,1437114794;
15415,1424215075;15410,1421615129;15225,1409915155;15422,1432515030;15892,1431714796;15876,1432614709;15929,1431814666;15859,1437114794;15184,1421915101;16017,1420514841;15845,1486615021;15930,1426914731;15878,1435714662;
----Iteration 5----
14761,1423614293;14868,1439914224;14899,1428314175;
14761,1423614293;14684,1466314147;14727,1455414360;14889,1444514143;14874,1443614148;14919,1443214279;14943,1436914219;
14727,1455414360;14919,1443214279;14834,1472014186;14913,1476714168;14878,1459314279;14798,1467614321;14868,1465914292;15004,1448314222;15038,1443414250;
14798,1474714201;14868,1473614227;14995,1461414327;14979,1470014391;15021,1488814170;15156,1456214255;15096,1465814229;15176,1468714195;
14995,1461414327;14979,1470014391;15156,1456214255;15096,1465814229;15176,1468714195;14833,1456114400;14804,1453914416;14815,1484714306;15067,1488914236;15061,1485414245;15311,1472114159;15252,1474214117;15239,1478114164;15325,1464014124;
14995,1461414327;14979,1470014391;15156,1456214255;14833,1456114400;15067,1488914236;15061,1485414245;15311,1472114159;15239,1478114164;15325,1464014124;14801,1466814464;14788,1502314183;14831,1464014443;14932,1483914336;14913,1495714364;15059,1486314267;15109,1457014246;15111,1487014177;15230,1476414204;15280,1470714201;15266,1472714188;15260,1473814165;15259,1474814239;
14913,1495714364;15059,1486314267;15030,1483114468;14829,1498814363;14855,1497414373;14843,1494114387;14927,1490314483;14943,1490214341;15162,1464214315;15139,1467614342;15236,1459614326;15399,1507114248;
14927,1490314483;15092,1489614557;15442,1524514449;15443,1522314445;15561,1521914417;15662,1506114255;15566,1508514262;15701,1498014278;
15092,1489614557;15442,1524514449;15443,1522314445;15561,1521914417;15065,1486714598;15645,1518514552;15814,1520514491;
15092,1489614557;15442,1524514449;15065,1486714598;15645,1518514552;15814,1520514491;15882,1512014323;15566,1522214522;15684,1523114491;15879,1520214537;15937,1509814471;15870,1508914552;
----Iteration 6----
14288,1439014115;14562,1414813897;14713,1422213515;14782,1394914275;14688,1419013843;14736,1421813809;14736,1420113838;14756,1409713722;
14742,1444314563;14943,1462814403;14985,1457114471;14969,1459814534;15035,1451614515;15082,1436714410;
14923,1489714429;14955,1475314384;14580,1442514747;14945,1482114405;14963,1441414685;15020,1483314381;15080,1467114598;15118,1456814424;15188,1455514395;
15080,1467114598;15188,1455514395;15050,1461714704;14773,1486014548;15168,1494514536;15178,1447214796;15191,1491514282;15217,1471814377;15189,1472214377;15323,1402514128;15318,1406013968;
15080,1467114598;14773,1486014548;15217,1471814377;15072,1466814747;14966,1500514394;15030,1468414724;15192,1497914544;15266,1415514679;15244,1434714738;15205,1459414889;15352,1485814294;15222,1463514810;15436,1412214235;15440,1411514253;15381,1414414083;
15080,1467114598;15217,1471814377;15072,1466814747;14966,1500514394;15030,1468414724;15192,1497914544;15352,1485814294;14969,1489414556;15144,1495114551;15207,1496214328;15282,1461214971;15215,1493214387;15301,1466614923;15627,1455714392;15292,1490014318;15240,1490514349;15483,1476014217;15424,1457114355;
14966,1500514394;15192,1497914544;15352,1485814294;15627,1455714392;15292,1490014318;14979,1503714343;15153,1500014661;15182,1494014552;15217,1493914588;15247,1496214392;15506,1478514232;15482,1481014231;15518,1469415134;15569,1467714481;
15352,1485814294;15292,1490014318;15217,1493914588;15247,1496214392;15506,1478514232;15482,1481014231;15518,1469415134;15569,1467714481;15202,1508114705;15208,1504714600;15073,1496414748;15419,1482014672;15520,1476315054;15516,1473315115;15612,1467514448;15723,1464814646;15655,1464914656;
15352,1485814294;15292,1490014318;15247,1496214392;15506,1478514232;15482,1481014231;15518,1469415134;15202,1508114705;15419,1482014672;15520,1476315054;15516,1473315115;15723,1464814646;15655,1464914656;15174,1503614922;15384,1480915198;15077,1482314991;15403,1475815167;15227,1505514677;15497,1468115284;15444,1481115013;15284,1486914437;15297,1501914204;15539,1468015256;15372,1482514454;15594,1457315132;15585,1466715176;15709,1471214484;15622,1444615061;15708,1453515026;15686,1465314541;15744,1450814942;15777,1457914555;
15723,1464814646;15655,1464914656;15384,1480915198;15403,1475815167;15497,1468115284;15539,1468015256;15594,1457315132;15585,1466715176;15709,1471214484;15708,1453515026;15686,1465314541;15744,1450814942;15434,1474815259;15239,1519415192;15385,1509815111;15340,1515215048;15324,1481715208;15588,1487815142;15661,1450115145;15487,1503215086;15633,1471614818;15726,1443715011;15757,1442914997;15791,1461914594;
----Iteration 7----
14481,1414414081;14526,1415714076;14643,1401714092;14528,1418414039;14697,1392114025;
14643,1401714092;14490,1429214143;14533,1433314005;14626,1424314232;14710,1396714045;14648,1408714031;14660,1402814008;
14604,1436114243;14693,1443114230;14648,1447813987;14746,1430614374;14695,1432614358;14713,1432514401;14728,1433914348;15150,1382614225;15066,1385114258;
14693,1443114230;14648,1447813987;14604,1446414282;14619,1443714273;14666,1442314292;14926,1441214452;14802,1432914477;15298,1394514394;15252,1400814276;
14648,1447813987;14926,1441214452;14802,1432914477;15298,1394514394;14529,1443014465;14743,1442314509;14756,1436614471;14933,1446814422;14995,1430614344;15246,1405314443;15338,1423714364;15426,1405514207;15370,1409214207;
14648,1447813987;14926,1441214452;14802,1432914477;14743,1442314509;14756,1436614471;14933,1446814422;14995,1430614344;15246,1405314443;15338,1423714364;15426,1405514207;14715,1434314516;14676,1444514505;14581,1445414552;14558,1448114474;14844,1441914426;14883,1422314456;15307,1399314413;14994,1430014387;14963,1434414376;15394,1414514278;
14926,1441214452;14933,1446814422;14995,1430614344;15338,1423714364;14844,1441914426;14994,1430014387;14963,1434414376;15394,1414514278;14817,1458014648;14905,1434314590;14894,1435214553;14822,1449714472;15298,1419814706;15248,1427714315;15102,1443714281;15272,1426814681;15023,1433214283;15299,1414414701;15273,1426414299;15303,1407014734;15464,1408214697;15377,1414714226;
14933,1446814422;15338,1423714364;15298,1419814706;15248,1427714315;15272,1426814681;15273,1426414299;14869,1459814697;14882,1459214663;14903,1461114584;15231,1442514800;14905,1452614640;15166,1443814417;15481,1418314859;15204,1442814565;15235,1431314305;15499,1415114868;
15272,1426814681;14869,1459814697;14882,1459214663;14903,1461114584;15231,1442514800;14905,1452614640;15481,1418314859;15204,1442814565;15235,1431314305;15499,1415114868;14858,1455914703;14844,1461614649;15053,1418914932;14915,1447714736;15160,1445414707;14924,1452514708;15045,1463114551;14978,1453614587;15182,1443814680;15448,1424314892;15317,1428214674;15393,1425414897;15462,1417814902;
15499,1415114868;15045,1463114551;15448,1424314892;15393,1425414897;15234,1448815063;15090,1450414979;14942,1462314743;14979,1462914717;15187,1461814851;15302,1442714486;15393,1430914871;15407,1424814447;15490,1418614908;15522,1412714821;
----Iteration 8----
14506,1417513773;14488,1426013755;14719,1386614044;14700,1390614028;
14573,1413413815;14685,1411314204;14651,1441713797;14616,1445513738;14781,1390214107;14729,1393714097;
14651,1441713797;14616,1445513738;14262,1430413824;14539,1445213800;14557,1450713741;14551,1443713756;14316,1434613813;15279,1420614358;15189,1425614299;
15189,1425614299;14671,1447613870;14557,1456513826;14643,1455513875;15264,1444213904;15311,1422214428;15523,1419014147;
15189,1425614299;14671,1447613870;14557,1456513826;14643,1455513875;15264,1444213904;15311,1422214428;15523,1419014147;14720,1444813876;14538,1457213825;14735,1443713927;15225,1440513924;15261,1446413868;15509,1431714247;15591,1406814578;15648,1406714488;
14557,1456513826;14643,1455513875;14538,1457213825;15591,1406814578;15648,1406714488;14820,1453313936;15611,1446014394;15493,1409214529;15546,1446614450;15701,1400614497;
15591,1406814578;15711,1456014542;15687,1459814540;15599,1406314621;15981,1443014296;15875,1440814521;15897,1447314369;15869,1435814537;
15599,1406314621;15711,1463814569;15744,1454914595;15732,1455114536;15684,1455814617;15549,1406014625;16006,1456014504;15890,1443114586;
15684,1455814617;15718,1466814578;15731,1466714581;15708,1468214561;15905,1466114575;15966,1470314516;16065,1448214736;16152,1452514646;16115,1460014612;
16065,1448214736;16152,1452514646;16115,1460014612;15944,1481614790;16002,1471114564;16087,1458114681;
----Iteration 9----
14148,1412514392;14408,1453514358;14473,1441014275;14484,1440914219;14434,1438114279;
13980,1347514605;14190,1430014520;14158,1397814533;14145,1433814491;14251,1380214520;14621,1462614382;14747,1460914327;14659,1461214485;14697,1462914324;
13980,1347514605;14659,1461214485;14697,1462914324;13897,1369014685;14508,1484414098;14411,1488414155;14676,1464514442;14810,1461114594;
14659,1461214485;14676,1464514442;13914,1371314731;14824,1489814173;14692,1418014725;14815,1501814214;14863,1465214425;14839,1461114597;15286,1485414372;
13914,1371314731;14692,1418014725;14815,1501814214;14839,1461114597;14936,1492514271;14900,1412414595;15313,1491814420;15357,1488614448;15305,1485714522;15400,1483514438;
13914,1371314731;14692,1418014725;14815,1501814214;15313,1491814420;15357,1488614448;15305,1485714522;15009,1500614258;14997,1391914674;14902,1495514299;15053,1496914206;15025,1496314293;15395,1477514595;15385,1482314635;15459,1487814457;15557,1475714486;
13914,1371314731;14692,1418014725;15313,1491814420;15357,1488614448;15053,1496914206;15025,1496314293;15385,1482314635;15459,1487814457;15557,1475714486;14910,1502314315;15024,1515914284;14927,1503514303;15027,1506114135;15384,1479914687;15418,1478514638;15422,1481814628;15342,1486514619;15451,1487214499;15538,1474414491;15521,1485714538;
14271,1411114863;14280,1414514854;14988,1516014374;15031,1515914346;15167,1502814690;15039,1509314286;15139,1426614766;15533,1493014760;15602,1488614723;15740,1487314685;
14988,1516014374;15031,1515914346;15740,1487314685;14731,1458714925;14867,1442514880;15075,1511414297;15501,1510714830;15551,1510514870;15616,1491914755;15705,1495814752;
15600,1518614914;15553,1497014928;15759,1496914847;15710,1500314823;15896,1491614739;
