----Iteration 1----
9059,85898550;8910,88038315;8940,88008314;8860,88458280;8355,85918678;9037,86238610;9020,86288610;8948,87448354;8983,87088392;9033,87708284;9141,85578606;9175,87068413;9158,84798578;9168,85248530;
9180,88998624;9367,87648420;9353,88958675;9474,86178698;9445,87448699;9364,87968660;
9180,88998624;9353,88958675;9051,85658754;9178,87668720;9385,88568684;9345,86928738;9557,86658742;9596,88068714;9398,88128649;9566,87608724;
9353,88958675;9354,89098656;9548,88678784;9362,90068639;9343,89288749;9684,88208961;9668,88538881;
9362,90068639;9684,88208961;9668,88538881;9524,89728947;9243,90398513;9592,89608929;9567,89609067;9627,88868990;9701,88358898;9702,87998896;
9684,88208961;9668,88538881;9524,89728947;9592,89608929;9567,89609067;9627,88868990;9701,88358898;9702,87998896;9576,89178988;9345,91078714;9481,89928993;9514,90528892;9485,90858759;9527,90688773;9517,89768988;9570,90528835;9605,89938928;9642,88598873;9721,87448960;
9567,89609067;9627,88868990;9576,89178988;9481,89928993;9517,89768988;9568,90008961;9613,89488975;9494,91338735;9597,90248934;9741,89328937;9830,88499027;9664,90878929;9864,88428993;9729,89558959;9744,88518904;10032,87588929;9957,88309026;
9567,89609067;9568,90008961;9613,89488975;9494,91338735;9597,90248934;9664,90878929;9729,89558959;10032,87588929;9550,90988876;9462,91598733;9554,90489089;9609,89818980;9656,89668950;9998,89479037;10028,89449036;
9494,91338735;9597,90248934;9664,90878929;9462,91598733;9554,90489089;9690,89719121;9644,89889118;9632,91128886;9621,90209032;9988,87089112;10012,89899064;10154,89279026;10165,87559102;10111,89589094;10183,88849032;10198,88689093;10204,86919055;10216,88229046;
9494,91338735;9664,90878929;9462,91598733;9554,90489089;9690,89719121;9644,89889118;9632,91128886;9621,90209032;9988,87089112;10012,89899064;10165,87559102;10111,89589094;10183,88849032;10198,88689093;10204,86919055;10216,88229046;9544,90958995;9608,91138938;9409,91788622;9972,87629115;9851,88319122;9983,87119127;10148,89099090;10137,89329070;10145,89659057;10180,88699075;10155,89319088;
----Iteration 0----
9019,81948320;8800,86968214;8260,87258080;8768,86948265;8779,86358481;8819,86188273;8782,81108574;8797,86408401;9366,81508558;
8850,89838513;8670,90548457;9204,88718610;9462,86508545;9306,88618647;9678,84258814;9390,86778497;9348,88428675;9384,88528673;9612,85448832;
8850,89838513;9306,88618647;9348,88428675;9384,88528673;9612,85448832;8911,89178517;8829,89708553;8765,91328436;8800,90658482;9456,87328674;8816,90228490;9297,88728690;9093,89448368;9305,88638510;9404,88148758;9686,84608938;9630,84808804;9557,86758742;9647,85948629;
8850,89838513;9306,88618647;9348,88428675;9384,88528673;9612,85448832;8911,89178517;8829,89708553;8765,91328436;8800,90658482;8816,90228490;9297,88728690;9305,88638510;9404,88148758;9686,84608938;9557,86758742;9647,85948629;8889,89548581;8639,91708437;8735,91268468;8675,91068480;9105,91058432;9411,86758846;9523,87498754;9446,87938830;9695,85408897;9523,85528770;9500,88198713;
9686,84608938;8639,91708437;9411,86758846;9446,87938830;9695,85408897;9247,91318587;9284,87308873;9065,88108814;9248,91548524;9453,87498796;9326,90418535;9642,87138748;9462,90258676;9592,89988763;9539,89998787;9673,85798928;9690,85378930;9631,85289014;9792,85888700;9674,89738691;9694,85638885;9725,84188809;9774,87018451;9844,85188612;
9686,84608938;9411,86758846;9446,87938830;9695,85408897;9284,87308873;9453,87498796;9326,90418535;9642,87138748;9462,90258676;9592,89988763;9539,89998787;9673,85798928;9690,85378930;9631,85289014;9792,85888700;9674,89738691;9694,85638885;9774,87018451;9844,85188612;9282,87398834;8945,91828743;8962,92198674;9261,92318588;9270,87318935;9304,86918834;9308,90968618;9256,89468848;9274,91788672;9828,85048906;9623,89598737;9988,84568585;9921,84488716;9757,89518702;9995,83808613;
9686,84608938;9411,86758846;9695,85408897;9284,87308873;9673,85798928;9690,85378930;9631,85289014;9694,85638885;8945,91828743;9270,87318935;9256,89468848;9828,85048906;9757,89518702;9293,87228947;9339,87848862;9389,91398818;9339,91748817;9326,93878741;9568,91558799;9382,93238687;9371,85538953;9636,90358838;9637,86438952;9798,89428805;9677,89748749;9902,85558654;10078,84908848;
9631,85289014;9256,89468848;9389,91398818;9339,91748817;9326,93878741;9568,91558799;9382,93238687;9636,90358838;9798,89428805;9902,85558654;10078,84908848;9282,88978989;9317,88639108;9255,88579207;9220,89779121;9328,91148844;9499,92948768;9669,86268987;9874,88218986;9610,88618887;9641,91308739;9783,89908826;9892,88048832;9956,88948653;9866,89338761;9990,84568863;10129,84758810;
9631,85289014;9326,93878741;9382,93238687;9636,90358838;10078,84908848;9317,88639108;9255,88579207;9499,92948768;9990,84568863;10129,84758810;9291,88499174;9135,91668995;9187,93478953;9281,90309183;9486,93198728;9457,88169131;9310,90879135;9551,92838862;9799,88579012;9580,90588847;9670,91528805;9600,92718843;9923,88738986;9833,90698834;9949,89018938;9867,90168841;9954,90118811;9975,89178713;10156,84508731;9978,88648753;
9326,93878741;9382,93238687;9636,90358838;10078,84908848;9255,88579207;9499,92948768;9990,84568863;9291,88499174;9135,91668995;9187,93478953;9281,90309183;9486,93198728;9457,88169131;9310,90879135;9551,92838862;9799,88579012;9670,91528805;9600,92718843;9923,88738986;9833,90698834;9949,89018938;9867,90168841;9954,90118811;9975,89178713;9978,88648753;9269,90829171;9597,92388870;9278,94058698;9122,94138653;9335,88849153;9511,92868845;9450,88989129;9252,93018920;9668,89389024;9696,89979007;9728,91768746;9593,91628883;9757,91498756;9833,90248850;9946,88498949;9950,88598935;9907,90198803;9972,87998885;9936,90048814;10203,85808824;10078,86648711;
----Iteration 2----
9007,88218495;9113,88748417;9093,88998458;
8752,90318373;8847,89858323;9139,89658556;9210,89468687;9244,89308692;9222,89548623;
9269,90278847;9191,90498775;9277,89328699;9420,88478573;
9420,88478573;9276,91068860;9326,88358783;9293,90898890;9417,88248656;9466,88148628;9482,87748672;
9466,88148628;9482,87748672;9269,87588986;9277,87498973;9401,91368939;9416,91938870;9418,91178885;9430,89408770;9457,87108686;
9269,87588986;9277,87498973;9401,91368939;9216,87429003;9230,92148948;9368,86818940;9464,92128881;9458,91548901;9506,90478731;9466,91268763;
9401,91368939;9230,92148948;9464,92128881;9458,91548901;9127,87919094;9202,89399013;9138,87839037;9371,93328940;9323,90998995;9560,89668937;9410,92168827;9466,88458987;9484,88319035;9462,91408922;9487,91378934;9571,90908911;9517,91338858;9534,90958908;
9464,92128881;9458,91548901;9371,93328940;9560,89668937;9462,91408922;9487,91378934;9571,90908911;9517,91338858;9534,90958908;9268,88849132;9320,88899123;9414,93209083;9515,89119096;9615,89449089;9605,91208795;9681,89988887;9742,89378820;9774,90778782;
9464,92128881;9268,88849132;9414,93209083;9515,89119096;9615,89449089;9382,93959128;9433,93949068;9468,88689102;9460,89489105;9453,92268852;9626,89119082;9518,91608903;9545,92148787;9695,88489043;9712,87459015;9874,91338878;9831,88178993;9865,91488949;
9515,89119096;9433,93949068;9468,88689102;9460,89489105;9445,93099095;9419,94019162;9457,93599034;9577,93028806;9545,93069003;9970,92279026;9921,92559094;10001,91759055;10057,91139045;
----Iteration 3----
8879,81288806;9317,85988681;9308,85858697;9372,85768734;9403,84608639;9394,84468646;
8879,81288806;8959,80948796;8993,80848820;9005,80818821;9449,85378707;9404,86208753;9479,84868703;
8993,80848820;9005,80818821;9449,85378707;9404,86208753;9415,85738619;9476,85088645;9525,85008736;9538,84828815;
9030,81338856;9427,87358602;9106,81348852;9374,88638680;9486,87228629;9536,87208818;9556,86428841;9867,86088724;9883,85798793;
9374,88638680;9883,85798793;9408,88598687;9856,87518963;9649,86659075;9859,88108922;9959,86108756;
9649,86659075;9433,89008611;10043,88859022;10009,88599041;
10043,88859022;10009,88599041;9494,89308576;9466,89968573;9989,89129118;10064,89018988;
10043,88859022;10009,88599041;9989,89129118;10064,89018988;9532,88089137;9648,89379088;9763,90808744;9647,89698935;9670,89169059;9976,88729122;10069,87969021;10067,89078920;
10043,88859022;10009,88599041;9989,89129118;10064,89018988;9648,89379088;9763,90808744;9647,89698935;9670,89169059;9976,88729122;10069,87969021;10067,89078920;9696,88409160;9575,89499048;9755,90728831;9531,90068940;9623,89788934;9974,87789166;
9989,89129118;10064,89018988;9763,90808744;9976,88729122;10069,87969021;10067,89078920;9755,90728831;9974,87789166;9621,87399299;9669,89409123;9740,89699105;9694,90429030;9700,90928906;9873,89189164;10010,87349158;9930,87149219;9937,87309218;9785,90108804;9883,90048716;9973,87859146;9964,87069229;10051,89139024;10039,88809082;10090,87988838;
----Iteration 4----
8104,88538442;8230,88838397;8514,86188319;8533,85728252;8399,86768256;8909,85568140;9049,85178218;
8130,88888421;8187,89898364;8202,89178322;9291,88848493;9324,88368421;
8187,89898364;8202,89178322;9291,88848493;9324,88368421;8267,88558523;8142,89478417;8281,89068462;9677,87348495;9593,86918527;9693,87188460;9689,88328453;9665,87598455;
8187,89898364;9291,88848493;8142,89478417;8281,89068462;9593,86918527;8367,89298387;8376,89088379;9663,88678428;8885,88968540;9451,86608623;9797,88398391;9674,87828484;9779,88418462;9812,87738498;
9291,88848493;9663,88678428;9674,87828484;9779,88418462;9812,87738498;8964,91448662;9012,91568611;9446,86768662;9005,91208647;9489,86728648;9039,90818659;9706,88248464;9809,88428461;9462,85278649;9757,87018539;
9457,86538723;9002,86768840;9093,92798725;8994,92118747;9108,91638689;9135,90968764;9767,88028713;9203,90218652;9753,88198683;9941,88698488;9749,88278691;9840,89818588;9736,88428714;
9093,92798725;8994,92118747;9108,91638689;9135,90968764;9941,88698488;9840,89818588;9736,88428714;9227,88218933;9196,88238921;9293,88318849;9202,91228685;9784,88418762;9398,92328683;9818,88128795;9787,88968634;9755,89798685;9785,90068597;9827,87938881;9786,90668539;
9093,92798725;8994,92118747;9398,92328683;9343,91908792;9000,91918749;9891,90999035;9920,91418869;9741,92128707;10010,88978828;9996,89168795;
9093,92798725;8994,92118747;9398,92328683;9343,91908792;9000,91918749;9891,90999035;9920,91418869;9741,92128707;10010,88978828;9996,89168795;9802,91419108;9914,90949002;9881,91778876;9956,90288953;9903,91478953;9963,89878839;10022,89608761;10060,88578753;
9093,92798725;9398,92328683;9891,90999035;10010,88978828;9996,89168795;9802,91419108;9914,90949002;9881,91778876;9903,91478953;10022,89608761;10060,88578753;9397,92458804;9907,90649039;9512,92258415;9829,92158943;9948,91628908;9836,91898907;9983,90288994;10018,89068820;
----Iteration 5----
9482,84348274;9466,85928569;9547,83568331;9470,83978380;9425,86928596;9472,83778316;9508,83758248;
9535,86698720;9809,87738683;9722,87748625;9753,87838624;9908,86898685;
9908,86898685;9579,87198836;9787,88128675;9720,88268625;9815,87918730;9877,87428613;9833,87448707;9925,86488802;
9579,87198836;9815,87918730;9925,86488802;9386,88878831;9416,87898854;9731,86728871;9844,88768680;9740,86598819;9836,88048700;9783,86508838;9931,87638706;9933,87538780;
9815,87918730;9925,86488802;9731,86728871;9844,88768680;9836,88048700;9783,86508838;9933,87538780;9324,89558966;9183,89688425;9418,89568951;9352,89159016;9664,87388870;9762,88428690;9630,87568861;9781,86608883;9719,87448798;9784,88108749;9694,88428737;9921,87758641;9966,87738738;9981,85548552;
9815,87918730;9925,86488802;9731,86728871;9933,87538780;9418,89568951;9352,89159016;9664,87388870;9630,87568861;9781,86608883;9719,87448798;9784,88108749;9694,88428737;9921,87758641;9966,87738738;9981,85548552;9381,90129004;9373,88879030;9406,88988957;9397,88819038;9055,90138461;9415,88699008;9425,89078435;9426,88238926;9485,87898825;9470,88278831;9669,88838538;9759,87208802;9859,88788721;9825,86508843;9894,87978656;9989,85158591;
9815,87918730;9925,86488802;9731,86728871;9933,87538780;9664,87388870;9630,87568861;9781,86608883;9719,87448798;9784,88108749;9694,88428737;9921,87758641;9966,87738738;9981,85548552;9381,90129004;9669,88838538;9759,87208802;9859,88788721;9825,86508843;9894,87978656;9989,85158591;9460,89969085;9426,91228754;9460,91438607;9414,90688765;9507,89499081;9581,88828724;9769,88808698;9752,86498923;9819,87038851;9791,86638862;
9815,87918730;9925,86488802;9731,86728871;9933,87538780;9664,87388870;9781,86608883;9719,87448798;9784,88108749;9694,88428737;9921,87758641;9966,87738738;9381,90129004;9859,88788721;9825,86508843;9894,87978656;9460,89969085;9426,91228754;9414,90688765;9507,89499081;9769,88808698;9752,86498923;9819,87038851;9791,86638862;9412,91338724;9392,90208885;9470,91628661;9516,89099016;9493,89619107;9636,88829031;9586,89858944;9498,90098537;9706,89658722;9732,86938868;9801,87328834;10033,85728657;
9925,86488802;9933,87538780;9921,87758641;9966,87738738;9859,88788721;9894,87978656;9460,89969085;9426,91228754;9507,89499081;9412,91338724;9470,91628661;9493,89619107;9636,88829031;9586,89858944;10033,85728657;9550,89269100;9435,90669032;9523,90748807;9478,91248738;9522,90378917;9640,88809041;9807,90128886;9543,90218772;9747,89738924;9829,89708954;10013,86308749;9988,85698778;10052,85568647;
9925,86488802;9933,87538780;9921,87758641;9966,87738738;9807,90128886;10013,86308749;10052,85568647;9720,89559102;9622,90109155;9599,92049099;9690,90578834;9662,89669054;9900,90089039;9831,88659042;10028,86128879;10001,86608738;10032,86158878;10047,85748742;
----Iteration 6----
8309,85808120;9250,80468182;8827,86527772;8891,85117959;9100,82748057;9142,82917987;9177,82508120;9204,80578213;9198,81838243;
8309,85808120;9250,80468182;8827,86527772;8891,85117959;8614,86407875;8540,85957952;8734,86207934;8626,86667611;8969,85028156;9216,83318370;9246,84728286;
8894,84238520;8886,87418250;9204,83388566;8923,88067909;9090,84878518;9387,86838490;9316,87068459;9116,84638504;9185,87308421;9510,87228422;9573,84978449;
9020,86238623;9076,85838678;8997,86068653;9290,84978608;9672,85058504;9552,89058576;9680,85938469;9682,87598453;
9290,86928994;9247,86499010;9654,90838740;9710,91008730;9667,90578856;9674,89768856;9685,89718830;9746,86238613;
9378,88279221;9589,90289079;9446,87519176;9512,86819141;9852,90278890;9884,91138870;
9378,88279221;9589,90289079;9446,87519176;9512,86819141;9884,91138870;9346,88309187;9510,89469104;9510,86659167;9913,90828952;9389,88419142;9859,91048920;9928,90978950;10034,88338918;
9378,88279221;9589,90289079;9446,87519176;9512,86819141;9884,91138870;9346,88309187;9510,89469104;9510,86659167;9913,90828952;9389,88419142;9859,91048920;9928,90978950;10034,88338918;9351,88729119;9275,89429209;9514,91588575;9424,87869201;9539,86619194;9394,88179157;9506,87089242;9981,90458881;9946,90208978;9961,90568922;10014,89738917;
9589,90289079;9884,91138870;9510,89469104;9913,90828952;9859,91048920;9928,90978950;9275,89429209;9514,91588575;9946,90208978;9375,88789158;9597,90029026;9812,91108875;9611,87439308;9457,89999133;9821,88199210;9751,88619231;10041,88919131;10048,90918926;10252,88308906;
9884,91138870;9859,91048920;9928,90978950;9275,89429209;9514,91588575;9812,91108875;9457,89999133;10041,88919131;10048,90918926;10252,88308906;9646,88119376;9786,91158883;9608,91388718;9767,89229245;9843,88229348;9900,87779250;10052,87969130;10011,90749119;9974,90939119;10051,88599169;10080,90758855;10104,88789107;10167,90108929;10130,88279120;10308,88508848;10246,88718807;
----Iteration 7----
8319,84878474;9066,84968421;8966,84178489;8861,87988470;9078,88948415;9000,83288459;9081,84328442;9255,83668325;9265,83868249;9249,84098231;
9039,87908762;9199,90388620;9192,90158644;9274,88448618;9267,88218642;9252,88658591;9205,88868568;9258,88528602;
9144,91008527;9064,88188776;9147,91238489;9149,91128448;9392,89988694;9355,90518759;9445,89828690;9406,90468645;9515,88008628;9503,88498601;9554,87938638;9529,88018598;
9147,91238489;8991,91578533;9211,91158537;9413,90618785;9535,90388784;9566,89728664;9718,88598681;
9147,91238489;9211,91158537;9043,92218544;9470,91118807;9592,90688764;9748,90268822;9742,90078871;9724,90458826;9782,87918585;9823,87698616;
9043,92218544;9470,91118807;9592,90688764;9724,90458826;9003,91518735;9083,91738634;9753,90318925;9376,91638727;9693,91078729;9804,89478647;9829,88658704;
9043,92218544;9753,90318925;9376,91638727;9468,91618702;9341,91728742;9354,92158707;9713,90338980;9711,90398992;9704,91238982;9778,90808897;9741,91528825;9895,89748688;9851,89958706;9833,90218757;9851,90628648;
9753,90318925;9713,90338980;9711,90398992;9704,91238982;9778,90808897;9741,91528825;9895,89748688;9851,89958706;9851,90628648;9077,91998889;8968,93618651;8920,93718706;9412,92928633;9745,92678770;9634,93428583;9746,91508894;9666,91548878;9711,92678781;9795,90738833;9841,90978827;9773,91008850;
9753,90318925;9713,90338980;9711,90398992;9704,91238982;8920,93718706;9745,92678770;9711,92678781;9217,92178885;9124,93438728;9211,94838439;9668,91379038;9664,91818988;9293,94298619;9585,91009120;9531,92108932;9637,93778657;9687,93308748;9747,89328961;9718,91978894;9754,91708905;9841,91408908;9919,91928895;
9668,91379038;9664,91818988;9585,91009120;9531,92108932;9919,91928895;9557,91609077;9512,91729005;9492,95148698;9578,94258743;9501,95038616;9660,90349136;9627,94078755;9741,92698911;9669,94498723;9767,89459049;9759,90699027;9757,91768926;9802,93478888;9863,93098724;9841,91479016;9957,90558944;9840,93128695;
----Iteration 8----
8501,87168689;9032,88098633;
8501,87168689;8444,88947868;8531,88938028;8960,86948758;9144,87548629;9121,88608675;9075,84878761;9446,86998459;
8501,87168689;8444,88947868;8531,88938028;9144,87548629;9121,88608675;9446,86998459;9079,87398676;9044,87118741;8786,85828844;9417,85518739;9245,86948786;9462,85998655;9647,84428501;9638,85298584;
8531,88938028;9121,88608675;9638,85298584;8458,88968039;9114,87868808;9500,87728936;9622,86698907;9675,85488553;
9500,87728936;9622,86698907;9675,85488553;8545,90098166;8509,90258145;9044,89428813;9158,87798893;9313,88358861;9311,88698809;9426,88458846;9627,87248579;9575,87858789;9674,86538595;
9500,87728936;9622,86698907;9426,88458846;9627,87248579;9575,87858789;8920,90498872;8982,90838672;9331,87408978;9106,90508868;9179,89588888;9385,88168946;9378,89478940;9439,87918925;9644,86488900;9401,89068914;9549,87128969;9667,87218891;9717,87228843;9607,87408718;9737,86658833;9792,86568827;9728,86598899;
9622,86698907;9644,86488900;9667,87218891;9717,87228843;9737,86658833;9792,86568827;9728,86598899;9334,90939047;9412,93079013;9544,91668936;9600,90348942;9591,90749071;9637,87488856;9812,86758766;
9027,95568961;9108,95338958;9634,93439170;9690,93669169;9954,90498989;9972,90139028;9947,90599013;
9027,95568961;9108,95338958;9634,93439170;9690,93669169;9954,90498989;9972,90139028;9947,90599013;9054,95808954;9200,94299007;9724,93079171;9719,93659024;9734,93299087;9973,90308916;9869,91258963;9963,89409031;9848,91858896;9944,90898987;9981,90249012;
9027,95568961;9108,95338958;9634,93439170;9690,93669169;9954,90498989;9972,90139028;9947,90599013;9054,95808954;9200,94299007;9724,93079171;9869,91258963;9848,91858896;9944,90898987;9981,90249012;9115,91419306;9142,91909295;9109,91369320;9118,95159033;9156,92529213;9409,93989089;9746,93859125;10099,88608913;9906,91328880;9991,89889052;9938,91278927;10037,90338966;9956,90648924;9957,90698914;
----Iteration 9----
8132,83608469;8734,87838419;8947,86438305;9117,86218442;
8912,88778598;9011,87908786;9487,87659003;9505,87828952;
9058,89188965;9437,88759006;9599,88588975;9575,88049067;
9149,90809082;9202,91089080;9619,90589217;9622,90579244;9641,90669194;9651,89919167;
9826,91469162;9724,91209282;9799,92489261;
9882,93349403;
9925,93749470;9983,93149385;
9925,93749470;9983,93149385;9833,93869356;9945,93229262;10008,93039381;
9925,93749470;9983,93149385;9833,93869356;9945,93229262;10008,93039381;9640,92669573;9762,94119352;9657,93539547;9919,93769420;10048,92469376;
9925,93749470;9919,93769420;9724,93999592;9743,94089555;9607,91909602;9812,93849441;10028,93729404;9943,94749380;10068,93289395;10072,92809348;10109,92239284;
