----Iteration 2----
x_Moead=[2965, 3030, 3023, 3039, 3089, 2982, 3020, 3033, 3171, 3211]
y_Moead=[3138, 3078, 3095, 3037, 3075, 3137, 3065, 3125, 3139, 3130]
z_Moead=[3584, 3509, 3539, 3540, 3423, 3553, 3553, 3489, 3356, 3249]
----Iteration 1----
x_Moead=[2688, 3045, 3168, 2887, 3094, 3031, 3032]
y_Moead=[2972, 3141, 3042, 3170, 3140, 3116, 3059]
z_Moead=[3430, 3342, 3424, 3315, 3353, 3403, 3379]
----Iteration 0----
x_Moead=[3150, 3136, 3120, 3108, 3053, 3069, 3120, 3015, 3193, 3058, 2980, 3081, 3105, 3187]
y_Moead=[2871, 2959, 2975, 3053, 2984, 3199, 2884, 3210, 2941, 2918, 3021, 2983, 3173, 2945]
z_Moead=[3399, 3460, 3433, 3316, 3543, 3458, 3523, 3396, 3395, 3577, 3522, 3548, 3491, 3377]
----Iteration 3----
x_Moead=[2959, 2783, 2991, 2820, 3075, 2784, 3103, 2989, 3073, 3023]
y_Moead=[3113, 3086, 3107, 2940, 3114, 3005, 3081, 3146, 3123, 2992]
z_Moead=[3465, 3581, 3418, 3467, 3337, 3530, 3383, 3455, 3396, 3445]
----Iteration 4----
x_Moead=[3275, 3448, 3445, 3067, 3497, 3462, 3394, 3417, 3495, 3525, 3468, 3507, 3255, 3311, 3373, 3319, 3464, 3485, 3531]
y_Moead=[3048, 2941, 2958, 3058, 2928, 2999, 3024, 3003, 2969, 2949, 2966, 2930, 3117, 3044, 3027, 3007, 2968, 2949, 2857]
z_Moead=[3306, 3423, 3436, 3327, 3455, 3388, 3412, 3451, 3383, 3362, 3422, 3429, 3287, 3397, 3382, 3437, 3387, 3420, 3243]
----Iteration 5----
x_Moead=[2953, 3081, 3110, 3132, 2832, 3053, 2925, 3031, 3103, 3126, 2986, 3040, 3137, 3172, 3230]
y_Moead=[3186, 3126, 3111, 3110, 2952, 3140, 3018, 3166, 3120, 2973, 3090, 3152, 3084, 3073, 2983]
z_Moead=[3206, 3247, 3231, 3277, 3355, 3215, 3348, 3260, 3242, 3294, 3326, 3240, 3218, 3289, 3285]
----Iteration 6----
x_Moead=[3146, 3086, 3028, 2894, 2960, 2985, 3244, 3170, 3247, 3311, 3295, 2968, 3132, 3141, 2975, 3026, 3201, 3126, 3198, 3231, 3348, 3364, 3344]
y_Moead=[3299, 3315, 3103, 3061, 3164, 3181, 3187, 3124, 2913, 2860, 2996, 3185, 3260, 3331, 3151, 3152, 3340, 3258, 3216, 3208, 2895, 2922, 2951]
z_Moead=[3396, 3392, 3520, 3564, 3558, 3507, 3346, 3448, 3343, 3327, 3257, 3519, 3480, 3368, 3525, 3501, 3334, 3489, 3362, 3338, 3306, 3255, 3220]
----Iteration 7----
x_Moead=[3025, 2894, 3138, 2901, 3092, 3125, 2948, 2962, 3098, 3156, 3174, 2990, 3147, 3253, 3243, 3300, 3056, 3063, 3033, 3080, 3258, 3281, 3309]
y_Moead=[3065, 3151, 2993, 3142, 2989, 3078, 3083, 3114, 3036, 3052, 2962, 3111, 3063, 2835, 3024, 3002, 3052, 2987, 3095, 3080, 3033, 2965, 3044]
z_Moead=[3294, 3148, 3340, 3151, 3344, 3164, 3336, 3083, 3341, 3160, 3312, 3234, 3157, 3326, 3311, 3242, 3373, 3383, 3106, 3125, 3253, 3291, 3166]
----Iteration 8----
x_Moead=[3042, 3185, 3128, 3274, 3204, 3312, 3191, 3127, 3182, 3189, 3233, 3241, 3350]
y_Moead=[3020, 2986, 3002, 3033, 2983, 3085, 3102, 3065, 3099, 2995, 2974, 3026, 3015]
z_Moead=[3522, 3458, 3486, 3358, 3444, 3357, 3414, 3518, 3485, 3455, 3534, 3367, 3382]
----Iteration 9----
x_Moead=[3306, 3226, 3232, 3308, 3278, 3173, 3107, 3166, 3310, 3231, 3229, 3337, 3034, 3069, 3046, 3150, 3135]
y_Moead=[2988, 3077, 3062, 3034, 3009, 3111, 3134, 3110, 3005, 3006, 3077, 2975, 3149, 3163, 3199, 3105, 3122]
z_Moead=[3286, 3386, 3287, 3254, 3327, 3246, 3177, 3363, 3272, 3347, 3179, 3333, 3399, 3394, 3341, 3419, 3146]
----End of Run----
