----Iteration 1----
memory=147.32421875,147.32421875,147.32421875,147.32421875,147.32421875,147.83984375,147.83984375,148.35546875,148.61328125,149.2578125
time=1.462965965270996,1.6071090698242188,1.6867656707763672,1.907209873199463,2.0961828231811523,2.1872141361236572,1.824303150177002,1.65484619140625,1.6433894634246826,1.9099860191345215
----Iteration 0----
memory=147.32421875,147.32421875,147.32421875,147.32421875,147.32421875,147.83984375,147.83984375,148.09765625,148.61328125,149.2578125
time=1.2552669048309326,1.5198256969451904,1.6720895767211914,1.8223140239715576,2.1707329750061035,2.1205358505249023,1.7394719123840332,1.787703514099121,1.7504630088806152,2.282820701599121
----Iteration 2----
memory=147.32421875,147.32421875,147.32421875,147.32421875,147.32421875,147.83984375,148.09765625,148.35546875,148.61328125,149.2578125
time=1.6883974075317383,1.6765680313110352,1.7186315059661865,1.955808162689209,1.9039039611816406,2.068108558654785,1.6538913249969482,1.5421903133392334,1.928178310394287,1.9246385097503662
----Iteration 3----
memory=150.546875,150.546875,150.546875,150.546875,150.546875,150.546875,150.546875,150.546875,150.8046875,150.8046875
time=1.760645866394043,1.9497475624084473,2.1074535846710205,2.326965808868408,2.766603708267212,3.1996304988861084,3.1669492721557617,2.978800058364868,2.7826952934265137,3.2363672256469727
----Iteration 4----
memory=150.546875,150.546875,150.546875,150.546875,150.546875,150.546875,150.546875,150.8046875,150.8046875,151.0625
time=1.828873634338379,1.9165029525756836,2.368788957595825,2.6322860717773438,2.5462918281555176,3.9287636280059814,3.06056547164917,3.16507887840271,2.820842981338501,2.694286823272705
----Iteration 5----
memory=151.3203125,151.8359375,151.8359375,151.8359375,151.8359375,151.8359375,151.8359375,152.09375,152.09375,152.609375
time=1.8171288967132568,2.3394663333892822,2.3085546493530273,2.516965627670288,2.9428277015686035,2.6559367179870605,2.4607255458831787,3.169039726257324,2.4759278297424316,3.1482889652252197
----Iteration 6----
memory=151.8359375,151.8359375,151.8359375,151.8359375,151.8359375,151.8359375,151.8359375,152.09375,152.09375,152.609375
time=2.1219565868377686,2.2422680854797363,2.3435709476470947,2.3187854290008545,2.4613194465637207,2.3128440380096436,2.623356342315674,2.7339553833007812,2.4405593872070312,2.971992254257202
----Iteration 7----
memory=151.8359375,151.8359375,151.8359375,151.8359375,151.8359375,151.8359375,152.09375,152.09375,152.09375,152.609375
time=2.3125979900360107,2.191540002822876,2.3173635005950928,2.272073268890381,2.375516653060913,2.398876905441284,2.613837718963623,2.5917696952819824,2.260422468185425,2.965177059173584
----Iteration 8----
memory=152.609375,152.609375,152.609375,152.609375,152.609375,152.609375,152.609375,152.609375,152.609375,152.609375
time=1.3639683723449707,1.52955961227417,1.98185133934021,1.5071728229522705,1.4496445655822754,1.7889039516448975,1.6672577857971191,1.9240825176239014,1.6421306133270264,2.2552995681762695
----Iteration 9----
memory=152.609375,152.609375,152.609375,152.609375,152.609375,152.609375,152.609375,152.609375,152.609375,152.609375
time=1.4379370212554932,1.9809298515319824,1.6180717945098877,1.5045373439788818,1.6380629539489746,1.5540056228637695,1.7725532054901123,1.8346636295318604,1.7553536891937256,1.852140188217163
