----Iteration 2----
memory=147.32421875,147.32421875,147.32421875,147.32421875,147.32421875,147.58203125,147.83984375,148.09765625,148.35546875,148.61328125
time=1.284926176071167,1.6565916538238525,1.4659795761108398,1.8050494194030762,1.730224609375,1.8651750087738037,1.9093410968780518,1.4437148571014404,1.7252483367919922,1.7613112926483154
----Iteration 1----
memory=147.32421875,147.32421875,147.32421875,147.32421875,147.32421875,147.83984375,147.83984375,148.09765625,148.35546875,148.61328125
time=1.3629376888275146,1.5488941669464111,1.527848720550537,1.8798589706420898,1.830425500869751,2.034658432006836,1.8896069526672363,1.5272998809814453,1.525801658630371,1.7779045104980469
----Iteration 0----
memory=147.32421875,147.32421875,147.32421875,147.32421875,147.32421875,147.83984375,147.83984375,148.09765625,148.35546875,149.0
time=1.4826829433441162,1.515307903289795,1.5517375469207764,1.9020051956176758,1.8873023986816406,2.0303571224212646,1.8142812252044678,1.6599845886230469,1.638195514678955,1.9080989360809326
----Iteration 3----
memory=150.546875,150.546875,150.546875,150.546875,150.546875,150.546875,150.546875,150.546875,150.8046875,150.8046875
time=1.498382329940796,2.0934054851531982,2.1106624603271484,2.1642017364501953,2.706019639968872,2.5466761589050293,3.3041889667510986,2.7131519317626953,2.864924669265747,2.6389036178588867
----Iteration 4----
memory=150.546875,150.546875,150.546875,150.546875,150.546875,150.546875,150.546875,150.546875,150.8046875,150.8046875
time=2.0043914318084717,1.815856695175171,1.978243350982666,2.2663087844848633,2.627241849899292,3.1302244663238525,2.7510087490081787,2.9943554401397705,2.6130940914154053,2.706054449081421
----Iteration 5----
memory=150.546875,150.546875,150.546875,150.546875,150.546875,150.546875,150.546875,150.8046875,150.8046875,151.0625
time=1.8694891929626465,2.016633987426758,2.0624828338623047,2.5028576850891113,2.547548294067383,3.563929796218872,3.0079140663146973,2.7281603813171387,2.7238852977752686,2.823503255844116
----Iteration 6----
memory=151.578125,151.8359375,151.8359375,151.8359375,151.8359375,151.8359375,151.8359375,152.09375,152.09375,152.609375
time=2.0748372077941895,2.389024496078491,2.3409502506256104,2.498720645904541,2.669044256210327,2.3534903526306152,2.536332607269287,2.5597262382507324,2.3416521549224854,2.8694863319396973
----Iteration 7----
memory=151.8359375,151.8359375,151.8359375,151.8359375,151.8359375,151.8359375,151.8359375,152.09375,152.09375,152.609375
time=2.2421655654907227,2.150080919265747,2.2469329833984375,2.560617446899414,2.5691726207733154,2.4407570362091064,2.5364606380462646,2.734191417694092,2.161024332046509,2.949932813644409
----Iteration 8----
memory=152.609375,152.609375,152.609375,152.609375,152.609375,152.609375,152.609375,152.609375,152.609375,152.609375
time=1.3989810943603516,1.3369226455688477,1.9260764122009277,1.6803979873657227,1.5407166481018066,1.456101655960083,1.6037132740020752,1.7549045085906982,1.6401300430297852,1.8567125797271729
----Iteration 9----
memory=152.609375,152.609375,152.609375,152.609375,152.609375,152.609375,152.609375,152.609375,152.609375,152.609375
time=1.5138041973114014,1.719223976135254,1.8408534526824951,1.5155394077301025,1.5281195640563965,1.481339931488037,1.7257890701293945,1.7263331413269043,1.6416351795196533,2.1440365314483643
