----Iteration 0----
x_Moead=[15670, 15972, 15965, 16065, 16300]
y_Moead=[15158, 15081, 14992, 15076, 15248]
z_Moead=[14949, 14963, 15057, 14991, 14939]
----Iteration 1----
x_Moead=[14987, 15150, 15121, 14744, 15083, 15354, 15477, 15342, 15579, 15576, 15587, 16196, 16206, 16226, 16215, 14187, 15365, 15633, 15492, 15657, 15728, 16084, 15782, 15906, 15982, 15949, 16125, 15968, 16141, 16007, 16096, 16117]
y_Moead=[14729, 14718, 14310, 14685, 14731, 14687, 14663, 14680, 14648, 14581, 14644, 14492, 14467, 14400, 14413, 14701, 14569, 14567, 14584, 14498, 14627, 14743, 14426, 14324, 14763, 14305, 14687, 14236, 14452, 14297, 14340, 14439]
z_Moead=[14503, 14403, 14714, 14534, 14482, 14364, 14534, 14444, 14241, 14344, 14210, 14124, 14144, 14157, 14105, 14899, 14598, 14362, 14523, 14451, 14190, 14119, 14449, 14484, 14163, 14474, 13937, 14407, 14203, 14378, 14314, 14295]
----Iteration 2----
x_Moead=[15303, 15092, 15083, 15101, 15725, 15798, 15060, 14996, 15299, 15245, 15130, 15344, 15430, 15453, 15348, 15487, 15546, 15575, 15495, 15600, 15799, 15947, 16028, 15892, 15983]
y_Moead=[15290, 15371, 15372, 15369, 14922, 15084, 15385, 15459, 15343, 15366, 15408, 15318, 15227, 15271, 15280, 15262, 15104, 15150, 15240, 15077, 14975, 15109, 15049, 15155, 15007]
z_Moead=[14904, 14914, 14965, 14923, 14762, 14704, 14983, 14941, 14932, 14947, 14863, 14893, 15020, 14864, 15021, 14939, 14831, 14809, 14840, 14831, 14718, 14606, 14713, 14560, 14714]
----Iteration 3----
x_Moead=[15939, 16158, 16427, 16128, 16107, 16189, 16250, 16453, 16409, 16436, 16505, 16619, 16722]
y_Moead=[15588, 15767, 15810, 15733, 15777, 15746, 15526, 15705, 15686, 15745, 15699, 15803, 15599]
z_Moead=[14732, 14662, 14492, 14663, 14680, 14613, 14712, 14678, 14699, 14641, 14677, 14608, 14541]
----Iteration 4----
x_Moead=[15415, 15410, 15225, 15422, 15892, 15876, 15929, 15859, 15184, 16017, 15845, 15930, 15878]
y_Moead=[14242, 14216, 14099, 14325, 14317, 14326, 14318, 14371, 14219, 14205, 14866, 14269, 14357]
z_Moead=[15075, 15129, 15155, 15030, 14796, 14709, 14666, 14794, 15101, 14841, 15021, 14731, 14662]
----Iteration 5----
x_Moead=[15092, 15442, 15065, 15645, 15814, 15882, 15566, 15684, 15879, 15937, 15870]
y_Moead=[14896, 15245, 14867, 15185, 15205, 15120, 15222, 15231, 15202, 15098, 15089]
z_Moead=[14557, 14449, 14598, 14552, 14491, 14323, 14522, 14491, 14537, 14471, 14552]
----Iteration 6----
x_Moead=[15723, 15655, 15384, 15403, 15497, 15539, 15594, 15585, 15709, 15708, 15686, 15744, 15434, 15239, 15385, 15340, 15324, 15588, 15661, 15487, 15633, 15726, 15757, 15791]
y_Moead=[14648, 14649, 14809, 14758, 14681, 14680, 14573, 14667, 14712, 14535, 14653, 14508, 14748, 15194, 15098, 15152, 14817, 14878, 14501, 15032, 14716, 14437, 14429, 14619]
z_Moead=[14646, 14656, 15198, 15167, 15284, 15256, 15132, 15176, 14484, 15026, 14541, 14942, 15259, 15192, 15111, 15048, 15208, 15142, 15145, 15086, 14818, 15011, 14997, 14594]
----Iteration 7----
x_Moead=[15499, 15045, 15448, 15393, 15234, 15090, 14942, 14979, 15187, 15302, 15393, 15407, 15490, 15522]
y_Moead=[14151, 14631, 14243, 14254, 14488, 14504, 14623, 14629, 14618, 14427, 14309, 14248, 14186, 14127]
z_Moead=[14868, 14551, 14892, 14897, 15063, 14979, 14743, 14717, 14851, 14486, 14871, 14447, 14908, 14821]
----Iteration 8----
x_Moead=[16065, 16152, 16115, 15944, 16002, 16087]
y_Moead=[14482, 14525, 14600, 14816, 14711, 14581]
z_Moead=[14736, 14646, 14612, 14790, 14564, 14681]
----Iteration 9----
x_Moead=[15600, 15553, 15759, 15710, 15896]
y_Moead=[15186, 14970, 14969, 15003, 14916]
z_Moead=[14914, 14928, 14847, 14823, 14739]
----End of Run----
