----Iteration 1----
x_Moead=[9494, 9664, 9462, 9554, 9690, 9644, 9632, 9621, 9988, 10012, 10165, 10111, 10183, 10198, 10204, 10216, 9544, 9608, 9409, 9972, 9851, 9983, 10148, 10137, 10145, 10180, 10155]
y_Moead=[9133, 9087, 9159, 9048, 8971, 8988, 9112, 9020, 8708, 8989, 8755, 8958, 8884, 8868, 8691, 8822, 9095, 9113, 9178, 8762, 8831, 8711, 8909, 8932, 8965, 8869, 8931]
z_Moead=[8735, 8929, 8733, 9089, 9121, 9118, 8886, 9032, 9112, 9064, 9102, 9094, 9032, 9093, 9055, 9046, 8995, 8938, 8622, 9115, 9122, 9127, 9090, 9070, 9057, 9075, 9088]
----Iteration 0----
x_Moead=[9326, 9382, 9636, 10078, 9255, 9499, 9990, 9291, 9135, 9187, 9281, 9486, 9457, 9310, 9551, 9799, 9670, 9600, 9923, 9833, 9949, 9867, 9954, 9975, 9978, 9269, 9597, 9278, 9122, 9335, 9511, 9450, 9252, 9668, 9696, 9728, 9593, 9757, 9833, 9946, 9950, 9907, 9972, 9936, 10203, 10078]
y_Moead=[9387, 9323, 9035, 8490, 8857, 9294, 8456, 8849, 9166, 9347, 9030, 9319, 8816, 9087, 9283, 8857, 9152, 9271, 8873, 9069, 8901, 9016, 9011, 8917, 8864, 9082, 9238, 9405, 9413, 8884, 9286, 8898, 9301, 8938, 8997, 9176, 9162, 9149, 9024, 8849, 8859, 9019, 8799, 9004, 8580, 8664]
z_Moead=[8741, 8687, 8838, 8848, 9207, 8768, 8863, 9174, 8995, 8953, 9183, 8728, 9131, 9135, 8862, 9012, 8805, 8843, 8986, 8834, 8938, 8841, 8811, 8713, 8753, 9171, 8870, 8698, 8653, 9153, 8845, 9129, 8920, 9024, 9007, 8746, 8883, 8756, 8850, 8949, 8935, 8803, 8885, 8814, 8824, 8711]
----Iteration 2----
x_Moead=[9515, 9433, 9468, 9460, 9445, 9419, 9457, 9577, 9545, 9970, 9921, 10001, 10057]
y_Moead=[8911, 9394, 8868, 8948, 9309, 9401, 9359, 9302, 9306, 9227, 9255, 9175, 9113]
z_Moead=[9096, 9068, 9102, 9105, 9095, 9162, 9034, 8806, 9003, 9026, 9094, 9055, 9045]
----Iteration 3----
x_Moead=[9989, 10064, 9763, 9976, 10069, 10067, 9755, 9974, 9621, 9669, 9740, 9694, 9700, 9873, 10010, 9930, 9937, 9785, 9883, 9973, 9964, 10051, 10039, 10090]
y_Moead=[8912, 8901, 9080, 8872, 8796, 8907, 9072, 8778, 8739, 8940, 8969, 9042, 9092, 8918, 8734, 8714, 8730, 9010, 9004, 8785, 8706, 8913, 8880, 8798]
z_Moead=[9118, 8988, 8744, 9122, 9021, 8920, 8831, 9166, 9299, 9123, 9105, 9030, 8906, 9164, 9158, 9219, 9218, 8804, 8716, 9146, 9229, 9024, 9082, 8838]
----Iteration 4----
x_Moead=[9093, 9398, 9891, 10010, 9996, 9802, 9914, 9881, 9903, 10022, 10060, 9397, 9907, 9512, 9829, 9948, 9836, 9983, 10018]
y_Moead=[9279, 9232, 9099, 8897, 8916, 9141, 9094, 9177, 9147, 8960, 8857, 9245, 9064, 9225, 9215, 9162, 9189, 9028, 8906]
z_Moead=[8725, 8683, 9035, 8828, 8795, 9108, 9002, 8876, 8953, 8761, 8753, 8804, 9039, 8415, 8943, 8908, 8907, 8994, 8820]
----Iteration 5----
x_Moead=[9925, 9933, 9921, 9966, 9807, 10013, 10052, 9720, 9622, 9599, 9690, 9662, 9900, 9831, 10028, 10001, 10032, 10047]
y_Moead=[8648, 8753, 8775, 8773, 9012, 8630, 8556, 8955, 9010, 9204, 9057, 8966, 9008, 8865, 8612, 8660, 8615, 8574]
z_Moead=[8802, 8780, 8641, 8738, 8886, 8749, 8647, 9102, 9155, 9099, 8834, 9054, 9039, 9042, 8879, 8738, 8878, 8742]
----Iteration 6----
x_Moead=[9884, 9859, 9928, 9275, 9514, 9812, 9457, 10041, 10048, 10252, 9646, 9786, 9608, 9767, 9843, 9900, 10052, 10011, 9974, 10051, 10080, 10104, 10167, 10130, 10308, 10246]
y_Moead=[9113, 9104, 9097, 8942, 9158, 9110, 8999, 8891, 9091, 8830, 8811, 9115, 9138, 8922, 8822, 8777, 8796, 9074, 9093, 8859, 9075, 8878, 9010, 8827, 8850, 8871]
z_Moead=[8870, 8920, 8950, 9209, 8575, 8875, 9133, 9131, 8926, 8906, 9376, 8883, 8718, 9245, 9348, 9250, 9130, 9119, 9119, 9169, 8855, 9107, 8929, 9120, 8848, 8807]
----Iteration 7----
x_Moead=[9668, 9664, 9585, 9531, 9919, 9557, 9512, 9492, 9578, 9501, 9660, 9627, 9741, 9669, 9767, 9759, 9757, 9802, 9863, 9841, 9957, 9840]
y_Moead=[9137, 9181, 9100, 9210, 9192, 9160, 9172, 9514, 9425, 9503, 9034, 9407, 9269, 9449, 8945, 9069, 9176, 9347, 9309, 9147, 9055, 9312]
z_Moead=[9038, 8988, 9120, 8932, 8895, 9077, 9005, 8698, 8743, 8616, 9136, 8755, 8911, 8723, 9049, 9027, 8926, 8888, 8724, 9016, 8944, 8695]
----Iteration 8----
x_Moead=[9027, 9108, 9634, 9690, 9954, 9972, 9947, 9054, 9200, 9724, 9869, 9848, 9944, 9981, 9115, 9142, 9109, 9118, 9156, 9409, 9746, 10099, 9906, 9991, 9938, 10037, 9956, 9957]
y_Moead=[9556, 9533, 9343, 9366, 9049, 9013, 9059, 9580, 9429, 9307, 9125, 9185, 9089, 9024, 9141, 9190, 9136, 9515, 9252, 9398, 9385, 8860, 9132, 8988, 9127, 9033, 9064, 9069]
z_Moead=[8961, 8958, 9170, 9169, 8989, 9028, 9013, 8954, 9007, 9171, 8963, 8896, 8987, 9012, 9306, 9295, 9320, 9033, 9213, 9089, 9125, 8913, 8880, 9052, 8927, 8966, 8924, 8914]
----Iteration 9----
x_Moead=[9925, 9919, 9724, 9743, 9607, 9812, 10028, 9943, 10068, 10072, 10109]
y_Moead=[9374, 9376, 9399, 9408, 9190, 9384, 9372, 9474, 9328, 9280, 9223]
z_Moead=[9470, 9420, 9592, 9555, 9602, 9441, 9404, 9380, 9395, 9348, 9284]
----End of Run----
