----Iteration 2----
2814,28343006;2831,27103108;2841,27023049;
2949,28193218;2753,27263235;2969,28753171;2980,29143170;3034,29373138;
2949,28193218;3034,29373138;2614,29693134;2908,28223194;2866,28423243;2897,28363194;3003,29293176;3048,28283071;
2949,28193218;3034,29373138;3003,29293176;3048,28283071;2907,29993344;2949,29513185;3041,29233206;
3034,29373138;3003,29293176;3048,28283071;3041,29233206;2967,30443357;2967,29363377;2975,29363140;
3034,29373138;3048,28283071;3041,29233206;2968,30583412;2975,30563381;3005,30423413;3023,29683381;3018,30303389;2968,31003371;
2968,30583412;3005,30423413;2968,31003371;2852,30433435;2967,29593421;3030,30783404;3048,29673358;3037,30653367;
2968,31003371;3048,29673358;3037,30653367;3031,30793485;3086,30593270;3117,30353320;3149,30233225;
2968,31003371;3031,30793485;3117,30353320;2965,31383584;3030,30783509;3023,30953539;3163,31233298;3039,30373540;3089,30753423;
2965,31383584;3030,30783509;3023,30953539;3039,30373540;3089,30753423;2982,31373553;3020,30653553;3033,31253489;3171,31393356;3211,31303249;
----Iteration 1----
2796,29193073;2845,28182844;2906,26963013;2868,27012999;2883,27062929;
2796,29193073;2510,27583188;2547,28253113;2520,27713172;2524,29103131;2590,28243151;2919,28033077;2865,28443056;
2919,28033077;2613,28813304;2723,29523283;2865,29383068;2728,29783247;2821,30363184;2832,30143200;2908,28043026;
2919,28033077;2723,29523283;2728,29783247;2821,30363184;2832,30143200;2676,29363340;2732,29733269;2859,30083231;2860,30013193;2790,30223223;2918,29823095;2946,28383072;
2919,28033077;2821,30363184;2832,30143200;2676,29363340;2859,30083231;2860,30013193;2790,30223223;2918,29823095;2946,28383072;2900,29963212;2858,30353140;2718,28473308;2821,30403177;2896,29923232;2886,30223133;2867,29993283;2887,29953224;2922,28503056;
2714,29123420;2688,29723430;2957,29883364;3019,30643316;
2714,29123420;2688,29723430;2957,29883364;3019,30643316;2720,29123393;2940,31083266;2959,30733246;2982,29833326;2908,30823311;
2714,29123420;2688,29723430;2957,29883364;2720,29123393;2964,30933352;2929,30143378;3045,31413342;3016,31323349;3139,30203344;3133,30413316;
2688,29723430;2964,30933352;3045,31413342;3016,31323349;3028,30803394;3066,30853325;3168,30423424;
2688,29723430;3045,31413342;3168,30423424;2887,31703315;3094,31403353;3031,31163403;3032,30593379;
----Iteration 0----
2701,26522983;2685,26922910;2670,27583050;2991,26332817;2793,26032937;2985,25942899;2975,26292870;
2991,26332817;2770,29763118;2654,29013176;2901,29693123;2992,26022840;2987,26612981;
2922,29573298;2902,29763295;3084,29773207;2973,30123275;3101,28973406;3080,30113177;
2922,29573298;2902,29763295;3084,29773207;2973,30123275;3101,28973406;3080,30113177;3023,30433257;2995,29223412;3033,29343332;3150,28713399;
2902,29763295;3084,29773207;2973,30123275;3080,30113177;3023,30433257;3150,28713399;3009,30703248;3031,30443203;3136,29593460;3037,30243214;3091,29643416;
3084,29773207;3080,30113177;3150,28713399;3136,29593460;3065,31013283;3045,30513338;3076,29803525;3120,29753433;
3150,28713399;3136,29593460;3065,31013283;3045,30513338;3076,29803525;3120,29753433;3097,28563520;2993,29873480;2978,30763355;2978,30583420;3034,30953314;2998,30603364;3027,30873347;3108,30533316;
3150,28713399;3136,29593460;3076,29803525;3120,29753433;3097,28563520;2993,29873480;3108,30533316;3053,29843543;2987,29913462;3069,31993458;3101,29763410;3185,29403371;
3150,28713399;3136,29593460;3076,29803525;3120,29753433;2993,29873480;3108,30533316;3053,29843543;3069,31993458;3101,29763410;3120,28843523;3029,31453465;3015,32103396;3193,29413395;
3150,28713399;3136,29593460;3120,29753433;3108,30533316;3053,29843543;3069,31993458;3120,28843523;3015,32103396;3193,29413395;3058,29183577;2980,30213522;3081,29833548;3105,31733491;3187,29453377;
----Iteration 3----
2746,27183211;2866,29303117;2757,24293148;2880,26762778;
2746,27183211;2866,29303117;2880,26762778;2695,28353248;2701,28663241;2790,28323187;2816,27253166;2860,29203130;2837,28743131;2770,26203260;2887,26062936;
2866,29303117;2860,29203130;2794,29303361;2822,29553349;2828,29233242;2831,29083220;2904,28953223;2829,28913250;2959,27123145;
2699,29303393;2922,30053387;2727,28963437;2968,29063316;
2922,30053387;2727,28963437;2855,30603391;2886,30443406;2970,29613337;2718,29513411;2928,30113330;2978,29303309;2987,28153236;
2922,30053387;2727,28963437;2718,29513411;2921,30753407;2948,30623316;2928,30523382;2945,30083348;3019,31033296;2991,30493341;
3019,31033296;2991,30493341;2951,31283401;2754,29403483;2959,31133465;3072,29853246;3032,30933324;
2951,31283401;2959,31133465;2783,30863581;2991,31073418;3031,31223388;2820,29403467;3075,31143337;3028,29913393;3037,29783376;
2951,31283401;2959,31133465;2783,30863581;2991,31073418;3031,31223388;2820,29403467;3075,31143337;3028,29913393;2784,30053530;3103,30813383;
2959,31133465;2783,30863581;2991,31073418;2820,29403467;3075,31143337;2784,30053530;3103,30813383;2989,31463455;3073,31233396;3023,29923445;
----Iteration 4----
3013,29193094;3180,29093176;
3013,29193094;3180,29093176;3170,28923238;
3033,30123187;3250,29833356;3264,29493357;3326,29053419;
3250,29833356;3326,29053419;3068,30873245;3093,30373203;3333,30133353;3315,29763390;3325,29453390;3337,29213362;
3250,29833356;3326,29053419;3068,30873245;3333,30133353;3315,29763390;3325,29453390;3337,29213362;3100,30583245;3197,29773391;3133,30223317;3339,28733358;3338,28583434;3383,29893325;3397,29553352;3376,29983322;3398,29533343;
3250,29833356;3326,29053419;3068,30873245;3333,30133353;3315,29763390;3325,29453390;3337,29213362;3100,30583245;3197,29773391;3133,30223317;3339,28733358;3338,28583434;3383,29893325;3397,29553352;3376,29983322;3398,29533343;2920,28393440;3029,30393330;3183,29833389;3275,30483306;3237,29843383;3421,28253259;3384,29803334;
3250,29833356;3068,30873245;3333,30133353;3315,29763390;3100,30583245;3197,29773391;3133,30223317;3383,29893325;3376,29983322;2920,28393440;3029,30393330;3183,29833389;3275,30483306;3237,29843383;3384,29803334;2994,29873427;2999,29853398;3448,29413423;3284,30353264;3445,29583436;
3068,30873245;3333,30133353;3315,29763390;3100,30583245;3197,29773391;3133,30223317;3029,30393330;3183,29833389;3275,30483306;2994,29873427;2999,29853398;3448,29413423;3284,30353264;3445,29583436;3067,30583327;2996,30673252;3497,29283455;3462,29993388;3468,29513359;
3068,30873245;3100,30583245;3029,30393330;3275,30483306;3448,29413423;3284,30353264;3445,29583436;3067,30583327;2996,30673252;3497,29283455;3462,29993388;3394,30243412;3417,30033451;3495,29693383;3477,29323420;3525,29493362;3468,29663422;3507,29303429;
3275,30483306;3448,29413423;3445,29583436;3067,30583327;3497,29283455;3462,29993388;3394,30243412;3417,30033451;3495,29693383;3525,29493362;3468,29663422;3507,29303429;3255,31173287;3311,30443397;3373,30273382;3319,30073437;3464,29683387;3485,29493420;3531,28573243;
----Iteration 5----
2902,28522884;2888,26592952;2868,28262897;2900,28622828;2849,27263042;2878,27793003;
2898,28642956;2986,29042939;2994,28263024;2939,28553051;2985,27863098;2972,28113080;
2986,29042939;2985,27863098;2972,28113080;2902,28543129;2973,30693014;2946,30113045;2956,28963028;2942,30893083;2927,29293122;2957,28323101;3012,28313033;
2985,27863098;2942,30893083;2938,31183058;3002,31053071;2985,29983078;2936,31643117;2976,29743150;2991,27563093;3007,28973064;3045,29123061;
2936,31643117;3020,29873198;3009,31413186;3038,30263177;3143,29003188;3136,29473177;
3038,30263177;3143,29003188;3136,29473177;3018,31603186;2953,31863206;3020,31103149;3048,29653172;3022,30933234;3099,29343201;
3018,31603186;2953,31863206;3022,30933234;2898,28743256;3020,31003225;3060,31153219;3073,30903237;3038,31163200;3086,30893255;3172,29723236;
3018,31603186;2953,31863206;3172,29723236;2976,30173287;3081,31263247;3110,31113231;3132,31103277;3144,29823185;
2953,31863206;3172,29723236;2976,30173287;3081,31263247;3110,31113231;3132,31103277;3144,29823185;2832,29523355;3053,31403215;2925,30183348;3031,31663260;3103,31203242;3126,29733294;3197,28503120;
2953,31863206;3081,31263247;3110,31113231;3132,31103277;2832,29523355;3053,31403215;2925,30183348;3031,31663260;3103,31203242;3126,29733294;2986,30903326;3040,31523240;3137,30843218;3172,30733289;3230,29833285;
----Iteration 6----
2907,28693122;3096,28463103;3098,28323133;3069,28803112;3104,28243124;
3069,28803112;3012,31193255;2984,31523171;2992,31463262;2996,31423095;3001,31373031;3015,29743159;3125,28723175;3048,28863061;
3125,28723175;3038,30963187;2913,31383288;3019,31883268;2995,31203285;3122,29043188;3105,29363162;3146,28863154;
3019,31883268;2805,32263141;3101,31103277;3106,31553260;3029,31983201;3040,31913262;3022,31483405;3064,30893334;3130,29443204;3175,28933209;3124,29413211;3153,28803249;3173,28223212;
3101,31103277;3106,31553260;3022,31483405;3064,30893334;3130,29443204;3124,29413211;3153,28803249;3088,32353283;3067,30433341;3200,29053230;
3101,31103277;3106,31553260;3022,31483405;3064,30893334;3153,28803249;3088,32353283;3067,30433341;3200,29053230;2985,32013340;3098,32153270;2939,31563341;3136,30723277;
3022,31483405;3088,32353283;3200,29053230;2985,32013340;3098,32153270;2939,31563341;2919,31223452;3166,31733337;3166,30533373;3229,28573251;
3022,31483405;3200,29053230;3166,31733337;3166,30533373;3229,28573251;2918,31423473;2949,31273550;3146,32993396;3086,33153392;3037,30763470;3051,30723441;3154,31193345;3028,31033520;3168,30443394;3194,30473334;3191,30623311;3250,28403316;
3022,31483405;3146,32993396;3086,33153392;3028,31033520;2894,30613564;3075,31433474;2960,31643558;2951,31733518;2985,31813507;3244,31873346;3193,32153280;3170,31243448;3247,29133343;3311,28603327;3295,29963257;
3146,32993396;3086,33153392;3028,31033520;2894,30613564;2960,31643558;2985,31813507;3244,31873346;3170,31243448;3247,29133343;3311,28603327;3295,29963257;2968,31853519;3132,32603480;3141,33313368;2975,31513525;3026,31523501;3201,33403334;3126,32583489;3198,32163362;3231,32083338;3348,28953306;3364,29223255;3344,29513220;
----Iteration 7----
2872,30043157;
2872,30043157;2921,29673182;2984,28993162;2946,28833164;
2996,30353157;2979,30303221;3011,29613170;3006,29723181;
3027,30443203;3025,30653294;3122,29893214;
3027,30443203;3025,30653294;3122,29893214;2762,30963157;2806,30803199;3064,29903339;3108,30103248;3089,29453279;3151,29863216;
3027,30443203;3025,30653294;2762,30963157;2806,30803199;3108,30103248;3151,29863216;2894,31513148;3047,30143262;3127,29993287;3047,30323178;3138,29933340;3226,29843256;
3027,30443203;3025,30653294;2762,30963157;2806,30803199;3108,30103248;3151,29863216;2894,31513148;3047,30143262;3127,29993287;3047,30323178;3138,29933340;3226,29843256;3012,29973295;3008,30093367;2901,31423151;3092,29893344;3132,30033282;3115,30223206;3125,30783164;3197,29273277;
3027,30443203;3025,30653294;3108,30103248;2894,31513148;3138,29933340;3226,29843256;3008,30093367;2901,31423151;3092,29893344;3115,30223206;3125,30783164;3197,29273277;2948,30833336;2817,31023180;2962,31143083;3098,30363341;3176,30043288;3156,30523160;3174,29623312;3231,28843143;3249,28693095;
3027,30443203;3025,30653294;2894,31513148;3138,29933340;3008,30093367;2901,31423151;3092,29893344;3125,30783164;2948,30833336;2962,31143083;3098,30363341;3156,30523160;3174,29623312;2990,31113234;3157,30413160;3147,30633157;3253,28353326;3243,30243311;3300,30023242;
3025,30653294;2894,31513148;3138,29933340;2901,31423151;3092,29893344;3125,30783164;2948,30833336;2962,31143083;3098,30363341;3156,30523160;3174,29623312;2990,31113234;3147,30633157;3253,28353326;3243,30243311;3300,30023242;3056,30523373;3063,29873383;3033,30953106;3080,30803125;3258,30333253;3281,29653291;3309,30443166;
----Iteration 8----
2512,26702983;2839,26423028;2730,27332979;2656,27492646;2826,26683073;2806,26693076;2738,27092794;2881,27012904;
2712,29363000;2928,26823241;2639,28933140;2936,26403296;2910,26933250;2868,28493085;2850,27003230;2910,28133093;2975,26643150;2915,26963106;
3014,29083344;2655,30083035;3001,29623355;3024,27923271;
3181,30203428;
3181,30203428;3042,30203522;3116,30513417;3080,30523470;3232,30083364;3185,29863458;3186,29933440;3197,29613442;
3181,30203428;3042,30203522;3116,30513417;3080,30523470;3232,30083364;3185,29863458;3186,29933440;3076,30353484;3122,30153476;3128,30023486;3274,30333358;3204,29833444;
3181,30203428;3042,30203522;3116,30513417;3080,30523470;3232,30083364;3185,29863458;3186,29933440;3076,30353484;3122,30153476;3128,30023486;3274,30333358;3204,29833444;3077,29833501;3059,30573473;3131,30253437;3312,30713330;
3181,30203428;3042,30203522;3116,30513417;3080,30523470;3232,30083364;3185,29863458;3186,29933440;3076,30353484;3122,30153476;3128,30023486;3274,30333358;3204,29833444;3077,29833501;3066,30673480;3136,30293437;3214,29483473;3312,30853357;3223,29193447;
3181,30203428;3042,30203522;3116,30513417;3080,30523470;3232,30083364;3185,29863458;3186,29933440;3076,30353484;3128,30023486;3274,30333358;3204,29833444;3077,29833501;3066,30673480;3136,30293437;3214,29483473;3312,30853357;3223,29193447;3058,29513506;3130,30243482;3191,31023414;3274,29863365;
3042,30203522;3185,29863458;3128,30023486;3274,30333358;3204,29833444;3312,30853357;3191,31023414;3127,30653518;3182,30993485;3189,29953455;3233,29743534;3241,30263367;3350,30153382;
----Iteration 9----
3059,28663213;3035,28773249;3125,28043170;3134,28513114;
3059,28663213;3035,28773249;3061,28853201;3083,28433254;3234,29013180;
3270,29923273;3306,29883286;
3270,29923273;3306,29883286;3038,30233310;3134,29283298;3022,29703364;3193,28383322;3203,30353227;
3270,29923273;3306,29883286;3203,30353227;3049,30063371;3077,29563355;3085,30463337;3201,30503327;
3270,29923273;3306,29883286;3126,30233395;3226,30773386;
3270,29923273;3306,29883286;3126,30233395;3226,30773386;3232,30623287;3308,30343254;
3306,29883286;3126,30233395;3226,30773386;3232,30623287;3308,30343254;3103,30013409;3278,30093327;3173,31113246;3107,31343177;3166,31103363;3310,30053272;
3306,29883286;3126,30233395;3226,30773386;3232,30623287;3308,30343254;3103,30013409;3278,30093327;3173,31113246;3107,31343177;3166,31103363;3310,30053272;3231,30063347;3229,30773179;3337,29753333;
3306,29883286;3226,30773386;3232,30623287;3308,30343254;3278,30093327;3173,31113246;3107,31343177;3166,31103363;3310,30053272;3231,30063347;3229,30773179;3337,29753333;3034,31493399;3069,31633394;3046,31993341;3150,31053419;3135,31223146;
