----Iteration 5----
x_Moead_Rfts_Worst=[540, 590, 567, 640, 640, 327, 328, 511, 542, 571, 590, 633]
y_Moead_Rfts_Worst=[682, 595, 640, 578, 578, 887, 789, 740, 660, 621, 595, 581]
----Iteration 2----
x_Moead_Rfts_Worst=[608, 49, 697, -5, 88, 763, 814, 881, 881]
y_Moead_Rfts_Worst=[905, 939, 883, 945, 916, 882, 756, 708, 708]
----Iteration 4----
x_Moead_Rfts_Worst=[232, 232, 132, 247, 238, 343, 616, 681, 945, 945, 945, 945]
y_Moead_Rfts_Worst=[885, 885, 903, 856, 865, 854, 852, 814, 806, 806, 806, 806]
----Iteration 0----
x_Moead_Rfts_Worst=[197, 285, 590, 644, 644, 644, 667, 694]
y_Moead_Rfts_Worst=[639, 622, 609, 551, 551, 551, 506, 460]
----Iteration 6----
x_Moead_Rfts_Worst=[222, 349, 398, 398, 530, 94, 186, 222, 261, 261, 293, 446, 458, 556, 579, 579, 833, 874, 901]
y_Moead_Rfts_Worst=[929, 847, 831, 831, 732, 981, 946, 929, 915, 915, 875, 811, 776, 713, 698, 698, 657, 633, 608]
----Iteration 1----
x_Moead_Rfts_Worst=[910, 437, 252, 485, 506, 587, 599, 626, 638, 638, 752, 773, 777, 777, 777, 945, 1029, 1056]
y_Moead_Rfts_Worst=[668, 912, 932, 847, 842, 800, 794, 793, 787, 787, 745, 736, 731, 731, 731, 647, 646, 621]
----Iteration 3----
x_Moead_Rfts_Worst=[11, 438, 442, 639, 628, 639, 639, 639, 639]
y_Moead_Rfts_Worst=[887, 808, 788, 672, 696, 672, 672, 672, 672]
----Iteration 7----
x_Moead_Rfts_Worst=[500, 533, 614, 614, 614, 707, 812, 812, 812, 812, 820, 846, 846, 846]
y_Moead_Rfts_Worst=[832, 810, 807, 807, 807, 794, 719, 719, 719, 719, 710, 664, 664, 664]
----Iteration 9----
x_Moead_Rfts_Worst=[463, 485, 485, 315, 766, 772, 780, 780, 780, 780, 829, 892, 929, 929, 929, 929, 929]
y_Moead_Rfts_Worst=[741, 740, 740, 763, 738, 707, 674, 674, 674, 674, 658, 626, 580, 580, 580, 580, 580]
----Iteration 8----
x_Moead_Rfts_Worst=[766, 778, -69, -116, 56, 169, 205, 372, 462, 589, 766, 731, 805]
y_Moead_Rfts_Worst=[625, 591, 860, 880, 811, 789, 765, 707, 681, 667, 625, 660, 579]
----End of Run----
