----Iteration 4----
32,300;205,278;-45,325;-177,380;
21,449;-91,492;-91,492;-91,492;-91,492;-91,492;82,341;160,197;
21,449;82,341;-60,498;-100,557;-84,526;-65,510;-25,496;-25,496;13,468;13,468;13,468;13,468;22,422;22,422;22,422;34,390;216,263;169,293;
-60,498;-100,557;-84,526;-65,510;-25,496;-25,496;13,468;13,468;13,468;13,468;216,263;-84,526;-65,510;-6,480;72,454;72,454;72,454;78,426;101,411;101,411;104,393;110,365;147,362;172,328;172,328;194,311;210,284;210,284;
-100,557;72,454;72,454;72,454;78,426;101,411;101,411;-109,572;-90,556;-58,541;16,500;65,492;72,454;78,426;163,406;179,354;237,345;336,236;336,236;
-100,557;-90,556;-58,541;16,500;65,492;163,406;336,236;336,236;-105,599;-58,541;65,492;90,458;90,458;110,414;231,390;231,390;231,390;231,390;231,390;231,390;293,369;274,385;293,369;315,368;293,369;331,272;
-58,541;-105,599;-58,541;293,369;293,369;315,368;293,369;-105,599;-102,581;-86,567;-60,563;25,506;214,497;278,492;377,283;339,311;349,289;377,283;377,283;377,283;377,283;
-105,599;-105,599;-102,581;-86,567;-60,563;278,492;52,551;191,516;191,516;241,507;295,430;288,468;298,412;295,430;327,377;327,377;327,377;389,311;354,324;
-105,599;-105,599;-102,581;-86,567;-60,563;278,492;52,551;241,507;295,430;288,468;298,412;295,430;389,311;354,324;-99,575;-60,563;169,531;208,518;208,518;208,518;208,518;208,518;241,507;295,430;344,403;344,403;344,403;344,403;345,377;346,341;416,284;397,300;416,284;416,284;
-105,599;-105,599;278,492;295,430;288,468;298,412;295,430;389,311;354,324;295,430;344,403;344,403;344,403;344,403;345,377;346,341;-65,596;-47,580;96,573;257,505;234,548;245,533;298,412;344,403;345,377;446,310;
278,492;295,430;288,468;295,430;295,430;-65,596;96,573;257,505;234,548;245,533;-107,635;-82,601;96,573;56,587;121,550;268,502;287,486;287,486;289,458;380,422;380,422;380,422;380,422;380,422;462,354;456,382;462,354;462,354;
----Iteration 5----
12,232;60,205;4,245;39,228;124,190;139,107;9,233;-21,346;
86,333;129,303;129,303;129,303;151,302;180,256;180,256;180,256;180,256;180,256;187,218;187,218;
204,370;231,190;
162,401;244,372;285,247;331,227;342,224;
162,401;244,372;165,377;262,335;370,237;352,304;363,275;
370,237;363,275;356,432;362,376;
356,432;362,376;370,332;356,432;394,327;
356,432;356,432;356,432;407,405;407,405;407,405;
126,458;423,449;423,449;423,449;423,449;
423,449;423,449;423,449;423,449;52,496;316,472;423,449;
423,449;423,449;423,449;423,449;316,472;423,449;143,522;165,521;165,521;165,521;165,521;165,521;165,521;165,521;165,521;296,504;316,472;328,461;423,449;428,408;428,408;428,408;428,408;428,408;
----Iteration 6----
28,310;179,131;120,270;-6,353;-73,454;161,264;
-6,353;168,168;142,193;142,193;142,193;142,193;142,193;142,193;142,193;142,193;148,169;227,121;
16,376;212,274;231,258;231,258;231,258;231,258;231,258;303,252;338,238;
16,376;212,274;303,252;338,238;28,345;28,345;28,345;242,258;243,254;338,238;
265,406;386,382;451,331;451,331;451,331;451,331;
265,406;71,438;447,398;518,367;518,367;
196,440;180,476;196,440;196,440;196,440;503,425;503,425;546,420;
503,425;503,425;546,420;230,471;252,470;210,509;252,470;252,470;257,429;503,425;546,420;
546,420;210,509;546,420;295,492;320,458;320,458;320,458;320,458;320,458;320,458;320,458;474,447;474,447;474,447;474,447;474,447;474,447;474,447;507,429;546,420;571,374;571,374;571,374;571,374;571,374;
546,420;546,420;546,420;571,374;571,374;571,374;571,374;571,374;332,507;314,519;332,507;332,507;332,507;421,489;546,420;541,461;582,371;582,371;582,371;
546,420;546,420;546,420;314,519;421,489;546,420;541,461;286,525;275,532;314,519;314,519;360,510;360,510;360,510;469,481;469,481;469,481;469,481;607,394;543,430;554,402;607,394;607,394;607,394;
----Iteration 0----
-93,403;127,87;102,93;135,59;101,337;
-3,324;73,321;73,321;73,321;73,321;73,321;73,321;73,321;183,290;229,281;229,281;229,281;229,281;229,281;
73,321;73,321;73,321;73,321;73,321;73,321;73,321;183,290;34,339;73,321;158,313;258,286;297,273;297,273;297,273;297,273;316,241;353,196;353,196;
73,321;73,321;73,321;73,321;73,321;73,321;73,321;34,339;73,321;158,313;297,273;297,273;297,273;297,273;289,295;314,261;314,261;314,261;342,255;398,246;398,246;398,246;427,200;427,200;427,200;439,189;439,189;
73,321;73,321;73,321;73,321;73,321;73,321;73,321;34,339;73,321;158,313;297,273;297,273;297,273;297,273;289,295;314,261;314,261;314,261;342,255;398,246;398,246;398,246;63,323;203,305;398,246;448,235;
34,339;448,235;84,336;311,324;311,324;311,324;339,313;408,293;408,293;448,235;467,203;
34,339;84,336;311,324;311,324;311,324;339,313;467,203;84,336;112,330;311,324;378,300;378,300;460,295;460,295;460,295;460,295;461,212;492,169;492,169;492,169;492,169;
378,300;378,300;460,295;460,295;460,295;460,295;347,345;378,300;460,295;523,286;539,250;550,247;
378,300;378,300;460,295;460,295;460,295;460,295;347,345;378,300;460,295;523,286;550,247;107,435;252,392;263,351;347,345;347,345;347,345;347,345;378,300;460,295;544,256;541,274;541,274;582,186;
523,286;544,256;541,274;541,274;582,186;88,451;218,435;285,400;309,373;474,345;478,291;561,251;544,256;566,222;578,211;
523,286;544,256;541,274;541,274;582,186;285,400;309,373;474,345;561,251;544,256;566,222;578,211;264,456;321,362;474,345;477,327;541,274;517,324;566,222;581,193;
----Iteration 2----
120,235;222,170;-27,399;-218,419;-16,327;6,326;83,250;
151,222;284,186;
151,222;284,186;275,220;
151,222;275,220;101,248;101,248;135,237;135,237;135,237;135,237;135,237;135,237;135,237;135,237;314,202;314,202;372,199;
135,237;135,237;135,237;135,237;135,237;135,237;135,237;135,237;90,294;110,285;119,251;135,237;402,234;402,234;402,234;402,234;
402,234;402,234;402,234;402,234;81,328;227,313;424,197;441,183;413,200;441,183;441,183;441,183;441,183;441,183;441,183;441,183;
388,340;466,304;518,271;
467,367;467,367;536,326;550,277;
467,367;467,367;76,427;108,412;117,378;225,369;527,360;573,351;573,351;582,317;582,317;587,302;
467,367;467,367;76,427;527,360;573,351;573,351;582,317;582,317;587,302;76,427;293,421;293,421;293,421;437,369;473,366;527,360;601,301;623,290;623,290;623,290;
467,367;467,367;527,360;587,302;437,369;473,366;527,360;601,301;623,290;623,290;623,290;136,481;146,443;302,424;302,424;308,382;473,366;582,354;642,258;642,258;642,258;642,258;642,258;
----Iteration 1----
184,225;209,125;92,329;-222,488;193,209;-205,362;-155,343;
76,313;150,243;135,253;135,253;135,253;193,209;
193,209;185,248;182,368;
182,368;209,321;247,293;247,293;247,293;247,293;295,255;302,217;
182,368;209,321;247,293;247,293;247,293;247,293;209,321;252,291;252,291;252,291;252,291;328,268;328,268;328,268;328,268;328,268;
103,416;103,416;111,396;165,394;184,372;330,353;364,245;407,215;407,215;407,215;
165,394;184,372;330,353;364,245;407,215;407,215;407,215;153,417;170,392;214,364;330,353;407,215;364,245;420,149;414,177;
165,394;330,353;153,417;170,392;330,353;48,432;139,420;170,392;221,375;353,349;385,310;440,255;524,181;
165,394;330,353;153,417;170,392;330,353;48,432;139,420;170,392;221,375;353,349;385,310;440,255;524,181;-8,444;48,432;139,420;402,283;469,212;524,181;
330,353;330,353;221,375;353,349;385,310;440,255;524,181;402,283;469,212;524,181;181,459;181,459;181,459;181,459;181,459;209,393;357,338;524,181;516,189;562,180;
330,353;330,353;353,349;385,310;440,255;524,181;402,283;469,212;524,181;357,338;524,181;516,189;562,180;213,515;252,497;252,497;252,497;252,497;299,467;323,417;323,417;357,338;393,303;393,303;469,212;524,181;516,189;562,180;596,137;
----Iteration 7----
202,153;-161,364;124,258;45,348;
-51,367;-5,358;-5,358;-5,358;131,352;178,309;223,273;223,273;223,273;223,273;223,273;223,273;223,273;
-20,411;68,385;238,361;270,346;289,314;289,314;289,314;289,314;
-20,411;238,361;270,346;-102,416;101,402;273,332;314,318;314,318;314,318;356,279;355,302;356,279;
-20,411;-102,416;101,402;-141,429;477,393;
522,440;656,434;675,402;
656,434;-99,468;-99,468;618,462;656,434;686,406;
656,434;-99,468;-99,468;618,462;656,434;686,406;733,361;763,333;
656,434;-99,468;-99,468;618,462;656,434;686,406;763,333;-121,469;763,333;748,340;744,365;
656,434;618,462;656,434;686,406;748,340;744,365;-18,489;129,473;748,340;770,339;770,339;776,315;770,339;770,339;
656,434;618,462;656,434;686,406;770,339;770,339;776,315;770,339;770,339;-54,557;-51,544;310,493;347,469;707,386;754,370;
----Iteration 3----
77,257;-30,354;-246,468;173,157;-6,290;100,218;-16,303;125,211;38,269;
-115,416;-77,381;-34,351;14,350;25,347;25,347;25,347;25,347;87,325;87,325;87,325;87,325;
-34,351;14,350;25,347;25,347;25,347;25,347;87,325;87,325;87,325;87,325;-40,424;-39,392;-34,351;25,347;118,275;87,325;99,314;130,264;131,241;
-40,424;-3,395;-3,395;102,386;102,386;102,386;102,386;102,386;102,386;129,300;167,278;168,255;179,252;
48,503;140,364;139,400;139,400;173,357;173,357;162,360;177,350;187,271;
48,503;139,400;139,400;173,357;173,357;177,350;50,443;54,434;60,425;139,400;154,390;154,390;166,379;166,379;203,325;200,343;200,343;200,343;
48,503;154,390;154,390;166,379;166,379;203,325;200,343;200,343;200,343;-50,533;59,489;59,489;123,469;143,417;154,390;166,379;180,365;
203,325;200,343;200,343;200,343;180,558;180,558;180,558;231,298;243,287;
233,585;233,585;233,585;233,585;233,585;307,530;322,520;322,520;322,520;322,520;322,520;
233,585;233,585;233,585;233,585;233,585;307,530;5,586;248,552;307,530;360,510;337,528;414,501;414,501;414,501;414,501;414,501;414,501;
233,585;233,585;233,585;233,585;233,585;307,530;5,586;248,552;307,530;360,510;337,528;414,501;414,501;414,501;414,501;414,501;414,501;5,586;-35,600;426,490;426,490;
----Iteration 8----
188,-30;69,416;119,189;165,66;
298,459;298,459;298,459;
298,459;298,459;298,459;287,462;298,459;345,416;351,388;
298,459;298,459;298,459;287,462;298,459;345,416;351,388;196,475;304,435;345,416;345,416;
358,431;338,478;338,478;377,349;
373,523;400,441;435,427;470,407;
373,523;400,441;435,427;391,513;391,513;391,513;391,513;435,427;483,420;
373,523;400,441;435,427;391,513;391,513;391,513;391,513;435,427;483,420;234,569;222,580;237,537;237,537;242,527;483,420;502,404;502,404;
483,420;234,569;222,580;483,420;502,404;502,404;80,628;185,613;199,593;242,563;336,538;422,524;422,524;422,524;467,502;467,502;467,502;467,502;467,502;483,420;483,420;483,420;
483,420;483,420;502,404;502,404;185,613;483,420;483,420;483,420;133,658;211,608;309,591;466,525;432,568;432,568;432,568;470,523;521,392;502,404;
483,420;483,420;502,404;502,404;185,613;483,420;483,420;483,420;133,658;211,608;309,591;466,525;432,568;432,568;432,568;470,523;521,392;502,404;59,659;211,608;211,608;309,591;328,586;401,580;435,550;432,568;435,550;621,383;621,383;621,383;647,358;
----Iteration 9----
-62,446;92,344;129,176;
305,416;
305,416;273,431;284,428;333,415;384,384;381,402;397,371;
305,416;273,431;284,428;333,415;384,384;381,402;397,371;397,371;
305,416;273,431;284,428;333,415;381,402;409,385;371,413;409,385;
273,431;441,430;460,414;460,414;460,414;460,414;
441,430;460,414;460,414;460,414;460,414;209,480;280,433;496,413;496,413;496,413;496,413;496,413;501,372;
441,430;460,414;460,414;460,414;460,414;496,413;496,413;496,413;496,413;496,413;404,502;416,491;439,432;496,413;505,379;511,355;512,332;
496,413;496,413;496,413;496,413;496,413;404,502;496,413;505,379;511,355;512,332;233,582;372,524;454,497;454,497;454,497;454,497;466,486;466,486;466,486;466,486;466,486;489,451;489,451;496,413;505,379;
404,502;511,355;233,582;372,524;454,497;454,497;454,497;454,497;466,486;466,486;466,486;466,486;466,486;489,451;489,451;233,582;280,550;286,535;372,524;508,435;508,435;508,435;508,435;508,435;508,435;522,350;522,350;536,301;536,301;
233,582;233,582;508,435;508,435;508,435;508,435;508,435;508,435;522,350;522,350;536,301;536,301;233,582;279,573;279,573;452,556;478,552;478,552;478,552;478,552;478,552;484,528;497,503;497,503;497,503;497,503;516,374;
