----Iteration 0----
memory=200.4296875,217.62109375,227.2890625,232.2734375,233.1796875,237.11328125,241.62109375,246.12890625,249.91796875,252.11328125
time=22.20622229576111,36.82946228981018,45.173606872558594,34.7027051448822,32.67831039428711,39.514567613601685,39.49028015136719,39.72825074195862,43.70879650115967,34.89799928665161
----Iteration 3----
memory=209.88671875,220.6171875,228.12890625,233.05859375,236.171875,240.0625,245.09765625,247.61328125,250.56640625,253.91796875
time=35.48651719093323,37.87583780288696,38.06750559806824,40.391685485839844,43.264687061309814,44.65777540206909,33.946629762649536,38.841684103012085,28.58291268348694,33.583136320114136
----Iteration 1----
memory=206.2578125,218.6796875,226.953125,232.38671875,234.16015625,236.98828125,241.00390625,245.80859375,249.73828125,254.0625
time=29.85224199295044,34.651033878326416,36.08335018157959,37.673643589019775,36.089316844940186,31.09248948097229,39.58876371383667,45.97407937049866,42.39187026023865,43.16772532463074
----Iteration 4----
memory=211.17578125,221.65625,229.1015625,233.08984375,236.203125,238.27734375,243.796875,246.78125,250.56640625,254.05078125
time=37.2896773815155,41.81973695755005,43.31796073913574,33.83282661437988,35.700928926467896,32.473281383514404,41.722044706344604,39.95441770553589,36.489121198654175,33.90453481674194
----Iteration 6----
memory=206.25390625,218.87109375,227.83984375,232.48046875,235.5078125,239.0703125,244.0546875,246.95703125,250.72265625,254.609375
time=29.667155504226685,35.689685344696045,39.82512593269348,40.135865211486816,43.84820008277893,39.88560199737549,36.391040086746216,43.20755314826965,33.45771813392639,41.5427086353302
----Iteration 5----
memory=209.15234375,221.16015625,228.078125,233.12109375,236.23828125,239.8359375,245.125,247.8671875,251.5859375,254.47265625
time=33.24700093269348,42.85839128494263,34.029149532318115,41.78501558303833,40.17418575286865,45.61973738670349,37.6078999042511,41.740596771240234,36.23086476325989,30.7618408203125
----Iteration 2----
memory=212.40625,221.09765625,228.01953125,232.55859375,236.109375,240.9375,245.7421875,247.78125,251.66015625,251.91796875
time=38.54387903213501,38.8057861328125,31.143846035003662,42.10626983642578,45.66769003868103,46.679123878479004,39.2386417388916,35.185168743133545,35.5270836353302,32.36392307281494
----Iteration 7----
memory=207.078125,220.6328125,228.6484375,233.1953125,237.0234375,241.4296875,246.12890625,249.97265625,252.7421875,248.9375
time=30.37011170387268,42.00993466377258,42.5487494468689,44.73633360862732,44.13124895095825,42.7307562828064,43.502217292785645,44.33747124671936,36.540549755096436,20.443498849868774
----Iteration 8----
memory=249.01171875,250.515625,250.59375,248.203125,248.21875,248.30859375,248.71484375,248.95703125,249.74609375,250.125
time=18.53487491607666,8.417017459869385,7.84233546257019,9.952361822128296,8.724116563796997,9.345365762710571,9.509098768234253,8.502317905426025,7.187878847122192,8.941924571990967
----Iteration 9----
memory=250.328125,250.51953125,250.60546875,248.29296875,248.30078125,248.7265625,248.89453125,249.26171875,249.8828125,250.04296875
time=15.698699474334717,8.6847403049469,7.823858261108398,9.196905851364136,10.422752857208252,10.979694366455078,9.766409158706665,6.18861722946167,9.821498155593872,5.111689567565918
