----Iteration 0----
1268,-424;1008,-31;1256,-281;961,107;1088,-180;1408,-884;
974,107;1016,105;1039,75;1071,-83;1086,-124;1234,-765;1186,-699;1234,-765;1234,-765;1259,-777;1234,-765;
974,107;1016,105;1039,75;1023,79;1106,40;1095,69;1106,40;1106,40;1106,40;1106,40;1106,40;1106,40;1106,40;1179,-48;1796,-227;
1796,-227;1045,168;1111,120;1127,16;1162,-7;1246,-18;1391,-25;1777,-190;1760,-175;1861,-288;1878,-338;
1045,168;1111,120;1391,-25;1777,-190;1760,-175;1861,-288;1878,-338;898,185;911,174;1279,88;1420,-50;1469,-85;1819,-204;1861,-288;1866,-309;1879,-399;
1045,168;1391,-25;1777,-190;1760,-175;911,174;1279,88;1420,-50;1469,-85;901,211;1169,152;1320,25;1420,-50;1872,-202;1880,-307;
1391,-25;1279,88;1420,-50;1469,-85;901,211;1320,25;1420,-50;1872,-202;1191,197;1469,-85;1833,-99;1866,-153;1871,-174;1908,-244;
1279,88;1320,25;1191,197;1148,267;1163,246;1191,197;1247,111;1297,44;1297,44;1297,44;1297,44;1835,-23;1913,-150;1924,-174;1913,-150;
1191,197;1148,267;1163,246;1191,197;1835,-23;1163,246;1206,176;1335,152;1335,152;1359,117;1826,-7;1835,-23;1962,-111;
1060,283;1186,277;1211,260;1306,187;1555,158;1814,102;1848,93;1868,69;1869,39;2014,-42;1985,-20;2014,-42;2014,-42;2037,-44;
1186,277;1211,260;1306,187;1555,158;1814,102;1848,93;1868,69;2037,-44;1106,298;1211,260;1301,254;1341,171;1622,133;1884,53;1985,-7;1985,-7;1985,-7;1987,-16;2029,-23;2036,-30;
----Iteration 3----
1368,-489;1142,45;910,54;1146,-353;
762,197;762,197;761,215;1170,160;1170,160;1180,143;1234,91;1388,-78;
762,197;762,197;761,215;1170,160;1170,160;1180,143;1388,-78;1170,160;1180,143;1203,128;1251,119;1251,119;1251,119;1251,119;1251,119;1359,-48;
1390,242;1499,-121;1466,-62;1498,-86;
1390,242;1466,-62;1401,207;1620,-77;1687,-81;
1390,242;1401,207;930,262;995,247;1527,123;1707,17;1691,60;1707,17;1707,17;1707,17;1707,17;1707,17;
1390,242;1401,207;978,292;1004,272;1471,174;1528,156;1724,60;1681,96;1724,60;1724,60;1724,60;1724,60;
1724,60;1681,96;1724,60;1724,60;1724,60;1724,60;1014,315;1388,300;1450,294;1537,232;1542,231;1543,196;1548,181;1724,60;
1388,300;1292,349;1341,341;1383,321;1388,300;1388,300;1388,300;1577,298;1582,297;1692,214;1727,213;1740,203;1740,203;1740,203;
1770,521;1770,521;1770,521;1770,521;1782,471;1782,471;1889,232;1889,232;1889,232;1889,232;1889,232;1889,232;1889,232;1889,232;1889,232;1889,232;
1652,573;1809,562;1824,519;1872,510;1914,500;1940,309;1940,309;1940,309;1940,309;1940,309;1940,309;1940,309;1940,309;
----Iteration 1----
1481,-695;1133,294;1214,174;1368,-49;
1133,294;1234,211;1234,211;1232,215;1232,215;1232,215;1232,215;1232,215;1246,119;1246,119;1246,119;1246,119;1246,119;1318,-750;1318,-750;1318,-750;
1160,431;1208,401;1224,376;1224,376;1309,364;1309,364;1428,311;1428,311;1477,276;1477,276;1477,276;
1243,469;1431,436;1435,396;1461,343;1485,336;1485,336;1485,336;1554,293;1577,278;1580,250;
1243,469;1592,450;1635,418;1635,418;1639,397;
1688,550;1740,546;1780,538;1780,538;1780,538;1780,538;1780,538;1780,538;1780,538;1780,538;1780,538;
1688,550;1740,546;1780,538;1780,538;1780,538;1780,538;1780,538;1780,538;1780,538;1780,538;1780,538;1790,522;1933,516;1942,500;1942,500;1942,500;1942,500;1942,500;
1453,623;1928,572;1991,545;2055,510;2106,498;2141,472;2156,451;
1453,623;1928,572;1991,545;2055,510;2106,498;1902,608;1962,551;1975,546;2166,494;2163,495;2207,458;
2055,510;2106,498;2166,494;2163,495;2004,658;2280,470;
2004,658;2280,470;2048,621;2073,598;2109,575;2181,572;2249,514;2238,543;2249,514;2280,470;2277,508;
----Iteration 4----
1461,79;813,98;
1461,79;1397,431;1400,388;1429,362;1432,317;1443,277;1450,230;1450,230;1450,230;
1397,431;1504,378;1504,378;1504,378;1487,402;1515,343;
1397,431;1637,405;1672,358;1666,359;1679,336;1679,336;1679,336;
1397,431;1637,405;1672,358;1666,359;1679,336;1679,336;1679,336;1672,358;1672,358;1672,358;1690,325;
1397,431;1124,440;1646,423;1705,412;1749,333;1722,400;1738,353;1789,325;1794,324;
1857,483;1857,483;1866,420;1866,420;1866,420;
1864,504;1877,497;1877,497;1877,497;1877,497;1877,497;1900,436;
1864,504;1877,497;1877,497;1877,497;1877,497;1877,497;1900,436;1074,531;1864,504;1897,476;1897,476;1929,434;1929,434;1929,434;1929,434;1929,434;1929,434;
1864,504;1864,504;1929,434;1929,434;1929,434;1929,434;1929,434;1929,434;1180,560;1215,510;1878,502;1878,502;1878,502;1878,502;1906,489;1906,489;1906,489;1906,489;1906,489;1953,410;1981,367;1981,367;1981,367;
1981,367;1981,367;1981,367;1362,643;1441,636;1664,578;1664,578;1664,578;1664,578;1664,578;1786,529;1910,515;1910,515;1923,469;1977,455;1977,455;
----Iteration 6----
981,-66;1091,-156;1320,-173;817,240;914,75;
981,-66;815,68;815,68;815,68;815,68;815,68;815,68;815,68;815,68;815,68;919,65;945,64;1002,-192;1024,-227;1028,-276;1028,-276;1288,-483;1240,-471;1272,-481;1288,-483;
1096,-4;1079,0;746,182;860,145;1011,113;1011,113;1011,113;1202,-314;1322,-455;
746,182;860,145;1011,113;1011,113;1011,113;746,182;860,145;1195,19;1213,-41;1379,-175;
746,182;860,145;1011,113;1011,113;1011,113;746,182;860,145;1195,19;1379,-175;746,182;892,138;892,138;892,138;1112,41;1112,41;1112,41;1280,2;1384,-221;1383,-196;1444,-229;1465,-234;
758,216;822,183;967,148;991,125;1050,123;1077,115;1352,61;1375,51;1405,-37;1507,-197;
758,216;1352,61;1375,51;1405,-37;1347,187;1375,51;1386,45;1407,-41;1413,-66;1529,-118;1517,-71;1529,-118;1529,-118;1529,-118;1529,-118;
1375,51;1405,-37;1347,187;1375,51;1386,45;1407,-41;868,233;1355,167;1403,-5;1403,-5;1538,-44;1588,-52;
1347,187;1355,167;911,244;957,226;1172,206;1428,76;1430,70;1430,70;1430,70;1430,70;1430,70;1637,-17;
1347,187;1355,167;1233,259;1261,241;1374,159;1374,159;1374,159;1504,158;1538,97;1606,93;1756,-1;1781,-13;1781,-13;
1347,187;1355,167;1374,159;1374,159;1374,159;1504,158;1538,97;1606,93;1756,-1;902,285;937,277;1244,264;1305,241;1374,159;1516,132;1529,107;1615,91;1822,-10;
----Iteration 5----
864,-95;1182,-342;1577,-574;1254,-515;715,-30;1216,-473;1178,-196;1100,-109;
1064,240;1064,240;1064,240;1064,240;1064,240;1064,240;1064,240;1042,265;1078,229;
1042,265;1029,269;1098,251;1200,243;1217,224;
1207,321;1207,321;1207,321;1207,321;1207,321;1207,321;1207,321;1207,321;1254,280;1276,242;1304,235;1304,235;1304,235;1304,235;
1276,242;1244,360;1259,319;1259,319;1259,319;1259,319;1311,239;1311,239;1375,201;1375,201;
1403,400;1419,313;1419,313;1419,313;1487,227;
1403,400;1487,227;1481,292;1462,338;1468,305;
1714,463;
1736,544;1785,532;
1736,544;1785,532;1785,532;1815,522;1815,522;1815,522;1815,522;1815,522;1815,522;
1858,583;1858,583;
----Iteration 2----
1593,-469;1296,183;
1502,120;1525,63;1525,63;1525,63;1525,63;
1502,120;1405,312;1699,111;1699,111;
1462,340;1678,154;1711,117;1780,59;
1462,340;1780,59;1561,233;1723,183;1741,150;1741,150;1741,150;1741,150;1780,59;
1462,340;1780,59;1780,59;1777,243;1875,52;1882,45;
1462,340;1777,243;1526,252;1785,198;1909,94;1909,94;1909,94;1909,94;1909,94;
1462,340;1836,260;1847,230;1850,179;1891,129;1939,109;1949,107;
1462,340;1836,260;1886,252;1981,144;2008,138;
1462,340;1836,260;1886,252;2042,244;2042,244;2042,244;2042,244;2052,242;2077,193;2078,185;2095,166;2095,166;
1462,340;1836,260;1886,252;2042,244;2042,244;2042,244;2042,244;2052,242;2042,244;2074,235;2077,227;2120,214;
----Iteration 7----
1079,-183;1306,-584;614,52;1023,-99;784,-40;1250,-203;
807,85;838,50;1038,17;1038,17;1038,17;1058,-8;1539,-19;1539,-19;1539,-19;1558,-50;
807,85;838,50;805,120;805,120;805,120;828,68;828,68;828,68;828,68;838,50;1618,18;1625,-8;
1618,18;1625,-8;914,149;911,189;942,147;1257,55;1618,18;1668,-21;1668,-21;1668,-21;
911,189;942,147;937,154;985,144;996,115;1004,106;1604,65;1647,26;1643,39;1714,-21;1693,22;1714,-21;
1604,65;883,206;836,246;1009,192;1108,191;1699,37;1685,40;1822,34;
911,253;1655,247;1662,204;1673,180;2001,163;
1749,343;1937,196;2009,113;2006,172;
1749,343;1937,196;1772,239;1794,228;1821,226;1837,224;2047,175;
1882,361;1898,359;1926,279;1939,261;1939,261;2153,258;2185,237;2177,246;2194,223;
1882,361;1898,359;2153,258;2185,237;2177,246;2194,223;1439,444;1898,359;2086,334;2153,258;2177,246;2177,246;2185,237;
----Iteration 8----
1050,-166;999,19;1612,-334;1012,-11;
787,205;795,147;841,138;841,138;841,138;955,-11;955,-11;1188,-37;1188,-37;1188,-37;1188,-37;1188,-37;1188,-37;1188,-37;1188,-37;1188,-37;
787,205;795,147;841,138;841,138;841,138;795,147;841,138;1150,77;1203,16;1203,16;1203,16;1203,16;1203,16;
841,217;846,198;846,198;908,131;1197,112;1369,41;
841,217;1197,112;828,224;841,217;912,216;940,206;968,188;968,188;1168,117;1197,112;1423,90;
940,206;968,188;968,188;818,260;932,233;940,206;1073,177;1074,163;1424,134;1396,152;1459,130;1471,80;
968,188;968,188;1073,177;960,290;960,290;960,290;960,290;1455,171;1455,171;1455,171;1455,171;1455,171;1455,171;1510,139;1526,138;
960,290;960,290;960,290;960,290;924,295;960,290;1497,257;1560,241;1600,230;1675,125;1675,125;1675,125;1675,125;
1497,257;1560,241;1600,230;1675,125;1675,125;1675,125;1675,125;991,327;990,346;991,327;991,327;1635,197;1672,143;1671,152;
1497,257;1560,241;1600,230;990,346;976,368;1034,337;1034,337;1034,337;1040,336;1114,268;1641,211;1641,211;1641,211;1641,211;1685,159;1736,147;
1019,378;1038,362;1200,341;1728,280;1728,280;1748,256;1790,190;1787,208;1841,149;1841,149;1841,149;
----Iteration 9----
677,0;323,41;804,-128;1466,-140;823,-134;
1041,314;1298,100;1295,152;1295,152;1295,152;
1041,314;1295,152;1295,152;1295,152;355,437;398,401;479,357;479,357;1141,259;1153,209;1388,150;
1041,314;1388,150;698,434;698,434;698,434;698,434;698,434;698,434;698,434;698,434;618,517;1238,274;1239,258;1244,251;1354,166;1354,166;1354,166;1354,166;1354,166;1354,166;1354,166;1354,166;1354,166;1354,166;1354,166;1388,150;1388,150;1388,150;
1041,314;698,434;698,434;698,434;698,434;698,434;698,434;698,434;698,434;618,517;1238,274;670,465;670,465;755,414;825,377;874,342;1274,260;1274,260;1274,260;1274,260;1309,254;1438,229;1438,229;
1041,314;698,434;698,434;698,434;698,434;698,434;698,434;698,434;698,434;618,517;670,465;670,465;755,414;1438,229;1438,229;637,466;688,443;776,400;916,389;1343,266;1324,297;1324,297;1403,263;1419,260;1438,229;1442,208;
755,414;916,389;645,557;611,583;698,503;758,413;870,400;916,389;924,380;1364,337;1358,340;1336,375;1469,303;1469,303;1469,303;1553,286;
1553,286;669,604;634,654;669,604;738,593;743,592;866,558;882,497;986,447;1489,395;1481,440;1491,312;1566,268;
634,654;866,558;986,447;1481,440;1566,268;591,690;618,677;661,641;785,637;874,529;877,526;939,507;1040,442;1481,440;1519,421;1564,364;1564,364;
634,654;591,690;618,677;793,643;908,603;919,571;981,552;1417,540;1430,534;1440,510;1446,507;1602,378;1510,498;1567,494;1567,494;1567,494;
634,654;591,690;618,677;793,643;908,603;981,552;1417,540;1510,498;1567,494;1567,494;1567,494;894,627;908,603;955,572;981,552;1417,540;1444,535;1456,525;1667,385;1667,385;1665,393;1640,404;1691,379;
