----Iteration 5----
-105,549;128,394;115,459;138,105;403,-3;
-550,558;-105,549;7,531;179,427;179,427;222,405;222,405;222,405;222,405;249,388;258,301;
-105,549;7,531;-515,569;-266,558;91,482;196,439;287,411;279,436;309,321;320,278;
-105,549;7,531;-266,558;91,482;-487,600;128,478;288,453;275,470;288,453;345,450;345,450;345,450;345,450;
-105,549;7,531;-266,558;-487,600;-421,563;342,523;370,464;370,464;370,464;370,464;
370,464;370,464;370,464;370,464;-437,624;369,590;369,590;369,590;409,450;
409,450;-200,730;-238,757;-26,718;10,696;127,679;138,631;390,619;390,619;390,619;407,561;
-200,730;-238,757;-26,718;10,696;-89,720;-26,718;10,696;383,681;429,657;460,637;460,637;460,637;460,637;460,637;460,637;
-137,780;-88,765;74,761;178,741;460,686;456,726;491,666;517,620;549,574;549,574;
74,761;178,741;456,726;-127,806;48,799;126,752;178,741;509,702;509,702;540,682;590,595;567,640;640,578;640,578;
540,682;590,595;567,640;640,578;640,578;327,887;328,789;511,740;542,660;571,621;590,595;633,581;
----Iteration 2----
161,349;422,75;-262,668;-260,534;-193,492;43,483;-392,725;
114,587;229,154;246,118;
-77,650;147,613;193,583;193,583;193,583;193,583;193,583;245,214;258,185;290,183;
-69,702;245,665;277,661;291,646;409,449;409,449;409,449;409,449;
245,665;277,661;291,646;-57,872;198,818;277,661;323,589;341,579;417,541;472,503;
-57,872;198,818;-18,826;241,719;325,693;386,659;428,639;550,463;532,491;501,518;494,521;501,518;501,518;501,518;
198,818;13,873;559,745;
13,873;12,909;544,818;625,808;
12,909;12,909;608,905;676,862;676,862;
608,905;49,939;697,883;738,861;738,861;738,861;738,861;
608,905;49,939;697,883;-5,945;88,916;763,882;814,756;881,708;881,708;
----Iteration 4----
193,55;44,316;190,138;102,313;147,229;210,-108;-20,393;-23,488;
296,671;355,651;404,625;440,553;
404,625;440,553;355,772;355,772;440,553;
355,772;355,772;482,701;482,701;482,701;482,701;482,701;
355,772;355,772;518,696;485,718;
355,772;355,772;571,742;571,742;624,735;
355,772;355,772;571,742;571,742;624,735;760,657;746,706;760,657;760,657;
355,772;355,772;571,742;571,742;624,735;760,657;746,706;760,657;760,657;61,783;786,634;786,634;786,634;786,634;786,634;
355,772;355,772;109,870;144,835;198,812;205,809;848,748;
232,885;232,885;901,798;901,798;901,798;901,798;901,798;901,798;901,798;901,798;901,798;901,798;
232,885;232,885;132,903;247,856;238,865;343,854;616,852;681,814;945,806;945,806;945,806;945,806;
----Iteration 0----
28,550;161,337;-469,701;-350,641;212,183;
-70,470;-45,456;-40,431;-40,431;-40,431;83,403;
-70,470;-45,456;6,432;132,405;111,414;157,362;157,362;219,337;
-70,470;-45,456;6,432;132,405;111,414;160,368;282,352;282,352;
-70,470;-45,456;6,432;132,405;111,414;282,352;282,352;-266,503;-168,500;-168,500;-34,447;272,396;393,249;384,262;428,243;428,243;428,243;428,243;
-70,470;-45,456;6,432;132,405;111,414;282,352;282,352;-34,447;272,396;-101,513;306,316;463,276;
282,352;282,352;306,316;463,276;-34,529;-34,529;269,469;280,405;280,405;289,348;440,303;462,299;
-16,545;328,517;356,422;476,341;522,267;511,315;
328,517;205,616;328,517;617,279;572,445;572,445;572,445;572,445;586,434;
205,616;572,445;572,445;572,445;572,445;586,434;257,585;299,565;529,540;563,528;563,528;563,528;572,445;586,434;623,399;
197,639;285,622;590,609;644,551;644,551;644,551;667,506;694,460;
----Iteration 6----
256,114;-164,636;-140,492;9,448;97,398;185,143;94,415;
-48,515;26,514;154,368;177,323;
-250,539;-250,539;-250,539;-250,539;86,536;130,529;171,494;216,477;272,395;
-168,554;264,545;307,502;314,494;
-46,627;30,607;48,590;48,590;48,590;316,573;347,553;
-49,754;-45,728;44,722;319,664;492,612;485,620;492,612;
44,722;-2,824;11,736;25,726;25,726;86,702;329,674;526,673;551,656;
526,673;551,656;144,927;230,904;237,901;317,772;317,772;342,740;342,740;551,656;526,673;551,656;555,616;555,616;
551,656;144,927;230,904;237,901;551,656;551,656;252,838;344,779;369,747;449,745;453,723;536,690;515,718;622,633;583,640;759,577;759,577;759,577;759,577;766,569;
230,904;449,745;622,633;583,640;222,929;244,901;349,847;398,831;398,831;530,732;555,697;780,583;805,569;805,569;
222,929;349,847;398,831;398,831;530,732;94,981;186,946;222,929;261,915;261,915;293,875;446,811;458,776;556,713;579,698;579,698;833,657;874,633;901,608;
----Iteration 1----
82,592;-212,630;231,357;
155,709;364,683;
155,709;372,700;372,700;510,647;510,647;510,647;510,647;510,647;510,647;510,647;
510,647;510,647;510,647;510,647;510,647;510,647;510,647;391,737;497,710;554,628;586,613;
554,628;586,613;422,786;456,746;521,718;525,669;628,591;721,585;
554,628;422,786;456,746;521,718;525,669;438,774;456,746;551,659;551,659;551,659;551,659;777,625;835,623;
422,786;456,746;438,774;456,746;529,730;555,712;611,641;587,689;611,641;836,627;
422,786;438,774;529,730;555,712;587,689;158,810;512,769;539,724;609,680;861,661;952,626;
422,786;438,774;529,730;555,712;587,689;158,810;512,769;609,680;952,626;147,853;158,810;228,798;540,728;563,699;910,668;987,605;1001,556;
438,774;529,730;555,712;587,689;512,769;609,680;952,626;540,728;910,668;987,605;1001,556;437,912;524,762;541,715;568,708;636,673;987,605;970,621;987,605;
910,668;437,912;252,932;485,847;506,842;587,800;599,794;626,793;638,787;638,787;752,745;773,736;777,731;777,731;777,731;945,647;1029,646;1056,621;
----Iteration 3----
-296,609;-132,558;188,386;-83,547;535,234;
216,542;257,504;
257,504;227,588;257,504;261,484;
-266,661;-266,661;-266,661;-243,645;-200,627;303,590;303,590;303,590;
-266,661;-266,661;-266,661;-200,627;303,590;303,590;303,590;-266,661;-236,656;-201,635;-199,610;-199,610;271,609;303,590;
-239,771;-205,739;-107,725;-13,721;-13,721;-13,721;-13,721;-13,721;-13,721;306,631;280,649;343,578;317,596;327,580;
-239,771;306,631;280,649;343,578;317,596;327,580;-239,771;-53,761;32,749;47,730;78,725;306,631;306,631;306,631;306,631;306,631;377,546;427,531;436,514;
-239,771;280,649;-239,771;-53,761;78,725;-239,771;-159,768;-53,761;35,758;71,732;149,718;258,667;295,636;328,634;428,623;518,532;518,532;518,532;
78,725;35,758;71,732;149,718;-115,826;-47,823;35,758;66,757;71,732;149,718;189,695;281,688;320,682;320,682;320,682;320,682;320,682;538,678;
78,725;35,758;71,732;149,718;35,758;66,757;71,732;149,718;-92,851;-8,829;26,797;363,707;587,696;
11,887;438,808;442,788;639,672;628,696;639,672;639,672;639,672;639,672;
----Iteration 7----
93,561;295,311;328,112;150,376;
-45,521;149,520;390,306;363,331;390,306;390,306;390,306;
230,526;375,423;355,437;355,437;370,434;466,351;466,351;
256,573;381,472;422,440;513,351;
256,573;548,530;614,430;
256,573;614,430;114,580;600,555;658,379;631,392;684,333;
130,718;250,683;353,641;680,542;654,580;680,542;680,542;680,542;728,399;702,437;727,422;736,390;740,364;749,348;
130,718;130,718;705,683;709,676;709,676;709,676;709,676;709,676;709,676;712,574;712,574;782,497;
-197,795;453,764;714,695;779,675;779,675;833,636;
833,636;500,832;533,810;614,807;614,807;731,700;792,695;793,665;833,636;
500,832;533,810;614,807;614,807;614,807;707,794;812,719;812,719;812,719;812,719;820,710;846,664;846,664;846,664;
----Iteration 9----
109,381;62,406;-19,599;371,377;-475,674;
126,429;126,429;126,429;126,429;195,396;263,376;439,356;495,332;530,304;530,304;530,304;530,304;530,304;530,304;542,270;542,270;
195,396;495,332;530,304;530,304;530,304;530,304;530,304;530,304;542,270;542,270;150,430;158,397;158,397;101,469;195,396;464,377;495,332;518,326;607,241;
495,332;464,377;495,332;518,326;184,547;205,503;366,482;408,401;465,354;495,332;581,315;633,255;
366,482;581,315;216,566;220,546;225,521;225,521;225,521;225,521;225,521;366,482;406,459;406,459;406,459;406,459;557,416;507,457;574,383;574,383;574,383;574,383;574,383;574,383;574,383;680,296;
298,616;303,591;331,506;530,493;573,431;573,431;693,404;739,402;749,320;749,320;
406,646;457,526;710,499;800,449;
461,719;542,698;570,628;809,492;799,534;809,492;810,486;
542,698;809,492;809,492;810,486;463,741;485,740;542,698;570,655;617,609;617,609;617,609;617,609;691,598;716,566;804,547;804,547;
463,741;485,740;286,751;485,740;517,719;621,712;621,712;621,712;621,712;621,712;621,712;728,637;724,704;728,637;728,637;728,637;888,625;888,625;
463,741;485,740;485,740;315,763;766,738;772,707;780,674;780,674;780,674;780,674;829,658;892,626;929,580;929,580;929,580;929,580;929,580;
----Iteration 8----
-402,611;182,229;83,426;241,153;-73,539;
-330,409;-216,407;-194,321;109,53;92,312;108,300;108,300;108,300;
175,565;175,565;175,565;164,608;164,608;383,500;418,479;
175,565;175,565;175,565;164,608;164,608;383,500;418,479;175,565;452,439;
175,565;175,565;175,565;164,608;164,608;383,500;418,479;175,565;487,473;536,447;536,447;536,447;
175,565;175,565;175,565;164,608;164,608;383,500;418,479;175,565;487,473;536,447;536,447;536,447;206,533;293,504;487,473;514,464;563,438;563,438;563,438;563,438;563,438;563,438;563,438;
175,565;175,565;175,565;164,608;164,608;175,565;587,540;682,505;682,505;
164,608;164,608;-83,659;706,568;706,568;706,568;706,568;706,568;
-83,659;-170,816;165,645;343,641;656,614;736,586;736,586;743,583;
-75,834;-36,788;-36,788;130,700;724,647;766,625;778,591;
766,625;778,591;-69,860;-116,880;56,811;169,789;205,765;372,707;462,681;589,667;766,625;731,660;805,579;
