----Iteration 4----
x_Moead_Rfts_Worst=[278, 295, 288, 295, 295, -65, 96, 257, 234, 245, -107, -82, 96, 56, 121, 268, 287, 287, 289, 380, 380, 380, 380, 380, 462, 456, 462, 462]
y_Moead_Rfts_Worst=[492, 430, 468, 430, 430, 596, 573, 505, 548, 533, 635, 601, 573, 587, 550, 502, 486, 486, 458, 422, 422, 422, 422, 422, 354, 382, 354, 354]
----Iteration 5----
x_Moead_Rfts_Worst=[423, 423, 423, 423, 316, 423, 143, 165, 165, 165, 165, 165, 165, 165, 165, 296, 316, 328, 423, 428, 428, 428, 428, 428]
y_Moead_Rfts_Worst=[449, 449, 449, 449, 472, 449, 522, 521, 521, 521, 521, 521, 521, 521, 521, 504, 472, 461, 449, 408, 408, 408, 408, 408]
----Iteration 6----
x_Moead_Rfts_Worst=[546, 546, 546, 314, 421, 546, 541, 286, 275, 314, 314, 360, 360, 360, 469, 469, 469, 469, 607, 543, 554, 607, 607, 607]
y_Moead_Rfts_Worst=[420, 420, 420, 519, 489, 420, 461, 525, 532, 519, 519, 510, 510, 510, 481, 481, 481, 481, 394, 430, 402, 394, 394, 394]
----Iteration 0----
x_Moead_Rfts_Worst=[523, 544, 541, 541, 582, 285, 309, 474, 561, 544, 566, 578, 264, 321, 474, 477, 541, 517, 566, 581]
y_Moead_Rfts_Worst=[286, 256, 274, 274, 186, 400, 373, 345, 251, 256, 222, 211, 456, 362, 345, 327, 274, 324, 222, 193]
----Iteration 2----
x_Moead_Rfts_Worst=[467, 467, 527, 587, 437, 473, 527, 601, 623, 623, 623, 136, 146, 302, 302, 308, 473, 582, 642, 642, 642, 642, 642]
y_Moead_Rfts_Worst=[367, 367, 360, 302, 369, 366, 360, 301, 290, 290, 290, 481, 443, 424, 424, 382, 366, 354, 258, 258, 258, 258, 258]
----Iteration 1----
x_Moead_Rfts_Worst=[330, 330, 353, 385, 440, 524, 402, 469, 524, 357, 524, 516, 562, 213, 252, 252, 252, 252, 299, 323, 323, 357, 393, 393, 469, 524, 516, 562, 596]
y_Moead_Rfts_Worst=[353, 353, 349, 310, 255, 181, 283, 212, 181, 338, 181, 189, 180, 515, 497, 497, 497, 497, 467, 417, 417, 338, 303, 303, 212, 181, 189, 180, 137]
----Iteration 7----
x_Moead_Rfts_Worst=[656, 618, 656, 686, 770, 770, 776, 770, 770, -54, -51, 310, 347, 707, 754]
y_Moead_Rfts_Worst=[434, 462, 434, 406, 339, 339, 315, 339, 339, 557, 544, 493, 469, 386, 370]
----Iteration 3----
x_Moead_Rfts_Worst=[233, 233, 233, 233, 233, 307, 5, 248, 307, 360, 337, 414, 414, 414, 414, 414, 414, 5, -35, 426, 426]
y_Moead_Rfts_Worst=[585, 585, 585, 585, 585, 530, 586, 552, 530, 510, 528, 501, 501, 501, 501, 501, 501, 586, 600, 490, 490]
----Iteration 8----
x_Moead_Rfts_Worst=[483, 483, 502, 502, 185, 483, 483, 483, 133, 211, 309, 466, 432, 432, 432, 470, 521, 502, 59, 211, 211, 309, 328, 401, 435, 432, 435, 621, 621, 621, 647]
y_Moead_Rfts_Worst=[420, 420, 404, 404, 613, 420, 420, 420, 658, 608, 591, 525, 568, 568, 568, 523, 392, 404, 659, 608, 608, 591, 586, 580, 550, 568, 550, 383, 383, 383, 358]
----Iteration 9----
x_Moead_Rfts_Worst=[233, 233, 508, 508, 508, 508, 508, 508, 522, 522, 536, 536, 233, 279, 279, 452, 478, 478, 478, 478, 478, 484, 497, 497, 497, 497, 516]
y_Moead_Rfts_Worst=[582, 582, 435, 435, 435, 435, 435, 435, 350, 350, 301, 301, 582, 573, 573, 556, 552, 552, 552, 552, 552, 528, 503, 503, 503, 503, 374]
----End of Run----
