----Iteration 0----
x_Moead_Rfts_Worst=[1186, 1211, 1306, 1555, 1814, 1848, 1868, 2037, 1106, 1211, 1301, 1341, 1622, 1884, 1985, 1985, 1985, 1987, 2029, 2036]
y_Moead_Rfts_Worst=[277, 260, 187, 158, 102, 93, 69, -44, 298, 260, 254, 171, 133, 53, -7, -7, -7, -16, -23, -30]
----Iteration 3----
x_Moead_Rfts_Worst=[1652, 1809, 1824, 1872, 1914, 1940, 1940, 1940, 1940, 1940, 1940, 1940, 1940]
y_Moead_Rfts_Worst=[573, 562, 519, 510, 500, 309, 309, 309, 309, 309, 309, 309, 309]
----Iteration 1----
x_Moead_Rfts_Worst=[2004, 2280, 2048, 2073, 2109, 2181, 2249, 2238, 2249, 2280, 2277]
y_Moead_Rfts_Worst=[658, 470, 621, 598, 575, 572, 514, 543, 514, 470, 508]
----Iteration 4----
x_Moead_Rfts_Worst=[1981, 1981, 1981, 1362, 1441, 1664, 1664, 1664, 1664, 1664, 1786, 1910, 1910, 1923, 1977, 1977]
y_Moead_Rfts_Worst=[367, 367, 367, 643, 636, 578, 578, 578, 578, 578, 529, 515, 515, 469, 455, 455]
----Iteration 6----
x_Moead_Rfts_Worst=[1347, 1355, 1374, 1374, 1374, 1504, 1538, 1606, 1756, 902, 937, 1244, 1305, 1374, 1516, 1529, 1615, 1822]
y_Moead_Rfts_Worst=[187, 167, 159, 159, 159, 158, 97, 93, -1, 285, 277, 264, 241, 159, 132, 107, 91, -10]
----Iteration 5----
x_Moead_Rfts_Worst=[1858, 1858]
y_Moead_Rfts_Worst=[583, 583]
----Iteration 2----
x_Moead_Rfts_Worst=[1462, 1836, 1886, 2042, 2042, 2042, 2042, 2052, 2042, 2074, 2077, 2120]
y_Moead_Rfts_Worst=[340, 260, 252, 244, 244, 244, 244, 242, 244, 235, 227, 214]
----Iteration 7----
x_Moead_Rfts_Worst=[1882, 1898, 2153, 2185, 2177, 2194, 1439, 1898, 2086, 2153, 2177, 2177, 2185]
y_Moead_Rfts_Worst=[361, 359, 258, 237, 246, 223, 444, 359, 334, 258, 246, 246, 237]
----Iteration 8----
x_Moead_Rfts_Worst=[1019, 1038, 1200, 1728, 1728, 1748, 1790, 1787, 1841, 1841, 1841]
y_Moead_Rfts_Worst=[378, 362, 341, 280, 280, 256, 190, 208, 149, 149, 149]
----Iteration 9----
x_Moead_Rfts_Worst=[634, 591, 618, 793, 908, 981, 1417, 1510, 1567, 1567, 1567, 894, 908, 955, 981, 1417, 1444, 1456, 1667, 1667, 1665, 1640, 1691]
y_Moead_Rfts_Worst=[654, 690, 677, 643, 603, 552, 540, 498, 494, 494, 494, 627, 603, 572, 552, 540, 535, 525, 385, 385, 393, 404, 379]
----End of Run----
