----Iteration 5----
memory=183.75390625,191.7578125,194.02734375,196.06640625,198.203125,200.5234375,201.8984375,203.28125,205.42578125,206.890625
time=18.765158653259277,26.915130376815796,23.40435028076172,25.66813898086548,24.15829086303711,29.896454334259033,21.750956773757935,26.398228883743286,26.898276805877686,30.56106662750244
----Iteration 2----
memory=183.78125,191.828125,194.07421875,197.765625,199.39453125,201.4375,202.41015625,205.25390625,206.72265625,207.828125
time=19.176144123077393,25.97854232788086,31.255057096481323,32.62808084487915,30.45422601699829,22.531956434249878,27.525658130645752,25.702598810195923,32.8723406791687,28.70369601249695
----Iteration 4----
memory=186.9609375,193.36328125,196.11328125,199.12109375,201.16796875,202.1484375,204.49609375,205.421875,207.25,208.84765625
time=27.725592374801636,33.91899347305298,27.942620515823364,39.10743546485901,29.19257092475891,26.207029819488525,24.479727268218994,22.291361570358276,26.24528694152832,25.756813764572144
----Iteration 0----
memory=183.59375,190.66796875,193.9921875,197.85546875,200.0859375,201.87890625,203.0078125,205.22265625,207.26953125,209.39453125
time=18.329933881759644,23.125766277313232,35.50502109527588,33.4415123462677,33.7386314868927,23.175284147262573,25.568715810775757,23.657487392425537,41.855085134506226,26.862210988998413
----Iteration 6----
memory=182.52734375,191.8515625,194.8125,198.1953125,200.49609375,201.984375,203.3828125,205.40625,207.52734375,209.546875
time=18.064964771270752,27.53509783744812,33.38265895843506,35.47115993499756,31.223846912384033,27.1077983379364,30.562147855758667,26.263304710388184,37.66619253158569,21.185338258743286
----Iteration 1----
memory=185.38671875,191.9296875,195.7890625,198.8671875,200.91796875,202.203125,203.98828125,206.1953125,207.57421875,209.40625
time=20.530755758285522,26.14352536201477,39.91532015800476,38.031797885894775,28.17607831954956,27.60824680328369,27.888691902160645,27.191245794296265,33.84954905509949,19.795109510421753
----Iteration 3----
memory=185.67578125,192.36328125,195.7421875,197.921875,200.65625,202.0703125,203.54296875,206.23046875,207.640625,209.37109375
time=21.075714349746704,27.82756996154785,36.56991195678711,27.88894772529602,31.40400528907776,28.841018676757812,32.21695590019226,29.561203241348267,36.39660143852234,18.23956847190857
----Iteration 7----
memory=184.91015625,192.4375,195.8125,198.3125,200.50390625,202.1328125,204.8203125,206.3671875,207.67578125,209.61328125
time=20.093180894851685,30.833338975906372,35.84139561653137,29.009644269943237,32.81738638877869,27.764076232910156,32.84198832511902,31.039947271347046,33.219276428222656,18.931767463684082
----Iteration 9----
memory=209.5703125,209.70703125,209.76953125,209.828125,209.79296875,210.3046875,210.35546875,210.37109375,210.3984375,210.47265625
time=14.324487924575806,7.387287378311157,6.994769334793091,6.049041271209717,6.631620407104492,6.579790115356445,7.87667179107666,6.03792142868042,6.4199299812316895,5.916851282119751
----Iteration 8----
memory=208.91796875,209.65625,209.81640625,209.7734375,209.79296875,210.24609375,210.38671875,210.2890625,210.375,210.703125
time=26.966030836105347,14.229590892791748,10.091912031173706,5.536293268203735,6.746459245681763,6.432969808578491,7.376955509185791,5.798239707946777,6.6853649616241455,6.314883470535278
