----Iteration 4----
memory=160.6875,162.11328125,163.5546875,165.1796875,165.97265625,166.98828125,168.49609375,169.25,169.82421875,170.6328125
time=9.711330652236938,9.975483655929565,9.626368999481201,10.169000387191772,10.172046184539795,10.263203859329224,8.715353727340698,10.282409429550171,11.195253133773804,11.29430603981018
----Iteration 5----
memory=160.08984375,162.69921875,163.89453125,165.1953125,166.15234375,167.69921875,169.03515625,170.04296875,170.390625,171.76953125
time=9.637684106826782,11.40815782546997,9.074571132659912,10.135728359222412,12.778623342514038,12.15904188156128,11.812742948532104,13.297323942184448,10.17100191116333,9.985024690628052
----Iteration 6----
memory=161.08203125,162.8828125,164.328125,165.79296875,166.375,168.140625,168.9765625,170.21484375,170.65625,171.69140625
time=10.47638750076294,11.096846103668213,11.11990475654602,11.588325500488281,10.442317008972168,12.265052318572998,13.368270874023438,10.375415802001953,10.203604221343994,9.655879020690918
----Iteration 0----
memory=160.0625,163.1640625,164.34375,165.796875,166.58984375,167.98828125,168.91796875,170.19921875,170.7109375,171.64453125
time=9.640308856964111,13.85797381401062,9.915094375610352,11.471889734268188,11.280036926269531,10.212544679641724,11.32080864906311,13.094671964645386,11.523864030838013,10.045831203460693
----Iteration 2----
memory=160.9765625,163.125,164.484375,166.0859375,166.6328125,168.05078125,169.13671875,170.02734375,170.7265625,171.7421875
time=10.574583053588867,11.824989557266235,11.722537517547607,12.935539722442627,8.635049104690552,10.7438645362854,12.2186279296875,11.460071802139282,12.101054668426514,10.191821575164795
----Iteration 1----
memory=159.37890625,162.05859375,163.82421875,165.10546875,166.046875,167.5390625,168.84375,170.29296875,170.8515625,171.8515625
time=9.205384016036987,9.955516338348389,10.459425926208496,10.745541095733643,11.229488849639893,12.58324146270752,11.923857927322388,14.873737812042236,11.405074834823608,10.729991674423218
----Iteration 7----
memory=160.671875,162.19921875,164.2109375,165.9296875,166.1875,168.55859375,169.015625,170.390625,171.02734375,171.75390625
time=10.185065507888794,8.703661918640137,13.601641654968262,12.201907396316528,9.143382787704468,14.251338481903076,11.242937326431274,13.482269763946533,12.257063150405884,8.488846063613892
----Iteration 3----
memory=160.421875,163.171875,164.4453125,165.76171875,167.27734375,168.640625,169.1328125,170.19921875,170.88671875,171.8359375
time=9.883504629135132,12.975098609924316,10.306188344955444,14.298930406570435,12.484684705734253,7.68851375579834,11.41491985321045,12.405052185058594,11.012274265289307,11.492722272872925
----Iteration 8----
memory=171.734375,171.74609375,171.75,171.77734375,171.796875,171.9609375,172.04296875,172.0,172.1953125,172.31640625
time=9.69653868675232,3.3107500076293945,2.610417366027832,2.8568294048309326,1.9695193767547607,3.160048484802246,3.0518670082092285,2.324319839477539,3.1036860942840576,2.3153257369995117
----Iteration 9----
memory=171.79296875,171.8046875,171.7265625,171.796875,171.89453125,172.0078125,171.99609375,172.203125,172.19140625,172.19140625
time=3.5714261531829834,2.7868430614471436,2.9844274520874023,2.4680042266845703,2.8980276584625244,2.6399965286254883,2.8175320625305176,2.574387311935425,2.2113232612609863,1.1061732769012451
