----Iteration 1----
x_MOEAD_NFTS=[268, 268, 348, 507, 156, 284, 142, 165, 242, 156, 238, 328, 253, 348, 298, 324, 490, 445, 438, 438, 388, 493, 445, 406, 445, 445, 459, 472, 472, 499]
y_MOEAD_NFTS=[841, 841, 804, 620, 817, 642, 854, 873, 674, 817, 898, 661, 733, 804, 810, 838, 679, 760, 788, 788, 985, 654, 799, 968, 760, 799, 708, 817, 817, 771]
z_MOEAD_NFTS=[894, 894, 952, 867, 974, 1053, 973, 951, 1038, 974, 896, 1027, 1030, 952, 978, 955, 978, 955, 1016, 1016, 854, 981, 951, 804, 955, 951, 945, 929, 929, 898]
----Iteration 2----
x_MOEAD_NFTS=[126, 126, 33, 283, 256, 353, 261, 98, 100, 225, 225, 225, 100, 229, 100, 235, 289, 220, 100, 100, 225, 333, 330, 225, 255, 393, 393, 321, 393, 371, 393, 253, 61, 229, 310, 170, 134, 166, 212, 147, 212, 333, 247, 199, 393, 336, 227, 577, 378, 342, 319, 412, 420, 532, 378, 419, 433, 434, 491, 536, 452, 563, 571, 587]
y_MOEAD_NFTS=[914, 914, 911, 478, 762, 408, 586, 909, 952, 1202, 1202, 1202, 952, 1153, 952, 1176, 427, 823, 952, 952, 1202, 384, 749, 1202, 1083, 1140, 387, 904, 1140, 776, 1140, 499, 955, 1153, 405, 626, 909, 1192, 1125, 870, 1125, 384, 781, 1088, 1140, 484, 1115, 357, 705, 894, 964, 1109, 1117, 481, 705, 1060, 1100, 619, 962, 981, 1003, 892, 798, 895]
z_MOEAD_NFTS=[1108, 1108, 1134, 1195, 1101, 1179, 1201, 1147, 1115, 943, 943, 943, 1115, 987, 1115, 906, 1177, 1174, 1115, 1115, 943, 1194, 1115, 943, 890, 812, 1143, 958, 812, 1082, 812, 1235, 1113, 987, 1250, 1238, 1132, 1011, 1028, 1225, 1028, 1194, 1179, 1076, 812, 1166, 998, 1152, 1139, 1077, 1021, 856, 779, 1131, 1139, 903, 812, 1035, 891, 841, 869, 860, 980, 747]
----Iteration 0----
x_MOEAD_NFTS=[328, 328, 339, 72, 175, 87, 299, 303, 415, 452, 593, 81, 112, 170, 443, 312, 303, 72, 374, 319, 438, 310, 327, 447, 412, 287, 385, 323, 396, 450, 374, 545, 521, 483, 537, 554, 620, 599, 584, 626, 606, 620]
y_MOEAD_NFTS=[1087, 1087, 1072, 1061, 1106, 968, 925, 1044, 1066, 1014, 880, 1029, 1038, 1191, 652, 920, 1044, 1061, 1098, 1169, 756, 911, 907, 1064, 774, 942, 1062, 1103, 1055, 1057, 1098, 769, 1027, 1032, 850, 654, 976, 660, 750, 888, 745, 976]
z_MOEAD_NFTS=[791, 791, 919, 931, 839, 1004, 1047, 922, 801, 837, 880, 993, 979, 766, 1193, 1018, 922, 931, 774, 718, 1156, 1112, 1030, 841, 1132, 1066, 842, 806, 907, 710, 774, 1151, 780, 689, 1100, 1128, 836, 1092, 993, 851, 968, 836]
----Iteration 3----
x_MOEAD_NFTS=[46, 264, -84, -68, -68, 262, 228, 250, 33, 188, 292, 300, 391, 391, 382, -78, -55, -148, 226, 299, 204, 22, 181, 182, 204, 222, 250, 355, 299, 262, 338, 326, 463, 391, 355, 441, 527, 494, 450, 586, 527, 573]
y_MOEAD_NFTS=[682, 895, 648, 709, 709, 1064, 1014, 1034, 728, 808, 642, 860, 680, 680, 851, 763, 812, 850, 1034, 1065, 574, 779, 847, 953, 574, 1006, 556, 982, 1065, 866, 891, 681, 791, 680, 982, 660, 791, 638, 808, 729, 791, 746]
z_MOEAD_NFTS=[1246, 919, 1424, 1377, 1377, 822, 941, 905, 1266, 1239, 1245, 981, 1204, 1204, 924, 1379, 1362, 1241, 1140, 784, 1330, 1372, 1244, 1231, 1330, 1169, 1290, 730, 784, 1052, 969, 1189, 1158, 1204, 730, 1235, 1137, 1281, 1125, 1182, 1137, 1149]
----Iteration 4----
x_MOEAD_NFTS=[159, 46, 46, 53, 168, 161, 387, 324, 161, 360, 622, -4, 46, 69, 105, 7, 53, 100, 66, 304, 166, 123, 137, 103, 304, 161, 328, 194, 469, 495, 360, 497, 539, 549, 609, 570, 550, 566, 560, 609, 609]
y_MOEAD_NFTS=[970, 987, 987, 1078, 826, 969, 668, 837, 969, 765, 668, 971, 987, 1036, 1064, 1098, 1078, 1185, 1190, 789, 876, 935, 1091, 1133, 750, 969, 811, 908, 641, 771, 765, 987, 991, 661, 779, 855, 963, 906, 933, 779, 779]
z_MOEAD_NFTS=[548, 946, 946, 860, 876, 857, 911, 842, 857, 889, 462, 955, 946, 929, 874, 851, 860, 685, 546, 978, 937, 1022, 624, 521, 986, 857, 844, 802, 918, 879, 889, 528, 516, 879, 810, 741, 648, 424, 577, 810, 810]
----Iteration 5----
x_MOEAD_NFTS=[312, 288, 454, 344, 542, 377, 523, 454, 593, 55, 396, 154, 520, 364, 335, 454, 466, 384, 489, 396, 485, 530, 542, 542, 559, 139, 12, 203, 170, 216, 282, 242, 252, 245, 179, 228, 265, 396, 326, 473, 520, 477, 385, 514, 445, 476, 429, 569, 542, 516, 559, 635, 586, 715, 652]
y_MOEAD_NFTS=[999, 1086, 928, 635, 1028, 821, 953, 928, 882, 1003, 1110, 1013, 1066, 487, 566, 928, 977, 511, 529, 888, 894, 640, 1028, 621, 606, 620, 1013, 1019, 1039, 1109, 1130, 1093, 1103, 913, 947, 953, 1052, 1110, 850, 1060, 1066, 1040, 481, 489, 537, 671, 957, 927, 1028, 506, 1004, 932, 602, 824, 888]
z_MOEAD_NFTS=[874, 812, 1000, 1149, 704, 1109, 872, 1000, 838, 1136, 676, 1089, 628, 1210, 1203, 1000, 900, 1195, 1159, 1027, 947, 1055, 704, 1033, 969, 1299, 1221, 1072, 1020, 998, 829, 1014, 960, 1283, 1244, 1227, 1013, 676, 1296, 829, 628, 790, 1189, 1162, 1161, 1137, 960, 926, 704, 1140, 761, 825, 1015, 921, 806]
----Iteration 6----
x_MOEAD_NFTS=[116, 106, 148, -49, -98, -4, 226, 106, 205, 82, 375, 434, 490, 462, 483, 635, 561, 624, 624, 603]
y_MOEAD_NFTS=[932, 826, 859, 986, 983, 996, 552, 826, 925, 964, 918, 745, 858, 874, 902, 885, 889, 863, 863, 872]
z_MOEAD_NFTS=[787, 1240, 1237, 849, 892, 819, 1213, 1240, 1173, 788, 1096, 1173, 1156, 1167, 1148, 1017, 1062, 1067, 1067, 1111]
----Iteration 7----
x_MOEAD_NFTS=[-261, -262, -261, -187, -79, 231, 187, 348, -234, -261, -257, 13, -241, -129, 204, 130, 65, 230, 348, 582, 543, 618, 554, 574, 622, -227, -262, -102, -136, -92, -263, -92, -43, -168, -11, 312, -92, 58, 192, 133, 89, 319, 101, 412, 582, 538, 538, 566, 536, 458, 566, 599, 582, 587, 589, 615, 626, 603, 645]
y_MOEAD_NFTS=[410, 440, 623, 818, 450, 653, 672, -13, 380, 410, 438, 758, 857, 832, 176, 386, 431, 710, 365, 207, 248, 572, 301, 228, 552, 372, 440, 518, 523, 593, 691, 155, 420, 606, 820, 26, 756, 806, 269, 751, 787, 380, 424, -49, 207, 247, 247, 614, 251, 355, 614, 683, 207, 352, 557, 185, 238, 637, 530]
z_MOEAD_NFTS=[1377, 1383, 1015, 783, 1064, 846, 864, 1335, 1399, 1377, 1348, 818, 767, 759, 1372, 1206, 1183, 817, 1077, 1285, 1263, 582, 1198, 1242, 543, 1441, 1383, 1305, 1271, 1173, 962, 1386, 1370, 1036, 695, 1423, 939, 784, 1274, 887, 797, 1129, 1173, 1417, 1285, 1330, 1330, 927, 1263, 1155, 927, 836, 1285, 1090, 1048, 1270, 1205, 831, 587]
----Iteration 8----
x_MOEAD_NFTS=[112, 263, 296, 311, 296, 398, 98, 142, 142, 238, 304, 236, 145, 142, 142, 142, 304, 366, 265, 304, 359, 341, 388, 384, 453, 434, 453, 488, 166, 213, 304, 139, 267, 254, 236, 142, 194, 407, 146, 313, 330, 330, 305, 407, 331, 331, 357, 366, 411, 423, 415, 487, 502, 494, 594, 589, 500, 576]
y_MOEAD_NFTS=[1043, 870, 973, 935, 973, 851, 1076, 1003, 1003, 731, 897, 935, 946, 1003, 1003, 1003, 897, 961, 915, 897, 811, 894, 850, 912, 744, 802, 744, 758, 717, 758, 897, 966, 791, 867, 935, 1003, 944, 988, 1000, 864, 848, 848, 962, 988, 837, 837, 910, 961, 800, 1036, 760, 1033, 711, 946, 648, 698, 923, 675]
z_MOEAD_NFTS=[927, 1081, 893, 888, 893, 845, 891, 899, 899, 1116, 1048, 1051, 958, 899, 899, 899, 1048, 876, 931, 1048, 1059, 1030, 1028, 850, 898, 818, 898, 838, 1130, 1114, 1048, 1057, 1101, 1107, 1051, 899, 1100, 843, 851, 1091, 1065, 1065, 918, 843, 1036, 1036, 931, 876, 1044, 835, 1026, 781, 899, 784, 966, 970, 761, 984]
----Iteration 9----
x_MOEAD_NFTS=[-7, 79, 176, 170, 506, 506, -77, 21, 97, 114, 126, 75, -39, 155, 187, 147, 250, 526, 543, 61, -46, -91, -130, -11, -1, -1, -74, -51, -50, -3, -3, 37, 128, 47, 100, 36, 73, 192, 203, 167, 145, 145, 119, 213, 197, 240, 316, 409, 231, 400, 422, 456, 499, 488, 456, 517]
y_MOEAD_NFTS=[782, 896, 719, 764, 721, 721, 753, 928, 694, 665, 661, 706, 942, 606, 646, 707, 923, 745, 709, 706, 764, 809, 850, 818, 912, 912, 971, 968, 1010, 1016, 1016, 1012, 616, 760, 894, 970, 988, 973, 591, 664, 833, 833, 987, 929, 943, 639, 709, 904, 927, 851, 883, 842, 801, 830, 842, 671]
z_MOEAD_NFTS=[1271, 1097, 1136, 1112, 916, 916, 1320, 1097, 1297, 1255, 1290, 1233, 1197, 1233, 1188, 1225, 864, 901, 948, 1335, 1317, 1306, 1284, 1277, 1253, 1253, 1222, 1207, 1174, 1134, 1134, 1057, 1271, 1288, 1219, 1090, 1080, 1068, 1218, 1193, 1193, 1193, 1069, 1000, 884, 1196, 1171, 891, 1024, 943, 929, 910, 1091, 1054, 910, 992]
----End of Run----
