----Iteration 0----
x_MOEAD_NFTS=[1831, 1831, 1831, 1831, 1852, 1952, 1952, 2079, 2175, 2199, 1874, 1831, 1852, 1847, 1847, 1834, 1847, 2036, 2042, 1945, 1945, 1970, 2053, 2045, 2104, 2159, 2097, 2070, 2170, 2129, 2170, 2164, 2170, 2205]
y_MOEAD_NFTS=[650, 650, 650, 650, 631, 600, 600, 539, 447, 425, 533, 610, 631, 670, 670, 687, 670, 461, 491, 643, 643, 553, 658, 708, 622, 514, 558, 660, 523, 544, 523, 478, 523, 470]
z_MOEAD_NFTS=[1949, 1949, 1949, 1949, 1956, 1899, 1899, 1901, 1854, 1828, 1951, 1971, 1956, 1931, 1931, 1887, 1931, 2021, 2001, 1930, 1930, 1901, 1881, 1877, 1820, 1945, 1900, 1858, 1927, 1857, 1927, 1943, 1927, 1812]
----Iteration 1----
x_MOEAD_NFTS=[1694, 1694, 1726, 1726, 1670, 1695, 1855, 1722, 1794, 1831, 1855, 1895, 1917, 1481, 1624, 1432, 1525, 1640, 1624, 1725, 1855, 1735, 1656, 1855, 1871, 1842, 1872, 1806, 1843, 1872, 1872, 1977, 1799, 1855, 1895, 1941, 1979, 1974, 1980, 2006, 1974, 2134, 2122, 2229]
y_MOEAD_NFTS=[450, 450, 429, 429, 621, 437, 610, 372, 357, 569, 610, 244, 546, 631, 579, 582, 689, 578, 579, 601, 610, 365, 611, 610, 242, 235, 275, 572, 623, 275, 275, 381, 405, 610, 244, 393, 528, 357, 531, 336, 357, 532, 510, 506]
z_MOEAD_NFTS=[1586, 1586, 1537, 1537, 1505, 1640, 1348, 1729, 1694, 1376, 1348, 1660, 1378, 1717, 1760, 1718, 1678, 1772, 1760, 1388, 1348, 1791, 1657, 1348, 1700, 1715, 1699, 1457, 1369, 1699, 1699, 1578, 1550, 1348, 1660, 1565, 1501, 1657, 1416, 1608, 1657, 1333, 1516, 1444]
----Iteration 2----
x_MOEAD_NFTS=[1632, 1619, 1573, 1667, 1573, 1344, 1665, 1573, 1369, 1682, 1742, 1781, 1804, 2022, 1667, 1369, 1345, 1651, 1667, 1713, 1910, 1834, 1888, 1969, 1965, 1965, 1965, 2111, 2069, 1969, 2111, 2190, 2190, 2190, 2230, 2190]
y_MOEAD_NFTS=[348, 376, 385, 406, 385, 588, 334, 385, 580, 369, 524, 390, 360, 150, 406, 580, 623, 375, 406, 364, 599, 601, 372, 573, 540, 540, 540, 119, 115, 573, 119, 106, 106, 106, 82, 106]
z_MOEAD_NFTS=[1819, 1807, 1786, 1774, 1786, 1618, 1808, 1786, 1617, 1765, 1758, 1764, 1782, 1441, 1774, 1617, 1599, 1778, 1774, 1775, 1613, 1560, 1744, 1731, 1741, 1741, 1741, 1653, 1672, 1731, 1653, 1599, 1599, 1599, 1556, 1599]
----Iteration 3----
x_MOEAD_NFTS=[1621, 1621, 1939, 1561, 1595, 1618, 1608, 1628, 1948, 1899, 1933, 1605, 1899, 1916, 1475, 1378, 1389, 1351, 1494, 1422, 1480, 1556, 1602, 1887, 1602, 1869, 1926, 1871, 1887, 1346, 1420, 1350, 1736, 1425, 1418, 1521, 1736, 1712, 1553, 1553, 1450, 1573, 1389, 1453, 1599, 1694, 1596, 1482, 1632, 1642, 1602, 1576, 1849, 1652, 1871, 1860, 1885, 1862, 1841, 1841, 1846, 1846, 1911, 1980, 1975, 1865, 1909, 1978]
y_MOEAD_NFTS=[155, 155, 277, 197, 234, 351, 224, 378, 504, 554, 538, 205, 554, 121, 256, 343, 373, 357, 209, 351, 305, 294, 197, 516, 197, 117, 383, -37, 516, 246, 300, 357, 700, 471, 532, 756, 700, 743, 233, 233, 321, 195, 333, 400, 502, 826, 177, 314, 523, 136, 197, 270, 698, 110, -37, 294, 7, 291, 642, 642, 603, 662, 251, 469, 476, 586, -101, 406]
z_MOEAD_NFTS=[1661, 1661, 1507, 1893, 1710, 1622, 1692, 1596, 1406, 1377, 1403, 1707, 1377, 1552, 1937, 1935, 1861, 1882, 1967, 1861, 1852, 1742, 1721, 1421, 1721, 1651, 1515, 1691, 1421, 1985, 1970, 1890, 1358, 1808, 1769, 1591, 1358, 1340, 1931, 1931, 1876, 1867, 1883, 1812, 1580, 1553, 1877, 1784, 1565, 1766, 1721, 1716, 1412, 1734, 1691, 1539, 1671, 1602, 1460, 1460, 1526, 1447, 1647, 1454, 1466, 1438, 1689, 1458]
----Iteration 4----
x_MOEAD_NFTS=[1275, 1206, 1315, 1429, 1235, 1396, 1402, 1423, 1429, 1438, 1429, 1512, 1423, 1599, 1537, 1701, 1347, 1265, 1261, 1310, 1277, 1146, 1190, 1342, 1389, 1389, 1371, 1466, 1469, 1429, 1430, 1443, 1429, 1512, 1490, 1512, 1564, 1589, 1663, 1672, 1659, 1691, 1755, 1742, 1758]
y_MOEAD_NFTS=[370, 392, 482, 396, 400, 678, 666, 636, 396, 382, 396, 408, 636, 200, 396, 297, 341, 360, 487, 503, 508, 699, 728, 695, 422, 422, 465, 626, 654, 396, 429, 372, 396, 585, 620, 585, 382, 203, 463, 516, 540, 349, 355, 401, 373]
z_MOEAD_NFTS=[1688, 1753, 1636, 1631, 1709, 1382, 1344, 1372, 1631, 1593, 1631, 1499, 1372, 1543, 1489, 1403, 1700, 1766, 1696, 1662, 1622, 1575, 1504, 1356, 1663, 1663, 1655, 1413, 1350, 1631, 1630, 1609, 1631, 1427, 1299, 1427, 1570, 1614, 1427, 1408, 1320, 1467, 1387, 1325, 1372]
----Iteration 5----
x_MOEAD_NFTS=[935, 1657, 1657, 2047, 812, 1170, 1283, 1715, 1784, 1841, 2037, 1089, 941, 1520, 1570, 1823, 1718, 941, 1520, 1613, 1795, 1796, 1552, 1904, 1811, 1651, 1823, 1836, 1734, 1865, 1954, 1879, 1947, 1954, 2004, 1918, 1990, 1934, 1990, 2062, 2066, 2050, 2077]
y_MOEAD_NFTS=[126, 264, 264, 66, 192, 459, 241, 197, 237, 434, 109, 116, 337, 365, 384, 465, 507, 337, 365, 284, 447, 482, 36, 488, -58, 299, 465, -16, 378, -60, 96, 252, 431, 96, 253, 473, 53, 471, 53, 167, 200, 39, 124]
z_MOEAD_NFTS=[1594, 1426, 1426, 1396, 1570, 1370, 1548, 1477, 1466, 1239, 1444, 1558, 1531, 1441, 1428, 1312, 1257, 1531, 1441, 1536, 1315, 1274, 1726, 1181, 1661, 1496, 1312, 1639, 1322, 1691, 1597, 1382, 1218, 1597, 1346, 1221, 1566, 1205, 1566, 1395, 1385, 1471, 1373]
----Iteration 7----
x_MOEAD_NFTS=[1715, 1715, 1548, 1696, 1681, 1681, 1650, 1652, 1696, 1773, 1681, 1859, 1500, 1696, 1648, 1599, 1661, 1620, 1700, 1673, 1690, 1710, 1859, 1859, 1818, 1907, 1853, 1859, 1858, 1907, 1907, 1907]
y_MOEAD_NFTS=[418, 418, 234, 314, 575, 575, 669, 628, 314, 314, 575, 711, 699, 314, 635, 751, 626, 659, 383, 429, 561, 624, 711, 711, 347, 723, 467, 480, 633, 723, 723, 723]
z_MOEAD_NFTS=[1662, 1662, 1800, 1780, 1728, 1728, 1502, 1762, 1780, 1768, 1728, 1481, 1485, 1780, 1613, 1463, 1653, 1648, 1771, 1781, 1690, 1635, 1481, 1481, 1657, 1475, 1641, 1636, 1487, 1475, 1475, 1475]
----Iteration 6----
x_MOEAD_NFTS=[1748, 1769, 1519, 1761, 1761, 1777, 1825, 1597, 1561, 1573, 1605, 1684, 1587, 1639, 1685, 1740, 1693, 1730, 1693, 1741, 1825, 1868, 1869]
y_MOEAD_NFTS=[414, 446, 487, 487, 487, 465, 456, 293, 516, 572, 365, 435, 571, 542, 483, 491, 427, 514, 427, 479, 456, 409, 441]
z_MOEAD_NFTS=[1490, 1461, 1581, 1172, 1172, 1309, 1281, 1680, 1468, 1408, 1669, 1630, 1449, 1177, 1628, 1431, 1585, 1392, 1585, 1511, 1281, 1618, 1461]
----Iteration 8----
x_MOEAD_NFTS=[1526, 1540, 1498, 1592, 1475, 1515, 1494, 1498, 1583, 1685, 1685, 1515, 1685, 1836, 1988, 1966, 2027, 1988, 1966, 2005, 1988, 1988]
y_MOEAD_NFTS=[734, 770, 780, 728, 779, 755, 798, 780, 737, 727, 727, 755, 727, 682, 511, 549, 501, 511, 549, 482, 511, 511]
z_MOEAD_NFTS=[1839, 1754, 1624, 1756, 1798, 1755, 1711, 1624, 1819, 1810, 1810, 1755, 1810, 1918, 1824, 1814, 1802, 1824, 1814, 1811, 1824, 1824]
----Iteration 9----
x_MOEAD_NFTS=[887, 1251, 1216, 904, 866, 1234, 1254, 1175, 1405, 1310, 1454, 1451, 1451, 1495, 1463, 1455, 1612, 1531, 1606, 1635, 1779, 1779, 904, 1094, 1001, 1056, 1140, 1140, 974, 1212, 1226, 1222, 1245, 1336, 1381, 1409, 1290, 1523, 1447, 1454, 1454, 1320, 1595, 1477, 1541, 1572, 1526, 1686, 1612, 1584, 1631, 1692, 1603, 1692, 1815, 1848, 1765, 1794, 1794, 1815]
y_MOEAD_NFTS=[34, 572, 605, -43, 176, 615, 546, 517, 577, 483, 126, 116, 116, 487, 554, 103, 165, 370, 470, 321, 368, 368, -43, 539, 546, 622, 680, 680, -46, 662, 51, 65, 551, 570, 619, 122, 448, 456, 576, 126, 126, 404, 710, 103, 324, 556, 109, 568, 165, 207, 375, 653, 229, 653, 281, 317, 262, 360, 360, 281]
z_MOEAD_NFTS=[2023, 1518, 1511, 1992, 1903, 1485, 1518, 1705, 1381, 1520, 1811, 1837, 1837, 1499, 1478, 1825, 1717, 1546, 1487, 1573, 1453, 1453, 1992, 1824, 1687, 1565, 1503, 1503, 1992, 1462, 1935, 1985, 1595, 1469, 1440, 1844, 1897, 1687, 1466, 1811, 1811, 1883, 1248, 1816, 1631, 1459, 1815, 1439, 1717, 1732, 1520, 1376, 1689, 1376, 1510, 1476, 1523, 1479, 1479, 1510]
----End of Run----
