----Iteration 1----
duplicated=0.0,5.0,4.0,4.0,5.0,5.0,8.0,2.0,6.0,9.0
memory=153.11328125,153.11328125,153.11328125,154.66015625,156.20703125,158.01171875,160.07421875,162.65234375,164.97265625,167.03515625
time=1.5188062191009521,1.8891429901123047,1.521817922592163,1.7920875549316406,2.2267262935638428,1.9371147155761719,2.288245916366577,2.303483724594116,2.9835591316223145,3.5170743465423584
----Iteration 2----
duplicated=0.0,9.0,7.0,5.0,11.0,8.0,8.0,6.0,7.0,8.0
memory=153.11328125,153.11328125,153.11328125,154.66015625,156.46484375,158.01171875,160.58984375,162.91015625,165.23046875,167.80859375
time=1.4418373107910156,1.7771072387695312,1.8415279388427734,1.9792630672454834,2.4555912017822266,1.8321223258972168,2.6816647052764893,2.3689920902252197,3.1683647632598877,4.0771543979644775
----Iteration 0----
duplicated=0.0,9.0,2.0,4.0,6.0,0.0,7.0,2.0,7.0,9.0
memory=153.11328125,153.11328125,153.11328125,154.66015625,156.72265625,158.52734375,160.58984375,163.16796875,166.00390625,167.80859375
time=1.5876307487487793,1.8965461254119873,1.8991806507110596,2.065335512161255,2.3359580039978027,1.9607563018798828,2.599938154220581,2.381314516067505,3.4376444816589355,4.360430479049683
----Iteration 3----
duplicated=0.0,5.0,0.0,3.0,12.0,4.0,6.0,8.0,5.0,4.0
memory=169.61328125,169.87109375,170.12890625,170.90234375,171.93359375,173.22265625,174.25390625,175.02734375,176.31640625,178.37890625
time=1.8858611583709717,2.26728892326355,2.413729667663574,2.7686774730682373,2.598975658416748,2.9008584022521973,2.856955051422119,3.045909881591797,3.6002352237701416,3.375455856323242
----Iteration 4----
duplicated=0.0,3.0,5.0,5.0,7.0,4.0,5.0,6.0,8.0,8.0
memory=169.87109375,169.87109375,170.38671875,171.16015625,172.19140625,173.22265625,174.25390625,175.54296875,177.08984375,178.63671875
time=2.1896073818206787,1.9979660511016846,2.1128573417663574,2.7552530765533447,2.827331781387329,2.6851375102996826,2.936244010925293,3.3738040924072266,3.534327268600464,4.2196056842803955
----Iteration 5----
duplicated=0.0,0.0,6.0,7.0,4.0,6.0,13.0,7.0,1.0,6.0
memory=178.63671875,178.89453125,178.89453125,178.89453125,178.89453125,179.15234375,179.92578125,180.69921875,181.98828125,183.53515625
time=1.5813884735107422,1.8268249034881592,2.0795462131500244,2.438981533050537,2.6014015674591064,2.3682940006256104,2.9604671001434326,2.5095229148864746,2.761105537414551,2.7299716472625732
----Iteration 6----
duplicated=0.0,3.0,3.0,3.0,9.0,7.0,4.0,10.0,4.0,3.0
memory=178.89453125,178.89453125,178.89453125,178.89453125,179.15234375,179.41015625,180.18359375,181.47265625,182.76171875,184.30859375
time=1.5050060749053955,1.7677886486053467,2.099989175796509,2.718885898590088,2.9162039756774902,2.6861236095428467,2.7107937335968018,2.489542007446289,2.7648768424987793,3.692500114440918
----Iteration 7----
duplicated=0.0,4.0,5.0,5.0,10.0,5.0,3.0,13.0,8.0,11.0
memory=178.89453125,178.89453125,178.89453125,178.89453125,179.41015625,179.92578125,180.69921875,182.24609375,184.05078125,178.23046875
time=1.761880874633789,2.137394428253174,2.444176435470581,3.0537607669830322,2.606902837753296,2.879269599914551,2.6374998092651367,2.7227091789245605,3.116933822631836,3.8711695671081543
----Iteration 8----
duplicated=2.0,2.0,4.0,4.0,1.0,5.0,3.0,4.0,6.0,9.0
memory=178.23046875,178.23046875,178.23046875,178.23046875,178.23046875,178.7421875,179.0,179.51171875,180.80078125,182.34765625
time=1.7305479049682617,1.8824942111968994,2.155397415161133,2.3690600395202637,2.1281166076660156,1.6306393146514893,1.698411226272583,2.2749879360198975,2.9514410495758057,2.8544375896453857
----Iteration 9----
duplicated=0.0,2.0,1.0,5.0,10.0,5.0,5.0,9.0,3.0,3.0
memory=178.23046875,178.23046875,178.23046875,178.23046875,178.484375,178.7421875,179.25390625,180.02734375,181.31640625,182.86328125
time=1.9136698246002197,1.977247953414917,2.4416472911834717,2.030993700027466,1.843026876449585,1.615797996520996,1.7329554557800293,2.8451907634735107,2.966893196105957,3.234194755554199
