----Iteration 0----
x_MOEAD_NFTS=[504, 504, 504, 462, 462, 444, 504, 544, 504, 488, 508, 543, 572, 544, 124, 193, 340, 172, 417, 417, 449, 508, 516, 572, 254, 108, 124, 124, 176, 232, 98, 165, 367, 367, 305, 316, 173, 456, 477, 456, 370, 417, 475, 492, 505, 516, 550, 544, 550, 288, 262, 329, 177, 160, 194, 180, 193, 266, 322, 108, 245, 461, 186, 234, 378, 317, 443, 272, 492, 356, 500, 446, 482, 471, 500, 506, 527, 517, 516, 492, 542, 550, 544]
y_MOEAD_NFTS=[338, 338, 300, 323, 323, 335, 338, 303, 300, 233, 255, 301, 255, 265, 527, 615, 363, 479, 516, 516, 283, 255, 271, 293, 303, 449, 527, 527, 584, 616, 531, 278, 598, 598, 142, 337, 571, 157, 444, 157, 351, 516, 360, 490, 264, 440, 263, 354, 301, 206, 210, 294, 349, 607, 674, 533, 615, 664, 136, 449, 611, 105, 507, 560, 595, 603, 235, 388, 490, 545, 106, 499, 307, 482, 106, 101, 14, 188, 440, 490, 60, 440, 392]
z_MOEAD_NFTS=[279, 279, 324, 381, 381, 382, 279, 280, 324, 384, 350, 287, 257, 325, 379, 286, 368, 398, 95, 95, 431, 350, 336, 212, 444, 413, 379, 379, 308, 284, 374, 490, 206, 206, 490, 431, 342, 477, 290, 477, 388, 95, 322, 273, 362, 247, 343, 260, 263, 557, 552, 453, 445, 317, 227, 363, 286, 193, 532, 413, 206, 512, 391, 352, 256, 191, 484, 438, 273, 263, 475, 248, 392, 291, 475, 422, 414, 361, 247, 273, 397, 154, 215]
----Iteration 1----
x_MOEAD_NFTS=[471, 106, 272, 136, 104, 230, 284, 281, 432, 320, 414, 446, 113, 129, 56, 137, 473, 184, 197, 253, 313, 278, 286, 430, 299, 343, 378, 473, 411, 498, 471, 500, 504, 462, 69, 250, 132, 41, 78, 59, 206, 187, 307, 144, 152, 40, 107, 160, 104, 346, 242, 334, 291, 325, 346, 437, 250, 344, 410, 359, 410, 425, 360, 414, 422, 472, 482, 471, 573, 524, 530]
y_MOEAD_NFTS=[103, 430, 339, 419, 493, 378, 401, 318, 116, 328, 294, 166, 352, 396, 480, 501, 66, 525, 401, 484, 289, 367, 489, 264, 358, 499, 355, 66, 387, 273, 288, 242, 309, 327, 213, 330, 415, 434, 467, 499, 512, 544, 160, 307, 263, 457, 512, 351, 493, 519, 569, 223, 251, 480, 519, 89, 330, 398, 509, 452, 509, 291, 443, 433, 346, 248, 153, 364, 214, 385, 361]
z_MOEAD_NFTS=[478, 379, 475, 393, 351, 468, 350, 444, 496, 429, 413, 480, 509, 470, 381, 320, 517, 273, 378, 244, 496, 422, 193, 531, 402, 177, 415, 517, 286, 434, 435, 405, 277, 300, 620, 486, 449, 398, 373, 360, 265, 252, 613, 558, 534, 389, 330, 519, 351, 105, 202, 579, 547, 307, 105, 564, 486, 368, 169, 276, 169, 463, 327, 278, 362, 473, 467, 296, 442, 258, 223]
----Iteration 2----
x_MOEAD_NFTS=[116, 398, 364, 405, 405, 405, 391, 525, 248, 357, 393, 393, 398, 441, 444, 444, 415, 441, 447, 471, 570, 570, 298, 364, 298, 361, 313, 327, 393, 298, 422, 405, 444, 429, 398, 436, 441, 405, 447, 447, 454, 480, 536, 502, 570, 608, 579, 597, 617, 298, 279, 319, 304, 404, 345, 260, 279, 393, 298, 405, 394, 350, 404, 484, 405, 429, 480, 447, 523, 500, 447, 502, 523, 543, 617, 525, 502, 602, 579, 602, 617, 608]
y_MOEAD_NFTS=[247, 299, 316, 433, 433, 433, 337, 251, 315, 481, 282, 282, 299, 334, 434, 434, 386, 334, 371, 343, 249, 249, 434, 443, 434, 462, 481, 505, 282, 434, 366, 433, 434, 477, 299, 317, 334, 433, 371, 416, 347, 335, 370, 413, 249, 276, 337, 272, 309, 434, 466, 466, 509, 566, 245, 456, 466, 258, 434, 343, 377, 474, 566, 304, 433, 477, 335, 416, 305, 393, 416, 413, 305, 239, 309, 350, 413, 231, 337, 231, 309, 276]
z_MOEAD_NFTS=[622, 545, 545, 463, 463, 463, 524, 393, 617, 444, 565, 565, 545, 506, 426, 426, 472, 506, 428, 444, 405, 405, 550, 465, 550, 381, 473, 334, 565, 550, 493, 463, 426, 378, 545, 526, 506, 463, 428, 399, 470, 469, 328, 281, 405, 380, 358, 388, 360, 550, 537, 518, 470, 316, 628, 595, 537, 598, 550, 506, 496, 450, 316, 535, 463, 378, 469, 399, 498, 375, 399, 281, 498, 423, 360, 358, 281, 409, 358, 409, 360, 380]
----Iteration 3----
x_MOEAD_NFTS=[296, 296, -40, 296, 540, 569, 537, 574, 504, 135, 135, 110, 0, 223, 216, 450, 429, 504, 504, 429, 533, 538, 538, 531, 249, 173, 223, 140, 140, 338, 223, 223, 241, 376, 475, 412, 412, 502, 509, 566, 582, 305, 345, 110, 195, 17, 143, 153, 109, 222, 191, 223, 196, 223, 375, 260, 261, 503, 422, 412, 287, 416, 540, 409, 521, 486, 434, 571, 480, 444, 521, 540, 550, 566, 569, 595, 590]
y_MOEAD_NFTS=[404, 404, 608, 404, 354, 311, 293, 270, 377, 468, 468, 502, 598, 545, 511, 395, 387, 377, 377, 387, 334, 302, 354, 356, 475, 494, 545, 572, 572, 380, 479, 545, 563, 403, 362, 443, 443, 402, 397, 329, 262, 326, 392, 502, 554, 639, 586, 602, 630, 452, 479, 545, 585, 545, 475, 486, 502, 321, 394, 443, 498, 425, 266, 461, 353, 383, 427, 237, 403, 426, 386, 266, 343, 329, 311, 238, 279]
z_MOEAD_NFTS=[266, 266, 245, 266, 142, 191, 232, 212, 189, 337, 337, 345, 247, 284, 286, 257, 275, 189, 189, 275, 238, 223, 167, 187, 322, 329, 284, 272, 272, 395, 317, 284, 272, 366, 292, 236, 236, 121, 118, 218, 207, 435, 392, 345, 302, 226, 254, 225, 211, 346, 327, 284, 233, 284, 227, 176, 162, 391, 391, 236, 167, 248, 396, 263, 317, 269, 223, 366, 79, 126, 129, 396, 178, 218, 191, 213, 192]
----Iteration 4----
x_MOEAD_NFTS=[166, 151, 411, 611, 219, 278, 411, 437, 411, 577, 566, 606, 606, 610, 641, 630, 602, 611, 504, 457, 220, 265, 414, 339, 304, 489, 366, 503, 465, 418, 457, 418, 597, 614, 437, 538, 554, 606, 541, 603, 610, 587, 600, 614, 679, 641, 672, 658, 641, 696]
y_MOEAD_NFTS=[445, 455, 462, 263, 440, 547, 462, 458, 462, 367, 223, 205, 205, 312, 410, 155, 417, 263, 226, 269, 487, 534, 291, 434, 543, 218, 503, 347, 421, 436, 453, 474, 423, 457, 458, 366, 416, 205, 394, 453, 312, 361, 418, 457, 260, 410, 365, 385, 410, 315]
z_MOEAD_NFTS=[215, 190, 154, 316, 220, 87, 154, 159, 154, 309, 421, 391, 391, 356, 197, 365, 271, 316, 388, 378, 183, 123, 358, 362, 92, 422, 125, 353, 322, 213, 179, 151, 237, 128, 159, 346, 272, 391, 277, 136, 356, 319, 222, 128, 237, 197, 246, 208, 197, 220]
----Iteration 5----
x_MOEAD_NFTS=[37, 160, 77, 209, 331, 157, 157, 152, 37, 208, 331, 184, 378, 361, 378, 378, 410, -9, 52, 41, 133, 256, 157, 199, 37, 133, 305, 376, 174, 302, 342, 349, 307, 355, 376, 376, 363, 407, 547, 236, 231, 51, 94, -68, 256, 214, 188, 173, -22, -11, 177, 305, 322, 361, 371, 287, 302, 367, 361, 391, 372, 378, 376, 407, 472, 479, 432, 464, 462, 434, 489, 510, 534, 510]
y_MOEAD_NFTS=[390, 345, 409, 330, 530, 274, 312, 353, 390, 512, 530, 437, 475, 122, 475, 475, 427, 425, 465, 468, 586, 525, 312, 346, 390, 496, 555, 210, 409, 513, 253, 518, 294, 401, 210, 210, 515, 449, 129, 223, 264, 341, 372, 469, 525, 564, 267, 317, 434, 438, 347, 406, 109, 122, 251, 264, 406, 474, 122, 307, 396, 475, 210, 444, 216, 342, 443, 186, 404, 437, 140, 297, 247, 297]
z_MOEAD_NFTS=[434, 469, 378, 377, 126, 540, 495, 474, 434, 249, 126, 346, 174, 501, 174, 174, 173, 453, 392, 342, 179, 219, 495, 467, 434, 288, 105, 497, 362, 246, 450, 125, 505, 336, 497, 497, 204, 177, 158, 620, 599, 480, 453, 442, 219, 212, 544, 483, 423, 415, 425, 321, 530, 501, 476, 579, 376, 295, 501, 408, 344, 174, 497, 185, 441, 285, 146, 491, 226, 105, 443, 304, 278, 304]
----Iteration 6----
x_MOEAD_NFTS=[107, 11, 142, -19, 142, 191, 348, 340, 252, 357, 401, 387, 448, 411, 431, 446, 120, 130, -13, -6, 131, 110, 176, 348, 214, 189, 239, 205, 247, 357, 337, 357, 354, 399, 354, 407, 426, 162, 130, 131, 76, 137, 172, 194, -82, 29, 199, 88, 189, 65, 36, 302, 214, 93, 349, 307, 168, 337, 371, 216, 246, 354, 374, 367, 355, 376, 384, 334, 374, 384, 434, 407, 512, 518]
y_MOEAD_NFTS=[650, 669, 609, 622, 609, 596, 168, 450, 571, 380, 468, 271, 425, 260, 439, 447, 209, 295, 676, 629, 357, 624, 639, 168, 247, 506, 546, 579, 429, 134, 346, 380, 500, 362, 500, 475, 290, 218, 295, 357, 456, 459, 475, 540, 580, 662, 193, 387, 506, 589, 663, 56, 247, 487, 230, 398, 605, 346, 531, 573, 455, 500, 502, 283, 477, 519, 314, 558, 502, 314, 476, 475, 371, 398]
z_MOEAD_NFTS=[-74, -38, -55, 105, -55, -14, 580, 407, 278, 436, 380, 451, 390, 427, 366, 332, 616, 547, 1, 60, 533, -11, -62, 580, 609, 408, 335, 115, 468, 576, 543, 436, 391, 417, 391, 369, 421, 613, 547, 533, 466, 458, 430, 369, 253, 50, 611, 504, 408, 173, 42, 607, 609, 444, 566, 498, 167, 543, 369, 74, 410, 391, 362, 554, 400, 227, 532, 220, 362, 532, 349, 369, 268, 250]
----Iteration 7----
x_MOEAD_NFTS=[191, 528, 104, 157, 165, 185, 270, 393, 337, 384, 401, 410, 448, 312, 178, 160, 178, 142, 183, 239, 221, 268, 249, 337, 178, 395, 331, 376, 393, 415, 435, 428, 435, 446, 482, 493, 222, 178, 160, 107, 107, 279, 178, 239, 379, 371, 280, 309, 345, 303, 324, 331, 371, 333, 383, 353, 396, 499, 427, 415, 454, 446, 454, 471, 479, 522, 544]
y_MOEAD_NFTS=[452, 225, 467, 458, 563, 565, 553, 446, 470, 364, 455, 385, 307, 400, 454, 527, 515, 534, 527, 560, 566, 428, 544, 470, 454, 493, 498, 371, 446, 495, 493, 355, 493, 486, 316, 389, 426, 454, 527, 585, 585, 320, 454, 560, 340, 386, 417, 476, 503, 542, 552, 498, 523, 531, 348, 434, 511, 266, 484, 495, 477, 486, 302, 429, 411, 270, 269]
z_MOEAD_NFTS=[463, 352, 482, 467, 365, 336, 289, 407, 448, 419, 394, 380, 381, 520, 529, 463, 462, 424, 438, 423, 248, 506, 389, 448, 529, 395, 436, 425, 407, 366, 335, 375, 335, 268, 310, 220, 543, 529, 463, 431, 431, 541, 529, 423, 516, 518, 517, 459, 428, 421, 315, 436, 352, 370, 477, 432, 338, 464, 377, 366, 363, 268, 423, 354, 175, 271, 313]
----Iteration 8----
x_MOEAD_NFTS=[29, 36, 327, 374, 327, 374, 560, 561, 567, 599, 93, 157, 177, 330, 177, 93, 241, 203, 362, 309, 241, 374, 330, 346, 343, 473, 560, 473, 586, 390, 362, 308, 330, 270, 132, 320, 203, 283, 223, 374, 248, 248, 379, 377, 315, 315, 394, 399, 461, 419, 486, 541, 477, 525, 545, 565, 579, 619]
y_MOEAD_NFTS=[704, 702, 398, 355, 398, 355, 264, 293, 265, 250, 580, 679, 681, 417, 681, 580, 616, 644, 306, 409, 616, 355, 417, 382, 425, 322, 264, 322, 233, 300, 306, 388, 417, 572, 650, 345, 601, 413, 646, 355, 617, 617, 303, 374, 545, 545, 357, 372, 395, 402, 361, 359, 441, 393, 211, 337, 232, 182]
z_MOEAD_NFTS=[192, 158, 513, 523, 513, 523, 354, 294, 306, 262, 336, 313, 284, 492, 284, 336, 296, 294, 597, 510, 296, 523, 492, 521, 312, 429, 354, 429, 319, 586, 597, 515, 492, 497, 328, 590, 333, 505, 265, 523, 248, 248, 536, 502, 451, 451, 494, 486, 467, 446, 427, 413, 278, 297, 461, 257, 367, 313]
----Iteration 9----
x_MOEAD_NFTS=[371, 378, 421, 473, 378, 376, 387, 463, 305, 336, 276, 353, 417, 403, 509, 497, 376, 379, 434, 482, 414, 414, 458, 543, 301, 307, 227, 338, 324, 301, 301, 324, 414, 315, 372, 482, 504, 543, 508, 550, 542, 538, 550, 553, 279, 338, 352, 355, 273, 260, 139, 182, 342, 390, 292, 260, 394, 348, 379, 324, 324, 488, 398, 394, 486, 474, 423, 510, 457, 543, 471, 543]
y_MOEAD_NFTS=[383, 408, 340, 299, 408, 444, 421, 323, 464, 422, 507, 434, 441, 439, 306, 332, 444, 463, 159, 244, 459, 459, 291, 269, 428, 457, 515, 286, 510, 428, 428, 510, 251, 484, 462, 244, 243, 269, 329, 231, 292, 305, 231, 250, 269, 361, 366, 385, 487, 501, 533, 567, 418, 326, 529, 501, 372, 448, 463, 510, 510, 178, 331, 372, 379, 402, 438, 215, 433, 230, 417, 323]
z_MOEAD_NFTS=[288, 274, 348, 407, 274, 194, 256, 356, 324, 296, 275, 291, 128, 225, 341, 282, 194, 173, 516, 454, 155, 155, 417, 409, 376, 307, 217, 534, 202, 376, 376, 202, 458, 255, 221, 454, 496, 409, 332, 430, 400, 359, 430, 409, 539, 529, 495, 474, 317, 325, 255, 244, 424, 520, 157, 325, 456, 224, 173, 202, 202, 511, 476, 456, 327, 241, 166, 508, 237, 478, 260, 307]
----End of Run----
