----Iteration 0----
1361,1921355;1614,1181500;1431,1831504;1614,1181500;1536,1331512;1536,1331512;1615,271578;1616,701546;1616,701546;1610,1741494;1610,1741494;1625,1601424;1631,611577;1614,1181500;1625,1601424;1643,631487;1650,1121405;1675,621455;1690,781453;1675,621455;
1361,2051337;1613,2031548;1613,2031548;1589,261647;1613,2031548;1622,1671568;1659,951608;1662,1571548;1636,1651521;1727,1181585;1756,931630;
1642,3241646;1749,1831764;1749,1831764;1728,2701682;1729,2851637;1753,3111565;1743,2191803;1844,2591748;1748,3571619;1844,2591748;1844,2591748;1844,2591748;1844,2591748;1828,2601736;1828,2601736;1828,2601736;1844,2591748;1844,2591748;
1923,2901729;1923,2901729;1880,3901750;1880,3901750;1891,3761811;1923,2901729;1923,2901729;2022,2601695;2022,2601695;2057,2131668;
1923,2901729;1923,2901729;1880,3901750;1880,3901750;1891,3761811;1923,2901729;1923,2901729;2057,2131668;1880,3901750;1891,3761811;1848,4031837;1923,2901729;1918,3841704;1918,3841704;1945,3171712;1918,3841704;1912,2871787;1945,3171712;1960,3121724;2033,2761695;2033,2761695;2071,2571648;2057,2131668;2033,2761695;
1662,4401892;1871,4601792;1851,5021765;1871,4601792;1889,4961719;1889,4961719;1906,4031828;1820,4331941;1903,4061848;1920,4631684;1920,4631684;1820,4331941;1967,4021832;1939,4491700;1997,3581818;1997,3581818;1967,4021832;2031,3741805;2042,3511780;2098,2781808;2042,3511780;
1662,4401892;1851,5021765;1820,4331941;1820,4331941;1967,4021832;1997,3581818;1997,3581818;1967,4021832;2031,3741805;2042,3511780;2098,2781808;2042,3511780;1662,4401892;1722,6001819;1768,5901831;1891,4961847;1768,5901831;1891,5551732;1933,4401870;1863,4061878;1849,5171751;1941,5161712;1933,4401870;1932,4461821;1917,4551790;1941,5161712;1967,4021832;1959,4741676;1999,5141637;1994,3761869;1992,4341805;2031,3741805;2022,3901791;2098,2781808;2140,3231777;2129,3701728;2105,3291756;2156,2711771;
1820,4331941;1820,4331941;1967,4021832;1997,3581818;1997,3581818;1967,4021832;2031,3741805;2042,3511780;2098,2781808;2042,3511780;1891,4961847;1891,5551732;1933,4401870;1933,4401870;1932,4461821;1917,4551790;1967,4021832;1959,4741676;1994,3761869;1992,4341805;2031,3741805;2022,3901791;2098,2781808;2140,3231777;2156,2711771;1891,4961847;1807,6291931;1833,6351819;1760,6381721;1884,4321928;1879,4421882;1807,6291931;1857,5931770;1933,4401870;1933,4401870;1858,5241776;2058,3481842;1962,4191915;1958,5451721;2004,5791658;2024,3151845;2009,4471801;2013,5131667;2125,2521845;2081,4621728;2081,4621728;2098,2781808;2140,3741751;2019,4771628;2149,3581765;2140,3231777;2104,4201678;
2004,5791658;2081,4621728;2081,4621728;1831,6501949;1831,6501949;1831,6501949;1831,6501949;1951,4601932;1852,6311956;1842,6391878;1952,6001899;1937,6091868;2012,4501956;1952,6001899;1973,5781735;2061,4241905;2039,5681706;2039,5681706;2006,6221614;2097,4201915;2157,4271886;2079,5391901;2175,4471854;2199,4251828;
1831,6501949;1831,6501949;1831,6501949;1831,6501949;1852,6311956;1952,6001899;1952,6001899;2079,5391901;2175,4471854;2199,4251828;1874,5331951;1831,6101971;1852,6311956;1847,6701931;1847,6701931;1834,6871887;1847,6701931;2036,4612021;2042,4912001;1945,6431930;1945,6431930;1970,5531901;2053,6581881;2045,7081877;2104,6221820;2159,5141945;2097,5581900;2070,6601858;2170,5231927;2129,5441857;2170,5231927;2164,4781943;2170,5231927;2205,4701812;
----Iteration 1----
932,-1811124;497,171049;1128,-239974;897,-1341151;897,-1341151;783,-58577;1253,-4371033;881,-911152;961,-4071037;993,-4591085;1226,-319974;1273,-284938;1249,-208930;933,-157997;1243,-290965;1220,-182970;1200,-6701081;1358,-130717;1198,-78877;1424,-516927;1580,-406651;1587,-333594;1600,-379635;1580,-406651;
897,-1341151;897,-1341151;881,-911152;1580,-406651;1587,-333594;1600,-379635;1580,-406651;803,651307;1340,101709;1214,236847;747,1101263;1329,135724;986,119866;1162,-1501164;1156,11010;1214,236847;1470,-841142;1470,-841142;1353,234676;1353,234676;1489,-811124;1536,-101118;1477,-711122;1489,-811124;1587,-333594;1613,-411589;
803,651307;1214,236847;1329,135724;1214,236847;1353,234676;1353,234676;790,1151301;1144,1401187;1197,161860;790,1151301;1126,1721159;1362,285593;1172,216972;1328,171746;1700,-231318;1662,211389;1362,285593;1656,221395;1688,341282;1662,211389;1660,591385;1690,1201223;1705,771234;
1126,1721159;1662,211389;1656,221395;1662,211389;1660,591385;1168,-2121527;1018,2201477;992,2421376;838,3171453;1241,413993;1261,430982;1180,-2541499;985,2951154;1089,2731073;1137,-1131573;1019,2581166;1212,4391033;1347,407974;1159,-2961533;1124,1051474;1347,407974;1423,341875;1779,1501105;1404,253954;1406,319936;1679,151366;1656,221395;1507,224949;1656,221395;1620,227937;1705,421355;1718,1441339;
1656,221395;1660,591385;1137,-1131573;1656,221395;1656,221395;1718,1441339;1189,-2271552;1058,2361530;1058,2361530;980,3731467;1336,4531144;1195,-1901539;980,3731467;1336,4531144;1360,4311118;1365,4271104;1418,-151494;1277,2411524;1322,2611464;1099,3111336;1273,3551163;1468,4091009;1657,3221102;1632,3901123;1632,3901123;1417,201513;1656,221395;1748,461391;1461,2711249;1657,1491276;1570,2421137;1657,3221102;1658,3701100;1726,191408;1637,3431134;1748,461391;1657,3221102;1822,2141062;1768,731375;1828,1231089;1802,1691186;1822,2141062;1828,1231089;1850,1901027;1828,1231089;
980,3731467;980,3731467;1828,1231089;1828,1231089;1850,1901027;1828,1231089;1360,3131564;1314,3221543;1625,1721592;1632,1031580;1454,4551441;1579,1811571;1768,1851378;1705,4821264;1597,1531621;1708,771499;1822,4721296;1739,-101468;1773,321458;1776,1281417;1824,4391309;1825,4111244;1825,4111244;
1454,4551441;1356,4021528;1454,4551441;1520,4301478;1493,4841425;1710,5251302;1507,2111721;1589,2901637;1496,5071395;1665,2521676;1592,2661712;1673,3611566;1634,5381337;1809,4971299;1790,5441269;1747,2801607;1721,3411614;1727,2831583;1732,4031412;1772,5011342;1727,2831583;1777,2821553;1809,4971299;1834,5471264;1747,2801607;1796,2751532;1772,3061515;1813,4691373;1952,3801266;1906,4781348;1997,3371283;1906,4781348;
1454,4551441;1454,4551441;1493,4841425;1710,5251302;1496,5071395;1592,2661712;1634,5381337;1809,4971299;1790,5441269;1721,3411614;1732,4031412;1772,5011342;1809,4971299;1834,5471264;1772,3061515;1813,4691373;1906,4781348;1906,4781348;1684,2331733;1678,2821709;1456,3181740;1632,3561664;1640,3501675;1294,4251608;1294,4251608;1694,4501586;1454,4551441;1663,5061388;1710,5251302;1694,4501586;1563,4981405;1716,2601699;1716,2601699;1710,5251302;1726,4291537;1855,2901650;1726,4291537;1861,5411298;1951,3031478;1993,3831463;1872,2701670;1989,3701466;1938,4151206;1918,1511544;1936,4511315;2011,4131340;2011,4131340;2006,4091377;1952,2181482;2006,4091377;
1694,4501586;1694,4501586;1726,4291537;1855,2901650;1726,4291537;1951,3031478;1993,3831463;1872,2701670;1989,3701466;1918,1511544;2011,4131340;2011,4131340;2006,4091377;1952,2181482;2006,4091377;1497,4951737;1422,5231710;1415,5491701;1670,6211505;1544,5801608;1717,2471753;1422,5231710;1687,3281750;1695,4371640;1513,4501636;1502,5171695;1792,5661442;1855,6101348;1838,2281680;1839,2611679;1722,3721729;1792,5661442;1794,3571694;1831,5691376;1901,2711631;1852,3711560;1914,5181386;1855,6101348;1942,4861472;1942,4861472;1895,2441660;1917,5461378;1901,2711631;1919,3551518;2107,5001278;2035,3611434;2075,3831390;
1694,4501586;1694,4501586;1726,4291537;1726,4291537;1670,6211505;1695,4371640;1855,6101348;1722,3721729;1794,3571694;1831,5691376;1855,6101348;1895,2441660;1917,5461378;1481,6311717;1624,5791760;1432,5821718;1525,6891678;1640,5781772;1624,5791760;1725,6011388;1855,6101348;1735,3651791;1656,6111657;1855,6101348;1871,2421700;1842,2351715;1872,2751699;1806,5721457;1843,6231369;1872,2751699;1872,2751699;1977,3811578;1799,4051550;1855,6101348;1895,2441660;1941,3931565;1979,5281501;1974,3571657;1980,5311416;2006,3361608;1974,3571657;2134,5321333;2122,5101516;2229,5061444;
----Iteration 2----
562,-881436;446,1011494;401,1121522;486,571279;486,571279;479,641250;479,641250;479,641250;541,-451392;601,-1501509;613,-951436;586,-491419;486,571279;468,1531405;640,-1521501;635,-571432;528,1981;643,-1501384;746,-3551366;869,-1081170;786,-4051232;747,-3641363;735,-801213;669,-3011410;829,-41080;962,-3471029;1169,159836;1594,-3921137;
401,1121522;601,-1501509;640,-1521501;1169,159836;1594,-3921137;479,1751514;640,-1521501;490,761540;640,-1521501;873,-2101364;694,-1381480;524,381296;524,381296;490,1121427;989,-2901347;805,-241425;831,-401473;805,-241425;989,-2901347;873,-2101364;925,-2001199;1152,-35967;885,891170;1594,-3921137;1323,-601008;1594,-3921137;1403,-1521129;1584,-3491185;1564,-3251211;1554,-3021172;
1169,159836;479,1751514;490,761540;1152,-35967;885,891170;1323,-601008;1403,-1521129;481,1301549;484,1731512;484,1731512;478,2371485;502,2041344;565,1781507;700,991512;484,1731512;484,1731512;565,1781507;920,381414;870,381559;870,381559;803,3251300;1110,-1571424;1110,-1571424;1110,-1571424;1110,-1571424;877,-91529;974,2741165;1089,1241092;1040,1071107;1346,-3701541;1071,-1551432;1378,-4251586;1305,-1591543;1213,129826;1080,1441041;1295,-40979;1508,-3471435;1462,-3081474;1743,-2511213;1562,-3311257;1693,-2121233;1693,-2121233;
478,2371485;803,3251300;974,2741165;1378,-4251586;1305,-1591543;1462,-3081474;1743,-2511213;1693,-2121233;1693,-2121233;839,2181494;770,2121513;803,3251300;832,3331256;1159,-1491573;732,921572;823,2901286;1211,-1711675;819,1961543;1188,1941304;1188,1941304;1188,1941304;1378,-4251586;1290,-3661649;1235,-1941662;1239,1361569;1169,1911322;1362,-2591549;1305,-1591543;1504,-651432;1281,1301520;1280,1431304;1467,-941473;1407,-441355;1296,1291305;1421,-511161;1621,-1551462;1528,-1321306;1504,-651432;1646,-2161421;1644,-2021154;1676,-2181282;1702,-2851260;1841,-3001234;
1211,-1711675;1621,-1551462;1702,-2851260;1159,-1731719;997,291668;1270,2761581;779,3531393;782,3661361;1275,-3741701;1109,01668;823,3281348;1096,4131276;1312,2701532;1289,3071548;1545,1781619;1545,1781619;1331,3011499;1456,1891561;1406,2601523;1592,-1621523;1485,1571662;1623,-2041484;1694,1991448;1961,-1271217;1922,-1701255;1961,-1271217;1816,-1031258;1961,-1271217;1961,-1271217;1939,-1851223;
782,3661361;1096,4131276;1289,3071548;1545,1781619;1545,1781619;1331,3011499;1485,1571662;1694,1991448;1283,-1961758;1106,3231681;1436,2931692;1249,3441619;1331,3011499;1332,-3101785;1299,-2391756;1482,2521706;1447,2871724;1200,3601589;1313,-1451746;1455,2951659;1495,2551622;1525,2201592;1515,2221633;1649,-841565;1596,1211617;1545,1781619;1722,1681465;1743,2271438;1744,2181435;1649,-841565;1909,-1171487;1757,1211438;1815,1841308;1829,151337;1955,-871285;2055,-1051262;2008,-1481298;
1694,1991448;1283,-1961758;1332,-3101785;1299,-2391756;1313,-1451746;1649,-841565;1722,1681465;1743,2271438;1744,2181435;1649,-841565;1757,1211438;1815,1841308;2055,-1051262;2008,-1481298;1188,-911761;1489,3271733;1325,4561603;1325,4561603;1552,-1501746;1493,2781745;1535,4091715;1639,2511715;1682,2651508;1775,2551393;1916,171505;1775,2551393;1775,2551393;1696,-2551558;1779,1711408;1815,1841308;1902,-1611515;1854,1821300;1991,-51470;2005,391450;2005,391450;
2055,-1051262;2008,-1481298;1535,4091715;2005,391450;2005,391450;1527,3581765;1494,3721776;1584,4391704;1404,4401726;1320,5591653;1586,3211798;1359,5571645;1667,3371754;1623,4371696;1651,4451637;1511,4511689;1718,4161661;1718,4161661;1651,4451637;1651,4451637;1805,3271613;1767,3811646;1736,4681608;1805,3271613;1825,2851640;1805,3271613;1776,3671608;1888,2501657;1825,2851640;1945,491626;1942,1331581;1982,901594;1982,901594;1936,1621456;1922,1661601;1999,81540;2029,-181229;1982,901594;2015,-571278;
1320,5591653;1359,5571645;1888,2501657;1945,491626;1942,1331581;1982,901594;1982,901594;1936,1621456;1922,1661601;1982,901594;1632,3481819;1619,3761807;1573,3851786;1667,4061774;1573,3851786;1316,5461656;1320,5591653;1344,5881618;1295,5891612;1665,3341808;1573,3851786;1355,5441648;1369,5801617;1682,3691765;1742,5241758;1674,5301678;1887,5221633;1781,3901764;1792,5291720;1904,-791659;1865,1871724;1832,3321702;1804,3601782;1860,3631658;1892,5281632;1961,341644;1888,2501657;2033,1101566;2022,1501441;1916,2411516;2113,321475;2113,321475;2113,321475;
1632,3481819;1619,3761807;1573,3851786;1667,4061774;1573,3851786;1344,5881618;1665,3341808;1573,3851786;1369,5801617;1682,3691765;1742,5241758;1781,3901764;1804,3601782;2022,1501441;1667,4061774;1369,5801617;1345,6231599;1651,3751778;1667,4061774;1713,3641775;1910,5991613;1834,6011560;1888,3721744;1969,5731731;1965,5401741;1965,5401741;1965,5401741;2111,1191653;2069,1151672;1969,5731731;2111,1191653;2190,1061599;2190,1061599;2190,1061599;2230,821556;2190,1061599;
----Iteration 3----
1443,2141066;1297,2271278;1297,2271278;1297,2271278;1323,2131379;1337,1931394;1342,2471262;1177,551475;1390,2591256;1177,551475;1313,-791515;1580,1631020;1351,-631494;1487,-961324;1569,1071198;1519,203975;1543,169992;
1323,2131379;1337,1931394;1177,551475;1177,551475;1313,-791515;1580,1631020;1351,-631494;1487,-961324;1569,1071198;1519,203975;1543,169992;671,-471487;1003,1791450;1326,1791406;1323,2131379;1354,-161376;1351,-131396;1371,2301343;1333,2141364;1505,3101305;1368,-361381;1368,-361381;1481,3571299;1526,-1171336;1486,2791338;1505,3101305;1505,3101305;1571,1281032;1698,1221058;1591,1251095;1724,541024;1724,541024;
1003,1791450;1505,3101305;1481,3571299;1486,2791338;1505,3101305;1505,3101305;1045,-2631769;1151,-1951663;1277,2491344;1151,-1951663;1389,641593;1399,4061317;1330,141614;1549,2391368;1529,3691265;1359,-281611;1401,-241592;1481,3571299;1557,3891229;1558,3591223;1557,3891229;1529,291555;1542,2141407;1584,3681078;1805,1881215;1591,-511442;1591,-511442;1805,1881215;1793,2201200;1805,1881215;1805,1881215;1817,1461187;
1399,4061317;1549,2391368;1529,3691265;1557,3891229;1557,3891229;1529,291555;1542,2141407;1805,1881215;1805,1881215;1793,2201200;1805,1881215;1805,1881215;1817,1461187;980,-1751720;1134,-1031672;1341,81663;1388,1021639;1425,1251596;1345,1261544;1422,3731427;1422,3731427;1168,-2301781;1422,3731427;1449,3921386;1284,4331268;1482,2291488;1516,3661345;1557,3891229;1454,801613;1406,1491534;1508,2771350;1665,3701225;1632,3821168;1548,-451549;1566,1431481;1583,2221347;1576,471493;1773,2931269;1750,721484;1802,2111279;1760,991458;1789,2571238;1802,2111279;1805,1881215;1830,1211184;
1399,4061317;1549,2391368;1557,3891229;1557,3891229;1542,2141407;1422,3731427;1422,3731427;1422,3731427;1449,3921386;1284,4331268;1516,3661345;1557,3891229;1583,2221347;1773,2931269;1789,2571238;1219,-1721856;1280,11751;1422,3731427;1470,3851421;1284,4331268;1280,11751;1517,1521649;1492,3281490;1558,4771056;1480,1291692;1474,1601666;1523,2861451;1557,1981615;1671,3971196;1684,3821298;1537,1391641;1749,3651233;1551,251686;1628,-61558;1805,1601483;1805,1601483;1780,3181230;1825,2421307;1830,1951430;1818,1141524;1825,2421307;1838,2171304;1830,1951430;1845,1011425;
1549,2391368;1542,2141407;1583,2221347;1517,1521649;1480,1291692;1474,1601666;1557,1981615;1684,3821298;1537,1391641;1551,251686;1628,-61558;1805,1601483;1805,1601483;1818,1141524;1255,-1421881;1329,281814;1387,2221800;1429,3471629;1487,3881544;1529,4531538;1429,3471629;1606,6411287;1436,3321634;1329,281814;1430,1571720;1409,1871757;1406,2081725;1551,251686;1481,2661590;1628,5591297;1606,6411287;1663,671540;1588,1951528;1723,241548;1871,2701316;1808,4521255;1807,661536;1829,3581278;1799,771528;1870,2001444;1910,3521269;1869,1791461;1886,1981439;
1480,1291692;1818,1141524;1255,-1421881;1487,3881544;1529,4531538;1606,6411287;1606,6411287;1807,661536;1799,771528;1442,2221850;1410,2681874;1446,3731680;1446,3731680;1421,4231630;1529,4531538;1552,4561488;1589,5891352;1639,6191351;1691,6321298;1406,4071632;1539,4801512;1442,2221850;1441,2631864;1441,2631864;1670,5621415;1644,6091312;1563,831745;1555,2141635;1542,2981619;1539,4801512;1670,5621415;1603,1231706;1605,1991674;1877,5191364;1621,1551661;1621,1551661;1605,1991674;1779,1261634;1939,2771507;1877,5191364;1829,61656;1904,4591375;1916,4051402;
1410,2681874;1446,3731680;1446,3731680;1421,4231630;1552,4561488;1589,5891352;1639,6191351;1691,6321298;1406,4071632;1539,4801512;1441,2631864;1441,2631864;1670,5621415;1563,831745;1539,4801512;1670,5621415;1621,1551661;1621,1551661;1939,2771507;1829,61656;1316,721970;1410,2301913;1370,2691885;1448,2841853;1355,3121907;1344,3731757;1370,3801742;1539,4801512;1670,5621415;1649,6461325;1311,3421822;1380,4071716;1550,4741561;1539,4801512;1465,2151891;1391,2821858;1530,2021903;1729,6001323;1561,1971893;1595,2341710;1618,3511622;1608,2241692;1628,3781596;1948,5041406;1899,5541377;1933,5381403;1605,2051707;1838,3351492;1811,3611450;1829,61656;1798,1711641;1899,5541377;1876,2241633;1906,731595;1916,1211552;
1410,2681874;1446,3731680;1446,3731680;1421,4231630;1589,5891352;1639,6191351;1691,6321298;1406,4071632;1441,2631864;1441,2631864;1563,831745;1621,1551661;1621,1551661;1939,2771507;1829,61656;1316,721970;1448,2841853;1370,3801742;1649,6461325;1380,4071716;1550,4741561;1530,2021903;1729,6001323;1561,1971893;1595,2341710;1618,3511622;1608,2241692;1628,3781596;1948,5041406;1899,5541377;1933,5381403;1605,2051707;1829,61656;1798,1711641;1899,5541377;1876,2241633;1916,1211552;1475,2561937;1395,2731935;1378,3431935;1389,3731861;1351,3571882;1380,4071716;1556,5761545;1595,5711433;1590,6581336;1494,2091967;1422,3511861;1480,3051852;1556,2941742;1677,5871424;1563,831745;1602,1971721;1887,5161421;1602,1971721;1829,61656;1869,1171651;1783,2051638;1926,3831515;1871,-371691;1819,3561517;1893,4691422;1887,5161421;1909,981613;
1621,1551661;1621,1551661;1939,2771507;1561,1971893;1595,2341710;1618,3511622;1608,2241692;1628,3781596;1948,5041406;1899,5541377;1933,5381403;1605,2051707;1899,5541377;1916,1211552;1475,2561937;1378,3431935;1389,3731861;1351,3571882;1494,2091967;1422,3511861;1480,3051852;1556,2941742;1602,1971721;1887,5161421;1602,1971721;1869,1171651;1926,3831515;1871,-371691;1887,5161421;1346,2461985;1420,3001970;1350,3571890;1736,7001358;1425,4711808;1418,5321769;1521,7561591;1736,7001358;1712,7431340;1553,2331931;1553,2331931;1450,3211876;1573,1951867;1389,3331883;1453,4001812;1599,5021580;1694,8261553;1596,1771877;1482,3141784;1632,5231565;1642,1361766;1602,1971721;1576,2701716;1849,6981412;1652,1101734;1871,-371691;1860,2941539;1885,71671;1862,2911602;1841,6421460;1841,6421460;1846,6031526;1846,6621447;1911,2511647;1980,4691454;1975,4761466;1865,5861438;1909,-1011689;1978,4061458;
----Iteration 4----
544,14706;849,-5681203;901,-11190;905,-351132;908,-381112;908,-381112;963,-231068;991,-471033;
565,99728;565,115657;889,-5001249;927,461218;1031,891130;1031,891130;
1124,1701114;1124,1701114;1124,1701114;909,-1861277;1096,1941149;864,1441320;967,-1921299;931,151249;1116,2161100;1091,881222;1071,911198;1149,1581104;1057,2011246;1121,1161142;1149,1581104;1188,1741075;1169,1441081;
864,1441320;936,931334;852,-381421;852,-381421;1170,1401186;946,-1491411;984,-1791336;984,-1791336;1033,-2141322;1059,1421313;1154,2391238;1190,2341172;1125,3061271;1086,1591275;1173,2631185;1160,2561230;1175,2411144;1199,1651101;
986,1151461;986,1151461;1024,1311440;1000,1741422;1024,1311440;1143,731509;1158,401451;1171,-221437;1189,3241373;1315,4391231;1261,4761189;1255,3101397;1361,4391215;1283,4601280;1361,4391215;
1143,731509;1261,4761189;1283,4601280;1005,1331498;1349,4131275;1349,4131275;1245,4621196;1094,1111520;1311,3611369;1369,4491196;1378,3331450;1335,4371297;1425,4471210;1274,3901400;1441,4001225;1382,3461447;1399,3031478;1399,3031478;1407,4411268;1399,3031478;1508,3721306;1508,3721306;
1261,4761189;1283,4601280;1349,4131275;1349,4131275;1245,4621196;1378,3331450;1335,4371297;1425,4471210;1382,3461447;1399,3031478;1399,3031478;1407,4411268;1399,3031478;1508,3721306;1508,3721306;1349,4131275;1270,5121137;1248,4841164;1282,4621150;1315,4071465;1273,4141361;1411,2481552;1309,4591311;1370,711577;1331,3341460;1416,4611248;1415,2611549;1382,3461447;1349,4131275;1464,4051278;1508,3721306;1457,2481536;1464,2691503;1471,4211252;1470,3401339;1602,3991264;1583,4091232;
1335,4371297;1508,3721306;1508,3721306;1315,4071465;1273,4141361;1411,2481552;1309,4591311;1370,711577;1415,2611549;1508,3721306;1457,2481536;1464,2691503;1470,3401339;1602,3991264;1124,1441625;1237,3911486;1220,4151437;1364,4271351;1293,4811226;1370,5481168;1410,3551511;1341,3751620;1411,2481552;1362,2941543;1395,4911220;1437,3091522;1407,3561487;1395,3761467;1469,4661288;1469,4661288;1474,2111516;1486,4291268;1528,4451224;1474,2111516;1608,4261235;1619,3621244;1528,4451224;1526,2581491;1637,3191284;1595,3781297;1648,3581278;
1526,2581491;1336,3521639;1275,3701688;1206,3921753;1412,4951385;1412,4951385;1315,4821636;1424,5691251;1429,3961631;1235,4001709;1396,6781382;1402,6661344;1480,3761544;1385,4191511;1423,6361372;1429,3961631;1438,3821593;1429,3961631;1512,4081499;1423,6361372;1462,2261561;1515,3641506;1600,4911376;1515,3641506;1599,2001543;1537,3961489;1600,4911376;1663,4971311;1724,3311382;1724,3311382;1701,2971403;1676,3761251;
1275,3701688;1206,3921753;1315,4821636;1429,3961631;1235,4001709;1396,6781382;1402,6661344;1423,6361372;1429,3961631;1438,3821593;1429,3961631;1512,4081499;1423,6361372;1599,2001543;1537,3961489;1701,2971403;1347,3411700;1265,3601766;1261,4871696;1310,5031662;1277,5081622;1146,6991575;1190,7281504;1342,6951356;1389,4221663;1389,4221663;1371,4651655;1466,6261413;1469,6541350;1429,3961631;1430,4291630;1443,3721609;1429,3961631;1512,5851427;1490,6201299;1512,5851427;1564,3821570;1589,2031614;1663,4631427;1672,5161408;1659,5401320;1691,3491467;1755,3551387;1742,4011325;1758,3731372;
----Iteration 5----
934,-3261061;796,-441148;924,13686;864,37706;864,37706;563,-221235;316,225851;832,-861156;657,-861159;379,195930;843,132651;860,137643;832,-861156;796,-101015;832,-861156;832,-861156;860,137643;1017,-3531002;1023,-365964;1300,-344840;896,117639;1023,-365964;1102,-6991012;1370,-247784;1459,-329812;1459,-329812;1447,-302776;
796,-441148;563,-221235;832,-861156;860,137643;832,-861156;832,-861156;832,-861156;860,137643;1102,-6991012;1459,-329812;1459,-329812;1447,-302776;786,-971188;524,-301258;605,-181216;701,101167;678,561137;708,461133;678,561137;747,2251081;880,-1161185;825,-891165;902,-161145;902,-161145;872,1281036;834,2941032;851,196657;860,137643;1042,-2581132;1032,1181064;1042,-2581132;1057,-2991089;1640,-4431004;1363,-176787;1365,-202835;1515,-439974;1466,-400959;1397,-203848;1397,-203848;1550,-433954;1550,-433954;1550,-433954;
747,2251081;880,-1161185;902,-161145;902,-161145;834,2941032;727,281324;588,801259;582,1261255;736,1751207;827,2181106;747,2251081;669,298924;802,-161282;837,-201290;894,2261046;855,511150;1068,-3401192;1065,-1221186;1371,2111120;1542,-331969;1573,213933;1573,213933;1596,-44962;1573,213933;1612,219890;1595,-3391008;1645,-4341041;1635,-38919;1635,-38919;1672,-50898;
834,2941032;582,1261255;736,1751207;827,2181106;669,298924;894,2261046;1371,2111120;699,1031259;736,1751207;813,2601124;943,991333;952,-601286;1118,-111194;1384,1701166;1271,2001129;1600,187970;1657,91023;1659,254936;1723,-2471131;1801,-4181160;1707,1851017;1687,272933;1730,-4051113;1740,-181079;
1371,2111120;943,991333;1384,1701166;1271,2001129;1659,254936;1707,1851017;1687,272933;745,1771378;754,2021326;1199,2331251;772,3871144;853,1271453;963,3391144;969,-751430;1199,2331251;1287,302885;1385,1911149;1418,2221105;1593,1671140;1764,-411362;1622,2541008;1747,-181377;1678,921239;1736,249918;1821,-551370;1749,1001214;1748,142946;1748,142946;1872,901073;1936,751340;
1707,1851017;754,2021326;1199,2331251;772,3871144;853,1271453;969,-751430;1199,2331251;1418,2221105;1622,2541008;1678,921239;1736,249918;1749,1001214;1748,142946;1748,142946;1872,901073;1936,751340;1002,1831412;741,1981366;1199,2331251;1200,2541234;788,3861156;969,3761179;1310,2921194;1580,41389;1428,1961208;1500,1951173;1607,1251172;1598,2111143;1725,3251003;1774,-641401;1803,200935;1736,249918;1936,751340;1936,751340;1845,1161036;1946,731370;1969,381386;1985,521325;1985,521325;2007,141335;1990,-291383;
1936,751340;1580,41389;1936,751340;1936,751340;1946,731370;1969,381386;1990,-291383;735,2321527;846,4051356;1046,2991423;1068,4191254;1727,-241421;935,1261594;804,2071528;1090,4691224;1270,1551496;1265,2251345;1775,344990;1772,3991267;1772,3991267;1856,-441435;1990,1301339;1990,1301339;1811,2211195;1801,2391218;1775,344990;1969,381386;1990,1301339;1959,1621313;1969,381386;2044,721295;2022,641372;2022,641372;1983,1311330;
1946,731370;735,2321527;846,4051356;1046,2991423;935,1261594;804,2071528;1090,4691224;1270,1551496;1772,3991267;1772,3991267;1990,1301339;1990,1301339;1811,2211195;1990,1301339;1959,1621313;1983,1311330;1003,391511;787,1781537;1128,3501405;770,2301521;1805,-1451478;1772,3991267;1772,3991267;1747,311443;1657,2641426;1738,4371305;1859,-11437;1657,2641426;1738,4371305;1806,3601254;1792,-1201481;1990,1301339;1759,4451280;1840,3491151;1850,1221374;1845,2021207;1931,3221145;1972,1521303;1931,3221145;2064,1091348;2047,661396;2054,1111318;2054,1111318;2064,1091348;
1046,2991423;935,1261594;1090,4691224;1772,3991267;1772,3991267;1990,1301339;1990,1301339;1990,1301339;1983,1311330;1128,3501405;1805,-1451478;1772,3991267;1772,3991267;1657,2641426;1738,4371305;1657,2641426;1738,4371305;1806,3601254;1792,-1201481;1990,1301339;1759,4451280;1850,1221374;1931,3221145;1931,3221145;2064,1091348;2047,661396;2054,1111318;2054,1111318;2064,1091348;1045,-81588;812,1921570;862,2601522;1128,3501405;1170,4591370;1139,161574;1335,591556;1283,2411548;1581,2961477;1565,2971465;1128,3501405;1772,3991267;1763,4731211;1649,4551241;1803,-1391470;1622,2531459;1772,3991267;1782,4261241;1805,-1451478;1715,1971477;1782,4261241;1782,4261241;1784,2371466;1738,4371305;1821,3761252;1806,3601254;1829,-1181449;1913,1611359;1984,2411274;1841,4341239;1935,3321128;1906,3671091;2044,191419;1992,1251359;1956,1801330;2037,1091444;2028,1751313;2052,1521300;2058,551388;
935,1261594;1657,2641426;1657,2641426;2047,661396;812,1921570;1170,4591370;1283,2411548;1715,1971477;1784,2371466;1841,4341239;2037,1091444;1089,1161558;941,3371531;1520,3651441;1570,3841428;1823,4651312;1718,5071257;941,3371531;1520,3651441;1613,2841536;1795,4471315;1796,4821274;1552,361726;1904,4881181;1811,-581661;1651,2991496;1823,4651312;1836,-161639;1734,3781322;1865,-601691;1954,961597;1879,2521382;1947,4311218;1954,961597;2004,2531346;1918,4731221;1990,531566;1934,4711205;1990,531566;2062,1671395;2066,2001385;2050,391471;2077,1241373;
----Iteration 7----
1014,-2501298;1074,-1661278;853,581264;1113,-1501249;902,31122;901,171238;1068,-1331279;952,741034;1144,-2091219;1113,-1501249;1060,114951;983,-11138;1069,1111030;1297,-1071213;1297,-1071213;
853,581264;1060,-1631360;1079,-2441352;1065,-121342;1065,-121342;1060,1821229;1073,2301184;1080,-551320;1073,2301184;1135,-161289;1105,281303;1158,131252;1226,961223;1220,1261205;1226,961223;1226,961223;1276,491208;1277,601164;1356,-251219;
981,-1551369;1364,2501346;1234,4301329;1234,4301329;1300,3211367;1364,2501346;1364,2501346;1334,2941360;1364,2501346;1364,2501346;1364,2501346;1364,2501346;
1273,4201307;1241,4551290;1246,4331350;1273,4201307;1338,3531369;1402,3151438;1384,3471410;1402,3151438;1425,3001460;1425,3001460;1402,3151438;1402,3151438;1428,2571422;1425,3001460;1425,3001460;
1273,4201307;1241,4551290;1246,4331350;1273,4201307;1402,3151438;1402,3151438;1425,3001460;1425,3001460;1402,3151438;1402,3151438;1425,3001460;1425,3001460;1273,4201307;1273,4201307;1273,4201307;1273,4201307;1270,4211283;1372,4031383;1303,4101303;1372,4031383;1433,1451525;1402,3151438;1340,4071488;1388,1901540;1425,3001460;1372,4031383;1393,3801421;1425,3001460;1407,3321432;1456,2791484;1425,3001460;1456,2791484;
1246,4331350;1307,4701321;1319,3001533;1458,2121577;1458,2121577;1407,4081488;1381,4271455;1407,4081488;1500,3591530;1481,2981568;1423,3611503;1472,3691500;1481,2981568;
1407,4081488;1381,4271455;1407,4081488;1236,5011392;1275,4911370;1226,4991426;1270,5431382;1309,5331360;1351,5191333;1407,4081488;1407,4081488;1407,4081488;1309,5331360;1407,4081488;1609,2431706;1407,4081488;1381,4271455;1444,4251437;1438,4001560;1660,3131675;1645,3881664;1660,3131675;1660,3131675;
1645,3881664;1468,4931661;1602,5951539;1602,5951539;1683,3601739;1612,4291713;1602,5951539;1625,5551505;1656,3861702;1625,5551505;1691,3511712;1715,4181662;1715,4181662;
1683,3601739;1691,3511712;1715,4181662;1715,4181662;1548,2341800;1482,6801483;1592,7141442;1569,7441424;1696,3141780;1681,5751728;1681,5751728;1650,6691502;1683,3601739;1652,6281762;1696,3141780;1773,3141768;1681,5751728;1859,7111481;
1715,4181662;1715,4181662;1548,2341800;1696,3141780;1681,5751728;1681,5751728;1650,6691502;1652,6281762;1696,3141780;1773,3141768;1681,5751728;1859,7111481;1500,6991485;1696,3141780;1648,6351613;1599,7511463;1661,6261653;1620,6591648;1700,3831771;1673,4291781;1690,5611690;1710,6241635;1859,7111481;1859,7111481;1818,3471657;1907,7231475;1853,4671641;1859,4801636;1858,6331487;1907,7231475;1907,7231475;1907,7231475;
----Iteration 6----
1377,81972;1377,109947;1377,109947;1377,81972;1366,37983;810,195906;1362,-311030;1099,-3341046;1156,-3381102;1432,8992;1362,-311030;1382,35976;1460,-351008;1456,49964;1503,-711027;1496,89925;1454,132883;1500,5969;
1503,-711027;1496,89925;1500,5969;1432,811177;1360,1251247;1360,1251247;1396,1351107;1396,246998;1383,891164;1450,341179;1459,1161143;1495,2171044;1450,341179;1496,151160;1491,771165;1491,771165;1495,2171044;1495,2171044;1495,2171044;
1432,811177;1360,1251247;1360,1251247;1450,341179;1450,341179;1496,151160;1491,771165;1491,771165;1378,1891208;1432,811177;1401,3421077;1401,3421077;1401,3421077;1377,-531235;1378,1891208;1401,3421077;1497,3091134;1415,1631164;1512,3251132;1521,2661152;1495,161231;1521,2661152;1497,3091134;1497,3091134;1497,3091134;1521,3061130;1497,3091134;1521,3061130;1532,2321130;1532,2321130;
1360,1251247;1360,1251247;1401,3421077;1401,3421077;1401,3421077;1401,3421077;1497,3091134;1512,3251132;1521,2661152;1521,2661152;1497,3091134;1497,3091134;1497,3091134;1521,3061130;1497,3091134;1521,3061130;1402,-571274;1432,-171258;1401,3421077;1340,344991;1340,344991;1497,3091134;1432,-171258;1401,3421077;1432,-171258;1569,2121227;1480,2441231;1465,3301183;1525,2661150;1546,2331233;1497,3091134;1521,2661152;1566,2471216;1547,2651139;1521,3061130;1521,2661152;1558,2561197;1566,2471216;1566,2471216;
1410,1351377;1521,2921373;1475,3021361;1504,3131336;1533,2911363;1504,3871314;1502,4201323;1533,2911363;1502,4201323;1551,3261310;1552,4331251;1533,2911363;1551,3261310;1589,3341261;1569,3831245;1554,2951308;1617,4281239;1569,3831245;1649,3981236;
1502,4201323;1502,4201323;1552,4331251;1617,4281239;1493,4521388;1493,4521388;1538,3171496;1543,3461492;1502,4201323;1606,4541151;1617,4281239;1693,3431440;1661,4171466;1693,3431440;1710,3141427;1710,3281408;1693,3431440;
1552,4331251;1493,4521388;1493,4521388;1606,4541151;1661,4171466;1444,4261416;1469,4631415;1437,4331465;1555,3701554;1602,4641192;1609,4491065;1606,4541151;1651,3081531;1606,4541151;1606,4541151;1722,4311392;1777,3691520;1777,3691520;1748,4141490;1777,3691520;
1469,4631415;1555,3701554;1602,4641192;1748,4141490;1454,5121404;1454,5121404;1469,4631415;1555,3701554;1565,5091137;1620,4181479;1568,5061117;1769,4461461;1792,3751543;1781,4251442;1715,4581466;1779,4001546;1791,3681561;1781,4251442;1781,4251442;
1748,4141490;1454,5121404;1454,5121404;1565,5091137;1568,5061117;1769,4461461;1792,3751543;1781,4251442;1715,4581466;1779,4001546;1791,3681561;1781,4251442;1781,4251442;1631,3621611;1519,4871581;1415,5141412;1599,3351645;1630,4531483;1408,5481369;1480,5101372;1515,4881400;1640,3151628;1683,4071603;1683,4071603;1699,4781267;1761,4871172;1683,4071603;1668,4211508;1734,4731326;1761,4871172;1791,3681561;1791,3681561;1772,3811601;1777,4651309;1797,4031477;1825,4561281;1840,3951460;1843,3641451;
1748,4141490;1769,4461461;1519,4871581;1761,4871172;1761,4871172;1777,4651309;1825,4561281;1597,2931680;1561,5161468;1573,5721408;1605,3651669;1684,4351630;1587,5711449;1639,5421177;1685,4831628;1740,4911431;1693,4271585;1730,5141392;1693,4271585;1741,4791511;1825,4561281;1868,4091618;1869,4411461;
----Iteration 8----
1236,1151025;1088,2461052;901,499822;927,514787;1088,2461052;1072,3301071;1070,3361063;1164,-4221144;1054,1181492;1217,4271035;1161,1761059;1259,443991;1125,-1751164;1164,-4221144;1291,422942;
901,499822;927,514787;1054,1181492;1259,443991;1125,-1751164;1291,422942;883,3391156;846,3241173;787,3721205;905,448815;927,514787;919,565784;817,3281191;853,578789;817,3281191;1087,3991084;1080,3581140;1057,450709;1056,-1651323;1054,1181492;961,2131261;1268,3851105;1259,443991;1151,-3891239;1117,-2221225;1268,3851105;1252,3941087;1299,1501161;1299,1501161;1321,3171110;1259,443991;1299,1501161;1337,2741131;1266,4301058;1335,3211095;
1054,1181492;853,578789;1054,1181492;673,5871044;1023,361568;1244,574847;1051,-1621665;1149,-1801684;1364,5621377;1364,5621377;1421,5431289;1421,5431289;1421,5431289;
673,5871044;1051,-1621665;1149,-1801684;1364,5621377;1364,5621377;1421,5431289;1421,5431289;1421,5431289;913,645964;1226,598893;1245,629860;1163,-1911651;1364,5621377;1364,5621377;1311,1291630;1377,5551381;1364,5621377;1537,3771469;1537,3771469;1534,4091513;
1051,-1621665;1149,-1801684;1226,598893;1245,629860;1103,6451053;936,6711059;1302,3191549;1289,592849;1351,3161662;1359,2871592;1522,5871517;1591,4371515;1621,3751501;1649,3851422;
1245,629860;1103,6451053;1289,592849;1351,3161662;1522,5871517;944,6821118;1230,6361126;1171,5971300;1409,2061666;1409,1441668;1381,2081752;1389,1791682;1351,3161662;1273,6231027;1522,5871517;1471,2841624;1473,2511615;1522,5871517;1653,4301568;1647,4661607;1639,4921504;1661,4151557;
944,6821118;1381,2081752;1372,1731764;1381,2081752;1392,6231537;1339,2511710;1401,2351736;1347,5911591;1401,1731738;1405,1781694;1347,5911591;1370,6581580;1557,6201581;1504,6341515;1557,6201581;1557,6201581;1571,5771570;1610,5701590;1571,5771570;1571,5771570;1680,5141679;
1557,6201581;1557,6201581;1557,6201581;1610,5701590;1680,5141679;1395,2001798;1427,2451782;1401,2531755;1380,6411619;1399,5551643;1380,6411619;1380,6411619;1380,6411619;1477,7441555;1485,7201491;1537,6851586;1537,6851586;1537,6851586;1606,6351570;1680,5141679;1680,5141679;1606,6351570;1649,6611569;1655,6251530;1696,4911715;
1549,7171717;1546,7341715;1549,7171717;1526,7341839;1540,7701754;1498,7801624;1753,6351698;1593,7141622;1549,7171717;1816,4781867;1786,5221881;1778,5311862;1683,6701758;1741,5511770;1848,4571818;1894,4531733;1759,5991659;1855,4731758;1863,4161775;1894,4531733;1894,4531733;
1526,7341839;1540,7701754;1498,7801624;1592,7281756;1475,7791798;1515,7551755;1494,7981711;1498,7801624;1583,7371819;1685,7271810;1685,7271810;1515,7551755;1685,7271810;1836,6821918;1988,5111824;1966,5491814;2027,5011802;1988,5111824;1966,5491814;2005,4821811;1988,5111824;1988,5111824;
----Iteration 9----
959,381205;1007,1091099;969,-51157;974,-251185;1036,801114;985,-381159;969,731135;993,225888;993,225888;915,-1301355;907,-851374;1114,213995;1044,-781278;1044,-781278;1007,1091099;1031,-1071309;985,-381159;1102,223993;1050,-1811299;1133,1581042;1072,1711002;1049,-1431491;1159,1421090;
1159,1421090;819,1181404;929,811323;841,1221379;931,-2821584;1068,2131275;948,-2761535;1087,1421259;1001,3821065;1052,771517;1101,2901128;1063,-61440;1066,1591309;1122,3351055;1076,231409;1132,241407;1097,321373;1171,2961070;1185,921178;1315,631239;1359,801237;
931,-2821584;948,-2761535;1001,3821065;1052,771517;1063,-61440;1132,241407;948,-2761535;1052,771517;858,1231446;929,1141511;1036,3641199;1063,-61440;1063,-61440;1105,361433;1168,1521374;1223,2631363;1180,1421376;1180,1421376;1223,2631363;1240,2921354;1361,1131287;1337,3431193;1340,1561243;1349,3331195;1365,791307;1352,3051207;
931,-2821584;948,-2761535;1052,771517;948,-2761535;1052,771517;1105,361433;1240,2921354;1337,3431193;1349,3331195;1352,3051207;907,-1701631;840,381544;792,1191506;1011,396950;764,1911494;885,-921578;1164,3461376;1138,3951371;969,-2951542;1048,1171522;1019,1471494;1080,1891489;1285,3591264;1136,2611410;1176,3031383;1334,3741202;1101,761438;1170,1581408;1246,2661398;1170,1581408;1285,3591264;1324,2651404;1309,2741373;1374,2911356;1443,3041353;1445,2881230;
1052,771517;1052,771517;1048,1171522;1080,1891489;1246,2661398;1324,2651404;1309,2741373;1374,2911356;1443,3041353;802,2271458;793,3391556;1047,5961187;950,-1011807;808,1891632;805,221744;793,3391556;836,1711722;1214,5731378;1224,5561417;955,691696;1015,41626;1105,2351452;1245,1551503;1132,1981465;1246,2661398;1209,5841320;1329,4781290;1329,4781290;1248,1371486;1324,2651404;1344,4371247;1248,1371486;1429,2611418;1455,2941355;1535,3401232;1497,3341281;1476,3991165;
950,-1011807;1224,5561417;955,691696;1209,5841320;1429,2611418;962,-1131844;950,-1011807;906,-21860;948,401853;851,1861860;1182,5851358;1182,5851358;948,401853;828,3881674;1259,5231424;1235,5501424;1224,5561417;1191,6201346;1235,5821385;944,3111602;1285,4741429;1104,-1921761;1050,-1291876;1270,5171431;1270,5171431;1164,-1371751;1279,591703;1193,3261566;1403,3571475;1409,5481386;1431,5001343;1401,3631467;1331,2721556;1403,3571475;1593,3951376;1593,3951376;1626,4261332;1603,3921353;1577,4611346;
950,-1011807;950,-1011807;906,-21860;948,401853;851,1861860;948,401853;1259,5231424;1191,6201346;1235,5821385;1104,-1921761;1050,-1291876;1270,5171431;1270,5171431;1164,-1371751;1279,591703;1193,3261566;1409,5481386;1331,2721556;1593,3951376;1593,3951376;1626,4261332;1603,3921353;1577,4611346;1076,-1041848;906,-21860;835,1451887;830,3721712;854,4201619;1089,5851402;1203,6131339;1061,-1321880;939,-321969;1201,6031385;1240,6111362;887,342023;1128,4191680;1275,5781369;1104,-1941842;960,831783;1051,2251728;1251,5721518;1058,2761684;1146,3361631;1306,4511475;1216,-1721737;1227,-2611747;1297,-661640;1442,4951432;1452,5221406;1261,-1031718;1594,2851494;1455,4331488;1319,-1611658;1321,1381565;1489,3811472;1545,4311453;1552,4331356;1363,1181587;1475,3891494;1612,2511478;1626,4261332;1626,4261332;1573,3221441;1602,3681427;
948,401853;948,401853;1259,5231424;1191,6201346;1235,5821385;1050,-1291876;1270,5171431;1270,5171431;1164,-1371751;1193,3261566;1409,5481386;1331,2721556;1593,3951376;1593,3951376;1626,4261332;1603,3921353;1577,4611346;1076,-1041848;835,1451887;1203,6131339;1061,-1321880;939,-321969;1240,6111362;887,342023;1128,4191680;1275,5781369;1051,2251728;1251,5721518;1058,2761684;1146,3361631;1306,4511475;1442,4951432;1452,5221406;1594,2851494;1321,1381565;1545,4311453;1552,4331356;1363,1181587;1475,3891494;1612,2511478;1626,4261332;1626,4261332;1602,3681427;942,-701962;959,-81941;897,2131861;852,1701870;1216,6051511;975,5201726;928,5241692;978,231908;905,3441751;1100,-2191870;1107,-1771863;1139,-1211838;1034,1531818;1298,5061473;1487,5121332;1298,5491423;1107,-1771863;1266,-1401773;1203,-811729;1146,3361631;1440,4771453;1444,5851358;1267,-1651768;1333,1061665;1495,5001417;1545,4311453;1309,1241723;1373,-251598;1505,4351492;1574,3951476;1626,4261332;1597,4591315;1612,2511478;1654,4081341;1642,2491434;
1191,6201346;1235,5821385;1193,3261566;939,-321969;1240,6111362;887,342023;1275,5781369;1251,5721518;942,-701962;959,-81941;897,2131861;1216,6051511;975,5201726;928,5241692;978,231908;1034,1531818;1487,5121332;1444,5851358;1495,5001417;1505,4351492;1654,4081341;904,-431992;866,1761903;941,4161857;975,5201726;928,5241692;1234,6151485;1254,5461518;1302,5991366;1030,-841959;1003,-381948;1077,1431859;1057,4921765;1175,5171705;1405,5771381;1169,-781928;1105,3821791;1310,4831520;1454,1261811;1451,1161837;1451,1161837;1495,4871499;1463,5541478;1591,5771330;1455,1031825;1509,571792;1474,901785;1509,571792;1612,1651717;1531,3701546;1606,4701487;1616,5121322;1635,3211573;1649,4751368;1784,3531455;1779,3681453;1779,3681453;
887,342023;1251,5721518;1216,6051511;904,-431992;866,1761903;1234,6151485;1254,5461518;1175,5171705;1405,5771381;1310,4831520;1454,1261811;1451,1161837;1451,1161837;1495,4871499;1463,5541478;1455,1031825;1612,1651717;1531,3701546;1606,4701487;1635,3211573;1779,3681453;1779,3681453;904,-431992;1094,5391824;1001,5461687;1056,6221565;1140,6801503;1140,6801503;974,-461992;1212,6621462;1226,511935;1222,651985;1245,5511595;1336,5701469;1381,6191440;1409,1221844;1290,4481897;1523,4561687;1447,5761466;1454,1261811;1454,1261811;1320,4041883;1595,7101248;1477,1031816;1541,3241631;1572,5561459;1526,1091815;1686,5681439;1612,1651717;1584,2071732;1631,3751520;1692,6531376;1603,2291689;1692,6531376;1815,2811510;1848,3171476;1765,2621523;1794,3601479;1794,3601479;1815,2811510;
