----Iteration 0----
duplicated=0.0,3.0,1.0,3.0,8.0,7.0,9.0,15.0,2.0,8.0
memory=152.85546875,153.11328125,153.11328125,154.66015625,156.46484375,158.01171875,160.58984375,162.65234375,165.23046875,167.29296875
time=1.40626859664917,1.8242411613464355,1.9042885303497314,2.1429965496063232,2.265094757080078,1.810755968093872,2.2414355278015137,2.143502950668335,3.0671310424804688,3.3494107723236084
----Iteration 1----
duplicated=0.0,4.0,5.0,2.0,5.0,2.0,4.0,3.0,5.0,4.0
memory=153.11328125,153.11328125,153.11328125,154.66015625,156.46484375,158.01171875,160.58984375,162.91015625,165.74609375,167.80859375
time=1.484266996383667,1.786771297454834,1.6059768199920654,2.0543642044067383,2.463456392288208,1.8699626922607422,2.4613826274871826,2.607205629348755,3.6523489952087402,4.22623610496521
----Iteration 2----
duplicated=0.0,5.0,6.0,5.0,4.0,5.0,5.0,4.0,5.0,7.0
memory=169.61328125,169.87109375,170.12890625,170.90234375,171.93359375,173.22265625,173.99609375,175.02734375,176.31640625,178.37890625
time=1.816638469696045,2.2367706298828125,2.3634893894195557,2.832185745239258,2.651963710784912,2.885162353515625,2.752946138381958,3.0261871814727783,3.386049509048462,3.1335091590881348
----Iteration 3----
duplicated=0.0,1.0,1.0,5.0,8.0,8.0,1.0,8.0,10.0,4.0
memory=169.87109375,169.87109375,170.38671875,171.41796875,172.44921875,173.73828125,174.51171875,175.80078125,177.34765625,178.63671875
time=2.2138671875,2.301931619644165,2.5681207180023193,2.786372423171997,2.8586976528167725,3.091848611831665,2.7980239391326904,3.3413543701171875,3.5314207077026367,3.735774278640747
----Iteration 4----
duplicated=0.0,4.0,2.0,2.0,2.0,6.0,8.0,12.0,3.0,8.0
memory=169.87109375,169.87109375,170.38671875,171.41796875,172.70703125,173.73828125,174.76953125,176.05859375,177.60546875,178.63671875
time=2.2560315132141113,2.236738681793213,2.591958522796631,2.659395217895508,2.9338502883911133,2.9682343006134033,3.2302141189575195,3.5769455432891846,3.3138821125030518,4.0169196128845215
----Iteration 5----
duplicated=0.0,5.0,2.0,8.0,1.0,6.0,1.0,9.0,9.0,3.0
memory=178.63671875,178.89453125,178.89453125,178.89453125,179.15234375,179.41015625,179.92578125,181.21484375,182.76171875,184.05078125
time=1.490915060043335,1.8010210990905762,2.0001752376556396,2.471287488937378,3.0900137424468994,2.6743221282958984,2.8980512619018555,2.5348310470581055,3.213763952255249,3.0850510597229004
----Iteration 7----
duplicated=0.0,5.0,5.0,4.0,11.0,4.0,3.0,6.0,6.0,10.0
memory=178.89453125,178.89453125,178.89453125,178.89453125,179.15234375,179.92578125,180.69921875,181.73046875,183.27734375,178.23046875
time=1.6592357158660889,1.9990193843841553,2.3170251846313477,2.873128890991211,2.6571309566497803,2.6356778144836426,2.4256815910339355,2.3764119148254395,2.9246885776519775,4.117208957672119
----Iteration 6----
duplicated=0.0,1.0,5.0,10.0,2.0,5.0,4.0,7.0,2.0,6.0
memory=178.89453125,178.89453125,178.89453125,178.89453125,179.15234375,179.41015625,180.69921875,181.73046875,183.27734375,178.23046875
time=1.6571764945983887,1.93898606300354,2.1631743907928467,3.093590497970581,2.755805015563965,2.7400689125061035,2.6295981407165527,2.765540599822998,2.819767951965332,4.209385871887207
----Iteration 8----
duplicated=0.0,4.0,0.0,7.0,7.0,9.0,12.0,11.0,3.0,11.0
memory=178.23046875,178.23046875,178.23046875,178.23046875,178.484375,178.7421875,179.25390625,180.02734375,181.31640625,182.86328125
time=1.8890793323516846,2.2398922443389893,2.195298910140991,2.1816468238830566,1.9788753986358643,1.6327369213104248,1.9289257526397705,2.7502076625823975,2.7375504970550537,3.1932928562164307
----Iteration 9----
duplicated=0.0,2.0,3.0,5.0,4.0,8.0,4.0,8.0,6.0,8.0
memory=178.23046875,178.23046875,178.23046875,178.23046875,178.484375,178.7421875,179.25390625,180.02734375,181.31640625,182.86328125
time=2.0152130126953125,2.1260879039764404,2.1849164962768555,2.1112616062164307,1.944758415222168,1.666511058807373,2.049126386642456,2.652033567428589,2.7072434425354004,3.0948894023895264
