----Iteration 0----
duplicated=0.0,7.0,5.0,4.0,3.0,4.0,5.0,4.0,11.0,6.0
memory=152.85546875,153.11328125,153.11328125,154.14453125,155.69140625,157.75390625,159.55859375,161.87890625,164.45703125,166.51953125
time=1.4243254661560059,1.6996617317199707,1.5779540538787842,1.9038352966308594,2.1643266677856445,1.91977858543396,2.0242927074432373,2.624253988265991,2.75596022605896,3.272636890411377
----Iteration 1----
duplicated=0.0,7.0,4.0,14.0,3.0,10.0,9.0,3.0,8.0,9.0
memory=153.11328125,153.11328125,153.11328125,154.66015625,156.46484375,158.01171875,160.58984375,162.91015625,165.23046875,167.80859375
time=1.6466171741485596,1.866304874420166,1.659731388092041,2.0140230655670166,2.228764057159424,1.843998908996582,2.545853853225708,2.289555549621582,2.929882764816284,3.8346145153045654
----Iteration 2----
duplicated=1.0,3.0,4.0,9.0,6.0,8.0,7.0,6.0,5.0,12.0
memory=153.11328125,153.11328125,153.11328125,154.66015625,156.46484375,158.01171875,160.58984375,162.91015625,165.23046875,167.80859375
time=1.4683709144592285,1.8102376461029053,1.6341958045959473,2.0437142848968506,2.151707649230957,1.901658058166504,2.637507677078247,2.2041709423065186,3.5663681030273438,3.7435498237609863
----Iteration 3----
duplicated=0.0,2.0,9.0,8.0,3.0,4.0,3.0,7.0,11.0,11.0
memory=169.61328125,169.87109375,170.12890625,170.90234375,171.93359375,173.22265625,173.99609375,175.02734375,176.05859375,178.37890625
time=1.8576817512512207,2.2040627002716064,2.371601104736328,2.5228774547576904,2.669569253921509,3.1986236572265625,2.454911231994629,2.9957435131073,3.523862838745117,3.8583576679229736
----Iteration 4----
duplicated=1.0,6.0,9.0,10.0,10.0,8.0,8.0,8.0,11.0,9.0
memory=169.87109375,169.87109375,170.38671875,171.41796875,172.19140625,173.22265625,174.25390625,175.54296875,176.57421875,178.63671875
time=1.9724946022033691,2.3111956119537354,2.496821165084839,2.750181198120117,2.5395636558532715,3.0333032608032227,2.831428050994873,3.017211437225342,3.284420967102051,4.054150819778442
----Iteration 5----
duplicated=0.0,4.0,9.0,3.0,5.0,8.0,2.0,5.0,3.0,11.0
memory=169.87109375,169.87109375,170.38671875,171.41796875,172.19140625,173.22265625,174.51171875,175.80078125,177.34765625,178.63671875
time=2.0978481769561768,2.421461343765259,2.2125961780548096,2.7787013053894043,2.674367904663086,2.996811866760254,2.928781270980835,3.422032117843628,3.632571220397949,4.537507057189941
----Iteration 6----
duplicated=0.0,6.0,7.0,13.0,3.0,2.0,7.0,3.0,14.0,12.0
memory=178.89453125,178.89453125,178.89453125,178.89453125,179.15234375,179.41015625,179.92578125,181.47265625,182.76171875,184.05078125
time=1.7287657260894775,1.8993184566497803,2.1747868061065674,2.740384578704834,2.564985990524292,2.6658058166503906,2.7148025035858154,2.6424367427825928,2.6358485221862793,3.1091904640197754
----Iteration 7----
duplicated=0.0,3.0,9.0,2.0,9.0,5.0,21.0,11.0,9.0,11.0
memory=178.89453125,178.89453125,178.89453125,178.89453125,179.15234375,179.41015625,180.18359375,181.47265625,182.76171875,181.6015625
time=1.7300598621368408,2.0189247131347656,2.2334046363830566,2.5479133129119873,2.506014585494995,2.7780957221984863,2.634470224380493,2.508356809616089,2.8331961631774902,4.022414207458496
----Iteration 8----
duplicated=0.0,7.0,6.0,9.0,6.0,6.0,7.0,3.0,7.0,8.0
memory=178.23046875,178.23046875,178.23046875,178.23046875,178.23046875,178.484375,178.7421875,179.25390625,180.02734375,181.57421875
time=1.8526480197906494,1.9116294384002686,1.9486708641052246,2.2988228797912598,2.0662524700164795,1.8004095554351807,1.7993443012237549,2.1153998374938965,2.643590211868286,2.848151206970215
----Iteration 9----
duplicated=0.0,2.0,2.0,4.0,2.0,5.0,6.0,6.0,9.0,10.0
memory=178.23046875,178.23046875,178.23046875,178.23046875,178.23046875,178.484375,179.0,179.51171875,180.80078125,182.34765625
time=1.6418993473052979,2.2008445262908936,2.1628315448760986,2.049771308898926,1.9720849990844727,1.6672630310058594,1.7943222522735596,2.523171901702881,2.6251134872436523,3.1427080631256104
