----Iteration 0----
79,81233;73,109221;-160,284224;-17,332143;79,81233;33,172235;224,318196;79,81233;73,109221;79,81233;224,318196;196,323114;231,280217;224,318196;
79,81233;-160,284224;79,81233;33,172235;224,318196;79,81233;79,81233;224,318196;231,280217;224,318196;79,81233;35,137219;-50,357210;137,326188;86,115231;86,115231;224,318196;137,326188;126,353214;224,318196;202,319154;224,318196;202,319154;231,280217;231,280217;294,382136;266,388147;260,302172;302,38181;
224,318196;224,318196;231,280217;224,318196;-50,357210;224,318196;126,353214;224,318196;224,318196;231,280217;231,280217;294,382136;266,388147;302,38181;110,36282;110,36282;-87,344287;-19,350231;-19,350231;156,351201;110,385152;215,155248;203,307213;224,318196;156,351201;156,351201;112,379187;159,256242;265,191231;282,222209;224,318196;276,237197;268,290210;252,312185;265,191231;295,346174;345,157194;257,39369;324,300144;324,300144;375,78149;
126,353214;294,382136;266,388147;302,38181;-87,344287;-19,350231;-19,350231;156,351201;110,385152;156,351201;156,351201;295,346174;345,157194;257,39369;324,300144;324,300144;375,78149;-87,344287;-25,380238;121,382202;75,393177;107,396158;73,336289;145,347209;-25,380238;121,382202;229,25346;133,308249;204,316225;156,351201;156,351201;290,123313;290,123313;190,267263;259,168264;307,192246;335,297241;290,123313;312,306205;324,87271;307,192246;323,164302;324,300144;314,330202;343,284172;345,119239;343,284172;350,275165;
121,382202;121,382202;290,123313;290,123313;190,267263;335,297241;290,123313;199,67396;216,98374;146,157365;-15,354325;8,389278;86,425268;8,389278;13,430195;141,458187;123,468173;229,65383;6,362307;62,332346;95,340315;268,465166;134,322312;108,380265;235,44349;265,432172;252,75327;252,75327;289,238260;313,384191;299,388177;290,123313;342,331239;418,334210;362,371232;345,422174;545,231267;545,231267;546,195305;
86,425268;229,65383;95,340315;268,465166;134,322312;108,380265;265,432172;313,384191;299,388177;362,371232;345,422174;545,231267;545,231267;546,195305;91,9527;68,63491;106,17493;36,149387;106,337365;82,345375;160,483200;160,483200;0,172434;85,462340;212,98485;248,463195;227,99391;183,291364;164,298367;155,410237;265,432172;257,97378;251,389229;343,382178;299,388177;339,110354;339,110354;298,160333;540,255264;545,231267;545,231267;504,338279;504,338279;504,300324;
268,465166;265,432172;362,371232;545,231267;545,231267;546,195305;91,9527;68,63491;106,17493;106,337365;82,345375;160,483200;160,483200;85,462340;212,98485;248,463195;265,432172;251,389229;545,231267;545,231267;504,338279;504,338279;504,300324;68,39538;45,230444;77,405395;68,532319;87,500332;51,202456;114,218452;131,331442;131,410327;100,470306;93,498279;226,482195;171,481274;291,319405;192,337349;186,459273;199,415256;263,352273;268,465166;351,142388;462,323381;462,323381;444,335382;489,381231;504,338279;489,381231;544,303280;504,427214;476,306335;504,300324;488,233384;508,255350;543,301287;530,215341;572,255257;544,265325;
268,465166;362,371232;545,231267;545,231267;546,195305;91,9527;68,63491;212,98485;248,463195;251,389229;545,231267;545,231267;504,338279;504,338279;504,300324;68,39538;68,532319;131,331442;291,319405;199,415256;268,465166;462,323381;462,323381;444,335382;489,381231;504,338279;489,381231;544,303280;504,427214;476,306335;504,300324;488,233384;508,255350;543,301287;530,215341;572,255257;544,265325;198,55502;162,270442;124,527379;193,615286;261,-19521;145,239464;164,339411;240,551202;340,363368;172,479398;240,551202;417,51695;417,51695;240,551202;285,448223;347,458172;474,434221;474,434221;449,283431;435,492149;489,381231;474,437181;469,254387;480,261361;515,345253;508,255350;474,437181;516,271336;528,344239;515,345253;572,293212;
91,9527;504,338279;504,338279;504,300324;68,39538;131,331442;462,323381;462,323381;444,335382;504,338279;544,303280;476,306335;504,300324;488,233384;508,255350;543,301287;572,255257;544,265325;124,527379;193,615286;164,339411;340,363368;172,479398;417,51695;417,51695;449,283431;435,492149;469,254387;508,255350;516,271336;572,293212;254,303444;108,449413;124,527379;124,527379;176,584308;232,616284;290,14525;234,122504;98,531374;165,278490;350,567228;367,598206;367,598206;305,142490;286,183469;316,337431;234,384392;173,571342;456,157477;271,377358;477,444290;456,157477;370,351388;417,51695;475,360322;492,490273;505,264362;516,440247;550,263343;544,354260;528,382194;550,301263;
504,338279;504,338279;504,300324;462,323381;462,323381;444,335382;504,338279;544,303280;504,300324;488,233384;508,255350;543,301287;572,255257;544,265325;124,527379;193,615286;340,363368;172,479398;417,51695;417,51695;449,283431;508,255350;516,271336;572,293212;254,303444;108,449413;124,527379;124,527379;176,584308;232,616284;98,531374;165,278490;367,598206;367,598206;305,142490;316,337431;173,571342;456,157477;477,444290;456,157477;370,351388;417,51695;475,360322;492,490273;505,264362;516,440247;550,263343;544,354260;550,301263;288,206557;262,210552;329,294453;177,349445;160,607317;194,674227;180,533363;193,615286;266,664193;322,136532;108,449413;245,611206;461,105512;186,507391;234,560352;378,595256;317,603191;443,235484;272,388438;492,490273;356,545263;500,106475;446,499248;482,307392;471,482291;500,106475;506,101422;527,14414;517,188361;516,440247;492,490273;542,60397;550,440154;544,392215;
----Iteration 1----
-46,201163;-58,212152;-58,212152;-58,212152;-159,196181;-51,32579;-45,29791;-46,201163;-17,158212;-1,290102;-1,290102;-16,30590;-17,158212;-33,256104;-82,226154;63,193104;-10,171147;144,172114;47,45327;97,-24199;152,32380;63,193104;80,3308;221,25663;337,170143;
-51,32579;-45,29791;-1,290102;-1,290102;-16,30590;-33,256104;152,32380;221,25663;-42,192252;-71,235203;-83,246192;-33,256104;-16,30590;-59,33561;-42,192252;-71,235203;-1,290102;-51,32579;-16,34345;-71,176362;118,160351;156,117315;-42,192252;159,285101;60,29291;156,117315;163,142296;163,142296;202,114257;198,27283;254,29918;198,27283;237,26840;216,113193;268,25064;337,181170;292,18911;257,233168;310,160191;337,181170;376,146120;
152,32380;221,25663;-71,176362;156,117315;159,285101;60,29291;156,117315;163,142296;163,142296;202,114257;198,27283;254,29918;198,27283;268,25064;337,181170;292,18911;257,233168;310,160191;337,181170;-65,148374;-71,176362;-100,219313;-19,356237;-17,272224;-7,37071;-21,40798;-64,43769;-11,42729;154,113340;144,191357;-10,37583;170,80346;11,282185;58,332143;27,359117;186,145291;145,195270;239,31947;239,31947;197,49299;266,58255;274,142217;215,30361;275,3070;262,196239;314,308-2;274,142217;340,185115;354,89231;376,182168;410,139215;
152,32380;221,25663;-71,176362;159,285101;268,25064;337,181170;292,18911;257,233168;337,181170;-65,148374;-71,176362;-100,219313;-19,356237;154,113340;144,191357;170,80346;186,145291;145,195270;239,31947;239,31947;197,49299;215,30361;262,196239;314,308-2;340,185115;376,182168;410,139215;42,84376;-119,235284;-10,240278;-113,287247;-1,344236;20,338234;-67,386236;-5,443163;-37,45477;98,408233;60,69366;26,43635;169,159323;74,230262;20,338234;145,389190;161,39963;205,39727;197,49299;120,405157;232,35726;184,182252;218,30287;259,33834;268,345-21;376,182168;276,33043;372,161260;372,161260;401,93230;376,182168;376,182168;
144,191357;239,31947;239,31947;215,30361;314,308-2;-67,386236;-5,443163;-37,45477;98,408233;26,43635;145,389190;161,39963;205,39727;120,405157;232,35726;218,30287;259,33834;268,345-21;276,33043;15,90475;93,194391;43,311356;16,312342;16,312342;82,378269;111,143416;21,432134;58,301381;46,330335;207,102441;111,143416;131,210340;158,38084;235,188337;179,298153;244,3849;317,220291;288,263242;251,36715;259,33834;307,346-23;373,176380;337,29457;438,215317;438,215317;429,169332;
-67,386236;-5,443163;-37,45477;98,408233;26,43635;145,389190;161,39963;205,39727;120,405157;15,90475;43,311356;16,312342;16,312342;82,378269;21,432134;58,301381;46,330335;207,102441;158,38084;244,3849;288,263242;438,215317;438,215317;-19,163505;23,309385;81,359277;82,378269;53,421220;15,157432;77,268403;98,408233;207,102441;183,42323;114,145442;102,258370;157,315261;244,3955;223,66425;273,283271;280,372-38;346,369185;346,369185;324,254281;461,196401;460,210345;432,239352;413,244382;470,200273;461,196401;
98,408233;205,39727;82,378269;58,301381;438,215317;438,215317;-19,163505;23,309385;81,359277;82,378269;53,421220;77,268403;98,408233;244,3955;461,196401;460,210345;432,239352;470,200273;461,196401;85,235483;58,301381;86,345345;57,409303;95,410259;83,489140;73,208500;58,301381;101,335370;93,155525;88,418257;188,48055;143,296377;274,327366;191,445214;224,4578;425,154475;341,389144;291,358344;439,204459;315,321280;392,360210;351,370212;415,247398;415,285353;471,103478;466,155422;464,224308;
438,215317;438,215317;-19,163505;460,210345;432,239352;85,235483;73,208500;93,155525;188,48055;191,445214;224,4578;291,358344;439,204459;392,360210;351,370212;415,247398;415,285353;471,103478;466,155422;464,224308;33,107570;106,430379;272,339475;136,419393;104,493351;152,50199;224,4578;343,198479;230,378468;284,401350;343,401313;281,318444;306,428293;432,116496;343,198479;366,232476;320,328429;329,381336;342,412238;414,294413;404,205473;389,312362;457,352267;366,385189;446,166480;503,180410;502,203401;
439,204459;471,103478;33,107570;106,430379;272,339475;136,419393;104,493351;230,378468;284,401350;343,401313;281,318444;306,428293;432,116496;320,328429;329,381336;342,412238;414,294413;389,312362;457,352267;446,166480;503,180410;502,203401;9,218562;-39,266543;69,266517;113,352509;129,396470;77,415433;77,415433;56,480381;137,501320;50,138548;473,66517;246,47558;184,525273;210,569117;197,401378;320,416224;253,484244;313,289496;278,367422;306,465178;286,489193;430,264531;299,358402;343,499177;378,355415;497,382239;473,66517;411,387286;351,391172;498,273434;392,398165;457,352267;471,288435;500,242405;504,309277;462,327300;
471,103478;106,430379;272,339475;136,419393;104,493351;230,378468;284,401350;281,318444;432,116496;320,328429;414,294413;446,166480;113,352509;129,396470;56,480381;137,501320;473,66517;184,525273;197,401378;253,484244;313,289496;278,367422;286,489193;430,264531;299,358402;343,499177;378,355415;473,66517;411,387286;498,273434;471,288435;500,242405;504,309277;462,327300;69,213620;250,330486;132,415449;41,434398;78,467373;59,499360;206,512265;187,544252;307,160613;144,307558;152,263534;40,457389;107,512330;160,351519;104,493351;346,519105;242,569202;334,223579;291,251547;325,480307;346,519105;437,89564;250,330486;344,398368;410,509169;359,452276;410,509169;425,291463;360,443327;414,433278;422,346362;472,248473;482,153467;471,364296;573,214442;524,385258;530,361223;
----Iteration 2----
-33,229130;-58,201133;33,90269;72,81288;33,90269;101,13298;101,13298;112,6311;132,75246;249,200197;247,184231;254,199217;
249,200197;247,184231;254,199217;-7,255209;39,142367;105,84395;200,179323;178,217312;200,179323;219,163351;201,209287;201,209287;236,189298;219,163351;340,126219;372,196106;353,139183;353,139183;340,126219;
39,142367;105,84395;200,179323;178,217312;200,179323;372,196106;138,282282;89,295241;105,84395;107,327233;121,53361;232,242295;138,282282;256,249290;251,203319;252,167357;279,192300;263,225266;260,243293;275,254255;361,182278;361,182278;401,194274;415,145263;
80,118435;152,332266;152,332266;109,364211;98,69409;106,61404;142,148383;165,342210;160,324261;215,269256;206,289242;201,308292;179,122396;206,289242;316,247348;311,264230;334,218342;414,210329;358,178379;373,260308;386,230272;425,214321;444,198349;425,214321;
316,247348;414,210329;358,178379;373,260308;425,214321;444,198349;425,214321;161,237538;190,246396;190,246396;145,426244;83,158560;238,334287;186,376265;253,324312;275,345205;350,165463;353,282307;345,206442;314,210399;257,283248;352,326235;350,165463;354,278272;354,255311;352,326235;358,178379;362,270267;372,228363;386,186361;403,248328;430,148365;444,198349;
186,376265;175,231590;223,244560;160,281466;213,301382;213,301382;207,327415;171,469277;160,465285;160,472227;158,340374;122,425314;171,469277;207,327415;156,423294;160,465285;171,469277;323,184510;294,264489;214,265420;356,378260;356,378260;359,194485;354,235464;213,301382;416,335349;321,392233;375,243446;402,369285;348,295397;380,153483;396,202444;416,335349;484,301372;470,350326;
175,231590;223,244560;171,469277;160,465285;160,472227;171,469277;160,465285;171,469277;416,335349;416,335349;484,301372;470,350326;116,247622;96,287597;116,308573;164,260592;164,260592;164,260592;164,260592;203,242589;250,224581;184,262563;298,237551;398,299545;364,316545;405,433463;405,433463;405,433463;391,337524;491,261426;470,350326;434,290436;447,311383;448,351284;491,261426;491,261426;525,251393;481,279379;
484,301372;116,247622;250,224581;398,299545;364,316545;405,433463;405,433463;405,433463;391,337524;491,261426;491,261426;491,261426;525,251393;481,279379;114,331525;250,224581;248,315617;357,481444;224,442475;393,282565;393,282565;398,299545;441,334506;444,434426;444,434426;415,386472;441,334506;447,371428;471,343444;503,223458;570,249405;585,257371;462,369312;499,355338;485,268363;570,249405;
484,301372;116,247622;398,299545;364,316545;405,433463;405,433463;405,433463;391,337524;491,261426;491,261426;491,261426;525,251393;481,279379;248,315617;357,481444;224,442475;393,282565;393,282565;398,299545;441,334506;444,434426;444,434426;415,386472;441,334506;447,371428;471,343444;503,223458;570,249405;499,355338;570,249405;298,434550;364,443465;298,434550;361,462381;313,481473;327,505334;312,236588;393,282565;298,434550;422,366493;405,433463;444,434426;429,477378;398,299545;436,317526;441,334506;405,433463;437,286527;447,371428;447,416399;454,347470;480,335469;536,370328;502,413281;503,223458;570,249405;608,276380;579,337358;597,272388;617,309360;
116,247622;398,299545;364,316545;405,433463;405,433463;405,433463;391,337524;525,251393;248,315617;357,481444;393,282565;393,282565;398,299545;441,334506;444,434426;444,434426;415,386472;441,334506;447,371428;471,343444;570,249405;570,249405;298,434550;364,443465;298,434550;361,462381;313,481473;327,505334;393,282565;298,434550;422,366493;405,433463;444,434426;429,477378;398,299545;436,317526;441,334506;405,433463;447,371428;447,416399;454,347470;480,335469;536,370328;502,413281;570,249405;608,276380;579,337358;597,272388;617,309360;298,434550;279,466537;319,466518;304,509470;404,566316;345,245628;260,456595;279,466537;393,258598;298,434550;405,343506;394,377496;350,474450;404,566316;484,304535;405,433463;429,477378;480,335469;447,416399;523,305498;500,393375;447,416399;502,413281;523,305498;543,239423;617,309360;525,350358;502,413281;602,231409;579,337358;602,231409;617,309360;608,276380;
----Iteration 3----
-43,131190;-43,131190;-82,31918;-61,113202;-82,31918;-211,454-100;-96,34220;-43,131190;-34,276132;-131,37579;-84,33131;-84,33131;-32,271104;19,267184;98,224160;98,224160;127,178130;98,224160;145,166129;325,122-104;325,122-104;
-211,454-100;-131,37579;-9,88237;-89,198215;-207,266219;-166,399-34;-211,454-100;-31,170229;-110,391-26;-86,425-56;-96,37148;8,315146;-7,332198;-60,341146;67,272203;109,233210;177,214198;8,315146;183,186210;177,214198;114,272177;213,264183;50,276153;221,256178;245,249139;216,3293;447,23671;405,27564;
-211,454-100;-166,399-34;-211,454-100;-110,391-26;-86,425-56;-7,332198;177,214198;183,186210;177,214198;213,264183;447,23671;405,27564;20,158254;-138,262241;-195,397-14;-86,425-56;139,236243;136,276234;56,288165;-73,335191;-60,370174;-60,370174;183,186210;183,186210;174,254189;231,261179;212,143259;252,338151;231,261179;252,338151;278,379122;297,347135;342,227124;405,27564;447,23671;476,193120;476,193120;476,193120;
-7,332198;447,23671;405,27564;-138,262241;139,236243;136,276234;212,143259;252,338151;252,338151;278,379122;297,347135;405,27564;447,23671;476,193120;476,193120;476,193120;178,237241;-108,496134;-63,205308;-85,445122;162,216251;207,194290;12,428187;74,420169;229,389183;297,347135;304,34887;304,34887;391,335191;469,159122;420,26589;444,23897;428,26858;457,225107;485,123106;
447,23671;278,379122;447,23671;476,193120;476,193120;476,193120;-108,496134;12,428187;74,420169;229,389183;469,159122;420,26589;428,26858;457,225107;485,123106;275,388211;26,468150;60,469138;-75,487119;244,209317;215,252268;197,289289;275,388211;252,419137;304,267253;206,420109;317,260240;301,368122;275,388211;304,267253;338,360186;415,275174;363,325230;446,264169;407,337226;446,264169;410,319199;560,76116;476,139172;584,2690;521,75153;551,18121;560,76116;551,18121;562,2748;
12,428187;74,420169;244,209317;215,252268;197,289289;252,419137;407,337226;560,76116;560,76116;244,209317;202,248310;162,346282;299,386239;296,404266;299,386239;312,399203;-58,570172;168,470155;81,505143;186,488143;211,48783;373,238268;296,404266;230,448127;207,471118;252,419137;369,395212;388,363225;369,395212;467,183242;495,190228;388,363225;495,190228;514,222181;523,268166;453,336254;497,293145;579,60124;516,234168;588,52149;546,102143;523,268166;514,222181;519,181202;
299,386239;296,404266;299,386239;312,399203;168,470155;81,505143;186,488143;211,48783;296,404266;230,448127;207,471118;369,395212;369,395212;453,336254;579,60124;588,52149;247,247368;228,446254;206,447212;23,511221;-40,608245;247,247368;296,404266;48,515183;-25,559202;7,578183;167,493146;120,518136;399,366336;382,371289;385,381252;346,407193;346,407193;327,412196;427,342259;379,391222;302,435179;511,192263;483,185277;540,354142;569,311191;537,293232;574,270212;557,322180;504,377189;
296,404266;296,404266;453,336254;579,60124;588,52149;228,446254;-40,608245;296,404266;399,366336;302,435179;511,192263;540,354142;569,311191;537,293232;574,270212;557,322180;504,377189;266,231396;281,277379;135,468337;135,468337;110,502345;39,566256;0,598247;38,622201;184,544286;86,574220;430,304340;223,545284;430,304340;361,427234;216,511286;411,394294;322,453175;450,395257;494,258341;518,343223;429,387275;504,377189;504,377189;429,387275;497,240314;533,334238;538,302223;538,354167;531,356187;556,310213;565,314175;
296,404266;296,404266;588,52149;-40,608245;296,404266;399,366336;511,192263;540,354142;569,311191;537,293232;574,270212;504,377189;135,468337;135,468337;110,502345;0,598247;38,622201;184,544286;86,574220;430,304340;223,545284;430,304340;216,511286;411,394294;450,395257;494,258341;518,343223;429,387275;504,377189;504,377189;429,387275;497,240314;533,334238;538,302223;538,354167;531,356187;297,279414;249,475322;173,494329;184,544286;223,545284;140,572272;184,544286;140,572272;39,599210;338,380395;223,479317;223,545284;241,563272;436,276352;376,403366;387,423239;326,457186;243,484174;475,362292;412,443236;376,452236;469,305303;412,443236;497,240314;502,402121;494,258341;509,397118;566,329218;582,262207;
296,404266;296,404266;-40,608245;296,404266;540,354142;569,311191;537,293232;574,270212;504,377189;135,468337;135,468337;110,502345;0,598247;223,545284;216,511286;450,395257;429,387275;504,377189;504,377189;429,387275;533,334238;538,302223;538,354167;531,356187;249,475322;173,494329;223,545284;140,572272;140,572272;338,380395;223,479317;223,545284;241,563272;376,403366;475,362292;412,443236;412,443236;502,402121;509,397118;566,329218;582,262207;305,326435;345,392392;110,502345;195,554302;17,639226;143,586254;153,602225;109,630211;222,452346;191,479327;223,545284;196,585233;223,545284;375,475227;260,486176;261,502162;503,321391;422,394391;412,443236;287,498167;416,425248;540,266396;409,461263;521,353317;486,383269;434,427223;571,237366;480,40379;444,426126;521,386129;540,266396;550,343178;566,329218;569,311191;595,238213;590,279192;
----Iteration 4----
56,336-54;85,293-5;101,28629;82,311-33;-188,353-235;-7,22973;101,28629;129,23260;170,18281;101,28629;101,28629;116,27654;129,23260;154,24856;114,42104;154,24856;154,24856;173,21669;
45,32452;22,383-71;22,383-71;78,335-12;84,424-86;30,3674;84,424-86;73,31841;95,359-24;92,309-6;114,327-11;255,164150;223,173198;230,257138;201,174156;249,119161;255,164150;230,257138;216,30692;
84,424-86;30,3674;84,424-86;95,359-24;70,410-61;28,449-68;93,3669;77,390-84;308,246201;317,312178;308,246201;115,35755;115,35755;291,337157;317,312178;317,350133;317,312178;317,312178;319,263110;319,263110;
84,424-86;84,424-86;70,410-61;28,449-68;77,390-84;203,177240;96,385-40;81,37854;84,424-86;244,127261;194,327205;194,327205;237,361194;194,365160;254,37558;335,360164;278,311215;366,322195;286,373123;366,322195;335,360164;335,360164;353,309231;344,323153;353,309231;335,360164;366,322195;366,322195;
237,361194;194,365160;335,360164;335,360164;335,360164;353,309231;353,309231;335,360164;106,120307;80,145286;167,262249;138,419134;82,479-39;277,136301;237,361194;67,43450;131,43349;191,418160;194,365160;294,393109;346,222252;363,340222;305,390159;294,393109;346,222252;459,332222;
353,309231;353,309231;277,136301;294,393109;363,340222;305,390159;294,393109;459,332222;246,139351;219,144325;236,403212;233,421239;169,427188;117,4823;276,137338;242,180291;148,230300;236,403212;127,4810;242,387235;214,442125;285,214280;242,387235;236,403212;255,411112;363,340222;313,372223;305,390159;290,319267;363,268245;363,340222;337,365201;459,332222;459,332222;447,269230;459,370177;527,243259;527,243259;
246,139351;233,421239;169,427188;117,4823;276,137338;127,4810;242,387235;214,442125;242,387235;256,118357;183,180343;225,228339;242,387235;212,401289;233,421239;214,442125;102,492-22;253,351310;215,383262;217,433157;253,44388;324,369273;324,369273;253,44388;485,440130;514,342288;571,293326;493,396226;518,411215;578,294278;543,299337;578,294278;596,282277;596,282277;
233,421239;169,427188;117,4823;127,4810;256,118357;233,421239;102,492-22;253,351310;217,433157;324,369273;324,369273;485,440130;514,342288;571,293326;543,299337;253,351310;257,415305;211,424280;166,445215;151,455190;214,475166;357,199351;362,366276;233,421239;529,415207;411,462154;529,415207;522,414255;525,241349;571,293326;571,293326;543,299337;531,433127;571,331281;604,301295;545,384173;576,242348;585,317267;611,263316;604,301295;
233,421239;233,421239;324,369273;324,369273;485,440130;257,415305;211,424280;166,445215;151,455190;214,475166;233,421239;411,462154;531,433127;611,263316;286,372354;257,415305;211,424280;196,434255;219,440220;261,498101;278,54787;411,462154;257,415305;437,458159;411,462154;577,367309;557,445123;557,445123;566,223421;606,205391;606,205391;610,312356;641,410197;630,155365;602,417271;611,263316;643,329179;
166,445215;151,455190;411,462154;611,263316;219,440220;278,54787;411,462154;437,458159;411,462154;577,367309;566,223421;606,205391;606,205391;610,312356;641,410197;630,155365;602,417271;611,263316;504,226388;457,269378;220,487183;265,534123;414,291358;339,434362;304,54392;489,218422;366,503125;503,347353;465,421322;418,436213;457,453179;418,474151;597,423237;614,457128;437,458159;538,366346;554,416272;606,205391;541,394277;603,453136;610,312356;587,361319;600,418222;614,457128;679,260237;641,410197;672,365246;658,385208;641,410197;696,315220;
----Iteration 5----
-30,31657;105,179163;78,197140;78,197140;116,108160;116,108160;25,35552;63,3337;116,108160;116,108160;207,262-7;247,24826;131,234130;261,15489;261,15489;278,20375;
247,24826;278,20375;56,135200;50,39833;44,36955;74,145177;32,231170;144,37240;56,135200;11,304200;56,135200;100,229172;195,432-5;182,41931;162,110267;141,244163;140,35087;182,41931;220,386-53;207,373-17;259,112158;283,16296;219,28865;207,373-17;242,367-77;273,322-28;250,66173;275,20125;270,61104;
247,24826;278,20375;195,432-5;182,41931;162,110267;141,244163;182,41931;220,386-53;207,373-17;219,28865;207,373-17;242,367-77;273,322-28;9,214254;146,44278;146,44278;146,44278;71,3274;9,214254;122,447213;156,431-3;178,168240;203,197209;146,44278;260,163253;220,177220;151,40199;195,432-5;195,432-5;167,37348;195,432-5;203,197209;236,33751;376,24710;326,199106;312,125167;361,18280;376,168163;376,24710;376,24710;
146,44278;146,44278;146,44278;122,447213;146,44278;260,163253;376,24710;326,199106;312,125167;361,18280;376,168163;376,24710;376,24710;55,190338;41,175404;7,204325;7,204325;63,381301;63,381301;160,44911;106,403252;69,170376;13,386286;124,346302;175,43087;276,133406;131,144334;207,406102;303,40897;229,211275;181,330243;199,348231;264,40799;218,43437;303,40897;283,134358;283,134358;297,281113;250,163273;326,199106;326,30131;313,29266;311,236101;376,168163;353,283-26;380,258-74;
122,447213;376,24710;376,24710;376,24710;63,381301;63,381301;106,403252;124,346302;303,40897;181,330243;199,348231;264,40799;303,40897;353,283-26;380,258-74;55,404330;66,421252;84,439240;39,446217;-40,50354;142,329346;28,336397;55,404330;40,358347;55,404330;66,421252;243,481107;151,152501;93,257480;79,354304;90,405258;227,437146;220,461127;275,208338;228,251328;205,307311;299,401108;254,42369;287,164428;261,257292;287,164428;398,73306;382,194221;327,39597;400,143254;332,354118;352,34949;353,31389;376,24710;398,73306;
122,447213;63,381301;63,381301;106,403252;124,346302;303,40897;199,348231;303,40897;380,258-74;55,404330;142,329346;28,336397;55,404330;40,358347;55,404330;243,481107;151,152501;93,257480;79,354304;90,405258;275,208338;228,251328;205,307311;299,401108;287,164428;261,257292;287,164428;398,73306;382,194221;327,39597;400,143254;398,73306;151,152501;182,107550;68,269415;124,212529;-25,322398;102,445242;120,463230;-61,553116;-38,278400;79,425262;-23,53171;132,537-14;93,257480;28,336397;44,349344;222,473125;37,382382;224,49779;182,107550;194,111442;261,189407;162,285360;122,376255;140,465201;182,107550;286,108468;287,164428;274,339270;273,462192;295,44398;287,39483;377,91467;342,340258;293,457136;306,391135;295,44398;373,386122;441,43335;403,71333;376,29923;407,86288;
122,447213;106,403252;380,258-74;93,257480;79,354304;90,405258;287,164428;287,164428;382,194221;400,143254;182,107550;124,212529;102,445242;120,463230;-61,553116;79,425262;132,537-14;93,257480;182,107550;261,189407;140,465201;182,107550;286,108468;287,164428;273,462192;287,39483;377,91467;342,340258;373,386122;441,43335;403,71333;376,29923;188,164539;124,212529;93,257480;37,390434;160,345469;15,391392;12,489230;22,551165;182,5321;77,409378;-8,487259;314,499148;79,425262;330,134457;215,238481;209,330377;276,385301;331,530126;377,91467;377,91467;281,149447;236,276423;268,347329;265,388251;278,284380;339,442158;334,483111;325,213391;373,386122;433,23427;497,192184;473,94308;464,184215;514,72219;513,19256;513,19256;
287,164428;287,164428;400,143254;-61,553116;261,189407;287,164428;273,462192;377,91467;342,340258;441,43335;403,71333;37,390434;160,345469;15,391392;22,551165;182,5321;77,409378;-8,487259;314,499148;215,238481;209,330377;276,385301;331,530126;377,91467;377,91467;236,276423;268,347329;265,388251;278,284380;334,483111;325,213391;433,23427;497,192184;473,94308;514,72219;196,221584;157,274540;157,312495;152,353474;37,390434;22,399382;160,465266;145,55364;220,171558;227,164554;208,512249;331,530126;268,184528;184,437346;378,475174;361,122501;239,235443;214,289398;352,479169;356,163480;275,307340;378,475174;353,239365;472,238232;378,475174;377,91467;410,427173;385,51408;390,53398;465,131330;477,188225;526,23266;528,132154;
377,91467;37,390434;160,345469;77,409378;209,330377;331,530126;377,91467;377,91467;497,192184;473,94308;514,72219;196,221584;157,274540;157,312495;152,353474;37,390434;160,465266;220,171558;227,164554;208,512249;331,530126;268,184528;184,437346;378,475174;361,122501;275,307340;378,475174;472,238232;378,475174;377,91467;410,427173;465,131330;477,188225;526,23266;528,132154;196,221584;171,223572;-9,425453;52,465392;41,468342;133,586179;256,525219;219,172559;157,312495;199,346467;229,202531;181,224514;37,390434;133,496288;305,555105;376,210497;174,409362;334,465255;302,513246;342,253450;301,457286;349,518125;307,294505;355,401336;367,471182;376,210497;376,210497;368,289406;457,128445;417,142412;363,515204;407,449177;429,395186;463,221302;467,105357;493,119302;547,129158;429,395186;
37,390434;160,345469;77,409378;209,330377;331,530126;157,274540;157,312495;152,353474;37,390434;208,512249;331,530126;184,437346;378,475174;361,122501;378,475174;378,475174;410,427173;-9,425453;52,465392;41,468342;133,586179;256,525219;157,312495;199,346467;37,390434;133,496288;305,555105;376,210497;174,409362;302,513246;342,253450;349,518125;307,294505;355,401336;376,210497;376,210497;363,515204;407,449177;547,129158;236,223620;231,264599;51,341480;94,372453;-68,469442;256,525219;214,564212;188,267544;173,317483;-22,434423;-11,438415;177,347425;305,406321;322,109530;361,122501;371,251476;287,264579;302,406376;367,474295;361,122501;391,307408;372,396344;378,475174;376,210497;407,444185;472,216441;479,342285;432,443146;464,186491;462,404226;434,437105;489,140443;510,297304;534,247278;510,297304;
----Iteration 6----
-25,203273;-45,50442;-45,50442;-60,547-6;-60,547-6;7,197244;-25,50613;-60,547-6;-17,252228;126,132241;23,45832;-25,50613;87,150244;89,204234;16,447112;104,290209;74,353198;74,353198;126,132241;143,291172;
-25,203273;-45,50442;-45,50442;-60,547-6;-60,547-6;7,197244;-25,50613;-60,547-6;-17,252228;126,132241;23,45832;-25,50613;87,150244;89,204234;16,447112;74,353198;74,353198;126,132241;143,291172;-45,50442;-45,50442;-57,585-44;-62,626-65;-61,430131;-60,49676;-75,53928;-74,596-52;-86,607-63;29,130250;-46,476114;36,164248;-44,596-54;36,164248;-43,5362;-43,5362;17,426131;16,45780;-25,50613;126,132241;23,45832;-9,47376;-12,49557;-25,50613;74,353198;62,44514;14,493-5;106,40760;62,44514;131,284199;111,325225;168,38123;188,269211;207,30238;195,188207;
-45,50442;-45,50442;-60,547-6;-60,547-6;-25,50613;-60,547-6;126,132241;23,45832;-25,50613;87,150244;89,204234;16,447112;74,353198;74,353198;126,132241;143,291172;-45,50442;-45,50442;-62,626-65;-61,430131;-60,49676;-75,53928;-74,596-52;-86,607-63;-46,476114;-44,596-54;-43,5362;-43,5362;17,426131;16,45780;-25,50613;126,132241;23,45832;-9,47376;-12,49557;-25,50613;74,353198;62,44514;14,493-5;106,40760;62,44514;131,284199;111,325225;168,38123;188,269211;207,30238;195,188207;2,184314;36,172367;-11,376234;-33,377192;-16,408170;-68,50149;-60,547-6;36,172367;-25,425188;-46,476114;-27,555-37;-41,609-71;-11,376234;-68,50149;-21,611-100;72,149320;54,237274;-98,518121;-56,586-30;-14,573-79;-11,376234;23,45832;78,489-25;74,177270;75,225229;188,269211;62,43546;108,147236;152,297170;106,40760;109,34088;146,42416;197,31526;170,374-10;214,3464;214,3464;
-45,50442;-45,50442;-60,547-6;-60,547-6;-25,50613;-60,547-6;23,45832;-25,50613;16,447112;74,353198;74,353198;-45,50442;-45,50442;-62,626-65;-60,49676;-75,53928;-74,596-52;-86,607-63;-46,476114;-44,596-54;-43,5362;-43,5362;16,45780;-25,50613;23,45832;-9,47376;-12,49557;-25,50613;74,353198;62,44514;14,493-5;106,40760;62,44514;188,269211;36,172367;-68,50149;-60,547-6;36,172367;-46,476114;-27,555-37;-41,609-71;-68,50149;-21,611-100;-98,518121;-56,586-30;-14,573-79;23,45832;78,489-25;188,269211;62,43546;106,40760;146,42416;-82,459144;-46,476114;-43,5362;-25,653-110;-49,449169;-60,49676;-35,581-59;77,122388;35,390275;-89,50685;124,79398;-32,424236;23,583-86;124,79398;119,248331;161,334234;21,442221;11,627-111;184,325311;117,490-62;148,279320;161,399161;169,259317;176,342200;208,246299;214,366181;207,38795;
16,447112;74,353198;74,353198;-62,626-65;-46,476114;74,353198;188,269211;-46,476114;-98,518121;188,269211;-82,459144;-46,476114;-49,449169;35,390275;-32,424236;119,248331;161,334234;21,442221;11,627-111;184,325311;148,279320;161,399161;169,259317;176,342200;208,246299;214,366181;3,283443;-38,333422;-50,390326;-43,391278;-106,483228;-130,533165;52,619-17;-54,289461;-43,391278;-6,656-94;-43,391278;-5,57280;182,197461;-2,342361;-43,391278;-43,391278;110,593-44;55,599-97;137,329282;87,5782;102,326354;230,50887;188,173426;182,197461;161,399161;184,325311;333,397156;
-98,518121;35,390275;21,442221;184,325311;-106,483228;-130,533165;52,619-17;-6,656-94;-5,57280;182,197461;110,593-44;87,5782;102,326354;230,50887;188,173426;182,197461;184,325311;333,397156;82,233537;65,307468;-163,476236;-103,543116;-61,59071;-5,57280;-16,62619;79,368435;25,415353;-115,487210;216,154508;216,154508;99,264515;90,591-15;-3,468292;136,56543;107,650-74;221,281344;79,368435;66,417208;147,542-120;182,197461;171,286329;118,380244;230,50887;246,80447;276,257377;289,437172;275,486126;276,257377;268,485174;344,373276;332,301319;322,374234;349,332297;
-130,533165;52,619-17;182,197461;110,593-44;230,50887;182,197461;333,397156;82,233537;65,307468;-61,59071;-16,62619;79,368435;99,264515;90,591-15;-3,468292;136,56543;107,650-74;79,368435;182,197461;230,50887;289,437172;275,486126;268,485174;344,373276;82,233537;48,276490;65,307468;79,368435;65,417389;-89,519300;-89,519300;-140,528212;-44,560158;-88,59272;-57,666-28;64,330459;11,669-38;58,360453;104,58087;265,164525;65,417389;-3,468292;142,609-55;145,247518;118,369398;82,448367;69,54492;178,586-102;217,367443;118,369398;211,491119;178,586-102;265,164525;267,143496;392,320381;282,436220;377,312415;406,370365;332,394388;
52,619-17;65,307468;-16,62619;99,264515;107,650-74;275,486126;268,485174;65,307468;-89,519300;-89,519300;-57,666-28;11,669-38;104,58087;142,609-55;145,247518;377,312415;97,286507;-44,497339;-19,622105;-100,515308;172,224506;142,609-55;131,243554;266,377460;191,596-14;298,173565;361,297468;275,486126;205,57624;348,168580;340,450407;252,571278;280,54350;357,380436;401,468380;387,271451;448,425390;411,260427;431,439366;446,447332;
107,650-74;11,669-38;104,58087;142,609-55;-19,622105;142,609-55;266,377460;191,596-14;298,173565;361,297468;348,168580;340,450407;252,571278;280,54350;357,380436;401,468380;387,271451;448,425390;411,260427;431,439366;446,447332;120,209616;130,295547;227,376497;266,377460;-13,6761;-17,578155;-6,62960;131,357533;110,624-11;176,639-62;348,168580;214,247609;189,506408;239,546335;205,579115;257,223544;247,429468;357,134576;337,346543;357,380436;354,500391;399,362417;354,500391;407,475369;426,290421;
107,650-74;11,669-38;142,609-55;-19,622105;142,609-55;191,596-14;348,168580;340,450407;252,571278;357,380436;401,468380;387,271451;448,425390;411,260427;431,439366;446,447332;120,209616;130,295547;-13,6761;-6,62960;131,357533;110,624-11;176,639-62;348,168580;214,247609;189,506408;239,546335;205,579115;247,429468;357,134576;337,346543;357,380436;354,500391;399,362417;354,500391;407,475369;426,290421;162,218613;130,295547;131,357533;76,456466;137,459458;172,475430;194,540369;-82,580253;29,66250;199,193611;88,387504;189,506408;65,589173;36,66342;302,56607;214,247609;93,487444;349,230566;307,398498;168,605167;337,346543;371,531369;216,57374;246,455410;354,500391;374,502362;367,283554;355,477400;376,519227;384,314532;334,558220;374,502362;384,314532;434,476349;407,475369;512,371268;518,398250;
----Iteration 7----
-268,322174;-244,34071;-89,32272;-89,32272;-130,37251;105,2410;154,50150;142,175161;76,315131;138,218156;137,240178;137,240178;142,21687;137,240178;98,253196;191,178105;138,218156;215,10762;183,122106;209,13550;
98,376210;98,376210;129,409150;140,316333;173,381164;140,316333;141,293342;183,338284;167,374300;144,293337;187,315288;294,287272;337,257301;
129,409150;141,293342;167,374300;-46,414237;92,42987;32,450142;66,370370;98,355326;109,397188;141,293342;192,406177;145,270346;145,270346;202,363297;109,397188;202,363297;203,340306;202,363297;181,326337;188,383259;313,312285;269,340271;327,296312;313,312285;370,266341;327,296312;377,259337;
129,409150;167,374300;-46,414237;66,370370;98,355326;109,397188;192,406177;202,363297;109,397188;202,363297;202,363297;377,259337;-32,356439;-32,356439;-71,355441;2,393416;124,480170;149,341381;153,385248;222,43572;208,383267;160,457123;203,355321;288,346325;356,329378;302,330352;375,313406;356,329378;375,313406;375,313406;
377,259337;-32,356439;-32,356439;-71,355441;2,393416;356,329378;375,313406;356,329378;375,313406;375,313406;2,393416;-32,356439;77,396412;147,317427;44,354423;147,317427;313,398355;297,416352;268,477357;236,492401;375,313406;284,441341;375,313406;317,413310;369,342342;296,401353;356,329378;322,372331;342,379270;296,401353;376,336317;322,372331;381,283330;376,336317;429,221328;429,221328;
2,393416;375,313406;375,313406;375,313406;2,393416;77,396412;44,354423;268,477357;236,492401;375,313406;375,313406;376,336317;376,336317;429,221328;429,221328;-7,383455;77,396412;236,492401;236,492401;131,353443;21,377444;378,291425;131,353443;236,492401;360,303426;360,303426;319,353405;328,318470;306,455411;280,476340;325,487318;363,459320;363,459320;337,402379;378,291425;369,341394;356,425322;356,425322;370,354385;363,459320;400,267358;378,291425;376,336317;375,372279;440,213401;395,320345;418,224278;436,214302;
375,313406;375,313406;375,313406;236,492401;375,313406;375,313406;236,492401;236,492401;378,291425;236,492401;360,303426;360,303426;319,353405;328,318470;306,455411;280,476340;363,459320;363,459320;337,402379;378,291425;369,341394;370,354385;363,459320;378,291425;395,320345;52,367474;137,453437;255,476429;277,538378;347,495336;360,303426;360,303426;191,452463;337,402379;260,464386;366,298453;350,334408;330,368381;363,459320;402,460283;410,291415;382,443348;453,266402;446,358323;479,195398;528,225352;490,253350;517,228302;
378,291425;328,318470;363,459320;363,459320;378,291425;363,459320;378,291425;255,476429;277,538378;347,495336;191,452463;366,298453;363,459320;402,460283;410,291415;453,266402;446,358323;528,225352;490,253350;517,228302;136,450485;104,467482;113,486453;157,458467;277,499410;277,538378;165,563365;185,565336;192,371487;270,553289;369,318436;283,471422;393,446407;337,470448;341,494369;329,507337;384,364419;401,455394;453,266402;410,385380;421,411375;402,460283;409,461235;363,496254;414,377377;448,307381;492,248399;453,359275;402,460283;457,412267;
378,291425;378,291425;378,291425;277,538378;191,452463;366,298453;410,291415;453,266402;446,358323;528,225352;490,253350;517,228302;104,467482;157,458467;277,499410;277,538378;165,563365;185,565336;270,553289;369,318436;393,446407;337,470448;341,494369;329,507337;384,364419;401,455394;453,266402;410,385380;421,411375;363,496254;414,377377;448,307381;492,248399;457,412267;312,400520;178,454529;160,527463;178,515462;142,534424;183,527438;239,560423;221,566248;268,428506;249,544389;328,364504;328,364504;337,470448;178,454529;283,510390;291,535335;277,538378;328,364504;395,493395;328,364504;331,498436;376,371425;393,446407;352,499204;413,256426;431,244425;415,495366;435,493335;428,355375;435,493335;446,486268;493,225408;471,266338;461,370277;482,316310;493,389220;
191,452463;528,225352;104,467482;157,458467;165,563365;185,565336;270,553289;393,446407;337,470448;384,364419;401,455394;410,385380;448,307381;312,400520;178,454529;160,527463;178,515462;142,534424;183,527438;239,560423;221,566248;268,428506;249,544389;337,470448;178,454529;395,493395;331,498436;376,371425;393,446407;415,495366;435,493335;428,355375;435,493335;446,486268;482,316310;493,389220;222,426543;178,454529;160,527463;107,585431;107,585431;279,320541;178,454529;239,560423;379,340516;371,386518;280,417517;309,476459;345,503428;303,542421;324,552315;331,498436;371,523352;333,531370;383,348477;353,434432;396,511338;499,266464;427,484377;415,495366;454,477363;446,486268;454,302423;471,429354;479,411175;522,270271;544,269313;
----Iteration 8----
40,37086;-77,345129;2,560-4;54,48344;54,48344;46,338188;54,48344;117,194147;109,331124;149,131147;172,128182;
2,560-4;54,48344;54,48344;54,48344;172,128182;-43,577-34;113,42864;54,48344;16,51142;116,379343;152,328301;74,46246;47,53237;51,46464;54,48344;142,354364;148,388292;148,388292;122,413271;
-43,577-34;113,42864;47,53237;122,413271;62,47992;-40,414389;45,422358;45,422358;47,53237;-43,577-34;-11,541242;20,541130;6,56192;91,413383;40,463337;77,54725;153,394370;45,422358;78,52549;141,397279;167,372300;178,369350;167,372300;
-40,414389;-11,541242;91,413383;40,463337;153,394370;178,369350;14,467332;14,467332;-11,541242;-11,541242;-19,595132;91,413383;-78,623157;86,454362;153,394370;86,454362;15,515225;34,583222;150,458320;86,454362;150,458320;123,584205;130,585157;198,353399;178,369350;188,436275;150,458320;150,458320;207,420303;
-40,414389;-11,541242;91,413383;153,394370;178,369350;-11,541242;-11,541242;-19,595132;91,413383;153,394370;34,583222;150,458320;150,458320;123,584205;130,585157;198,353399;178,369350;188,436275;150,458320;150,458320;-39,391398;-130,405390;-142,416379;36,498252;-49,569240;-49,569240;-61,626176;82,367398;45,384403;-40,634158;-40,634158;37,594167;105,357388;125,492360;70,515233;123,584205;193,306419;149,442334;144,476368;174,574176;174,574176;288,407324;227,431308;262,411319;327,408287;308,376300;327,408287;
-40,414389;91,413383;91,413383;123,584205;130,585157;198,353399;-39,391398;-130,405390;82,367398;45,384403;37,594167;105,357388;125,492360;123,584205;144,476368;174,574176;174,574176;288,407324;227,431308;262,411319;327,408287;308,376300;327,408287;83,421388;122,539327;-7,608254;35,627251;-1,642182;83,421388;136,490373;122,539327;125,577183;164,465367;155,474381;269,334439;197,449313;220,539157;211,391371;198,461282;288,407324;262,411319;220,539157;327,408287;239,420283;220,539157;332,367308;323,321323;332,367308;
123,584205;130,585157;123,584205;174,574176;174,574176;227,431308;327,408287;308,376300;327,408287;-7,608254;35,627251;-1,642182;125,577183;269,334439;220,539157;220,539157;327,408287;220,539157;332,367308;332,367308;34,591304;41,661179;132,394466;127,473400;84,567325;74,587308;55,634190;291,333481;227,316573;127,473400;169,548339;110,591117;220,507392;291,333481;220,539157;247,361467;333,315447;289,430332;302,450148;366,330382;392,357296;435,305383;353,356333;415,303412;435,305383;
174,574176;174,574176;327,408287;327,408287;220,539157;220,539157;327,408287;220,539157;34,591304;41,661179;127,473400;84,567325;74,587308;227,316573;127,473400;169,548339;220,507392;220,539157;302,450148;392,357296;435,305383;353,356333;415,303412;435,305383;103,432407;189,471397;84,567325;76,659255;29,704192;100,418437;84,567325;36,702158;194,336535;228,293582;327,398513;189,471397;76,659255;131,605222;76,659255;194,430418;194,513330;176,573224;374,355523;234,424382;272,503335;219,572207;176,573224;270,534172;327,398513;298,499340;270,534172;374,355523;343,384443;299,488142;455,283445;455,283445;474,306346;560,264354;561,293294;567,265306;599,250262;
127,473400;227,316573;127,473400;169,548339;392,357296;353,356333;29,704192;36,702158;194,336535;327,398513;194,513330;374,355523;270,534172;327,398513;298,499340;270,534172;374,355523;343,384443;299,488142;455,283445;455,283445;474,306346;560,264354;561,293294;567,265306;599,250262;222,330524;149,549352;93,580336;157,679313;177,681284;330,417492;296,460445;282,509399;177,681284;93,580336;241,616296;203,644294;362,306597;309,409510;179,552313;241,616296;374,355523;330,417492;270,534172;397,339467;346,382521;314,471342;299,488142;270,534172;475,285416;452,326395;397,339467;343,425312;429,350415;507,216380;473,322429;560,264354;473,322429;526,307307;586,233319;
29,704192;36,702158;327,398513;374,355523;327,398513;374,355523;560,264354;561,293294;567,265306;599,250262;93,580336;157,679313;177,681284;330,417492;177,681284;93,580336;241,616296;203,644294;362,306597;309,409510;241,616296;374,355523;330,417492;346,382521;343,425312;473,322429;560,264354;473,322429;586,233319;390,300586;362,306597;308,388515;330,417492;270,572497;132,650328;320,345590;203,601333;283,413505;223,646265;374,355523;248,617248;248,617248;379,303536;377,374502;315,545451;315,545451;394,357494;399,372486;461,395467;419,402446;486,361427;541,359413;477,441278;525,393297;545,211461;565,337257;579,232367;619,182313;
----Iteration 9----
26,348-64;75,27985;10,28378;82,30767;58,33263;81,30574;119,28329;133,190165;156,344-11;156,344-11;155,215128;157,30827;157,30827;222,197130;251,165163;254,196149;255,83178;
26,348-64;58,33263;156,344-11;156,344-11;-25,371-2;221,187288;204,202377;204,202377;212,194372;241,326257;273,273229;288,319212;
156,344-11;156,344-11;-25,371-2;204,202377;204,202377;212,194372;241,326257;273,273229;288,319212;180,343102;145,36238;145,36238;194,226326;204,202377;180,343102;212,194372;212,194372;212,194372;268,223301;235,315324;235,315324;291,276223;291,276223;306,322206;317,326198;300,208257;302,280215;308,281211;
204,202377;204,202377;241,326257;204,202377;268,223301;235,315324;235,315324;317,326198;300,208257;204,202377;98,382171;41,50717;192,349188;192,349188;69,46377;69,46377;87,48165;303,136476;203,271355;192,267363;63,338251;125,456127;266,199391;189,310352;195,368167;303,136476;340,158411;268,223301;340,196366;299,321254;317,326198;310,325246;270,339213;317,326198;351,288237;340,158411;
41,50717;125,456127;189,310352;281,145488;22,450206;162,449182;136,453177;107,496128;107,496128;121,463152;353,423182;306,249440;181,301370;342,426132;371,383288;421,378303;378,408274;377,197485;421,378303;421,340348;461,220427;473,299407;476,281380;
125,456127;281,145488;107,496128;107,496128;121,463152;306,249440;181,301370;371,383288;421,378303;378,408274;377,197485;421,378303;421,340348;461,220427;473,299407;476,281380;107,496128;95,52582;243,263409;286,247469;298,453277;327,376311;286,247469;377,197485;371,345333;378,408274;376,444194;332,219446;416,184467;387,421256;453,142479;421,378303;463,323356;512,264351;512,264351;
306,249440;371,383288;421,378303;378,408274;377,197485;421,378303;421,340348;461,220427;473,299407;476,281380;95,52582;286,247469;327,376311;286,247469;377,197485;371,345333;378,408274;376,444194;332,219446;416,184467;387,421256;421,378303;463,323356;512,264351;512,264351;160,362353;208,409336;288,300443;259,471280;288,300443;275,333393;305,464324;402,209436;347,265429;371,345333;336,422296;276,507275;402,209436;353,434291;417,441128;461,157487;456,255416;403,439225;427,389199;473,146498;469,165435;509,306341;498,309291;512,264351;497,332282;
306,249440;371,383288;421,378303;378,408274;377,197485;421,378303;421,340348;473,299407;476,281380;95,52582;327,376311;377,197485;371,345333;378,408274;376,444194;416,184467;387,421256;421,378303;463,323356;160,362353;208,409336;288,300443;259,471280;288,300443;305,464324;347,265429;371,345333;336,422296;276,507275;353,434291;417,441128;461,157487;403,439225;427,389199;509,306341;498,309291;497,332282;312,209514;333,217496;300,277521;300,277521;91,382369;208,409336;259,471280;71,533110;316,241505;102,386361;169,427339;259,471280;257,345394;307,340409;259,471280;392,243468;376,444194;379,463173;434,159516;482,244454;414,459155;414,459155;474,153499;449,336299;410,402221;458,291417;430,408178;464,352244;520,293358;521,270367;543,269409;
371,383288;421,378303;378,408274;421,378303;421,340348;473,299407;95,52582;327,376311;371,345333;378,408274;376,444194;387,421256;421,378303;463,323356;259,471280;305,464324;347,265429;371,345333;336,422296;276,507275;353,434291;417,441128;403,439225;427,389199;509,306341;497,332282;259,471280;71,533110;259,471280;257,345394;307,340409;259,471280;376,444194;379,463173;434,159516;482,244454;414,459155;414,459155;474,153499;449,336299;410,402221;458,291417;464,352244;543,269409;272,331477;301,428376;307,457307;227,515217;338,286534;304,319512;324,510202;301,428376;301,428376;324,510202;414,251458;307,340409;325,378350;315,484255;372,462221;474,153499;390,311411;354,362307;434,414185;482,244454;504,243496;543,269409;463,375235;434,414185;508,329332;550,231430;542,292400;538,305359;550,231430;553,250409;
371,383288;378,408274;421,340348;473,299407;378,408274;376,444194;387,421256;463,323356;305,464324;336,422296;276,507275;353,434291;417,441128;403,439225;509,306341;497,332282;376,444194;379,463173;434,159516;482,244454;414,459155;414,459155;458,291417;543,269409;301,428376;307,457307;227,515217;338,286534;324,510202;301,428376;301,428376;324,510202;414,251458;315,484255;372,462221;482,244454;504,243496;543,269409;508,329332;550,231430;542,292400;538,305359;550,231430;553,250409;279,269539;338,361529;352,366495;355,385474;273,487317;260,501325;139,533255;182,567244;342,418424;390,326520;292,529157;260,501325;394,372456;348,448224;379,463173;324,510202;324,510202;488,178511;398,331476;394,372456;486,379327;474,402241;423,438166;510,215508;457,433237;543,230478;471,417260;543,323307;
