----Iteration 1----
-94,220607;-133,222609;-214,478456;-234,511502;-63,284552;-63,284552;-72,300566;-131,442545;-72,300566;-52,378509;-81,396489;-110,439518;-81,396489;-72,300566;-5,289518;49,363433;50,383402;
49,363433;50,383402;-132,601633;-132,601633;-95,552683;-85,578647;-85,578647;-124,586662;-125,598633;-85,578647;-37,372678;-78,570611;-78,570611;-85,578647;-48,516560;-48,516560;-48,516560;-37,372678;15,310637;-35,469586;-65,532586;16,330606;16,330606;-8,342526;3,425471;
-132,601633;-132,601633;-95,552683;-85,578647;-85,578647;-124,586662;-125,598633;-85,578647;-78,570611;-78,570611;-85,578647;-173,560684;-214,595686;-173,560684;-132,601633;-169,685621;-191,746601;-147,756552;-173,560684;-124,586662;-147,744614;-147,744614;-134,739585;-107,722572;-112,747572;-106,558656;-134,739585;-130,671605;-107,722572;-77,429788;-107,722572;-77,429788;-43,566628;-91,649541;-81,675505;-81,675505;-81,675505;-70,642549;72,427756;-23,533453;-63,603544;37,512787;37,512787;61,489683;87,451621;
-169,685621;-147,756552;-147,744614;-147,744614;-134,739585;-112,747572;-134,739585;-130,671605;-235,663747;-174,664655;-203,752649;-172,767629;-172,767629;-187,697645;-203,752649;-112,747572;-147,744614;-103,723597;-77,712591;-77,712591;6,587881;-51,665524;6,587881;146,655860;
-147,744614;-147,744614;-203,752649;-172,767629;-172,767629;-203,752649;-147,744614;-77,712591;-77,712591;-159,750662;-259,733722;-109,730693;-90,782599;139,674942;139,674942;163,696863;163,696863;135,646971;163,696863;155,711834;155,711834;139,674942;140,651939;204,671798;210,656803;262,605730;262,605730;269,608683;217,666769;
-172,767629;-172,767629;-77,712591;-77,712591;-259,733722;-109,730693;-90,782599;163,696863;163,696863;135,646971;163,696863;155,711834;155,711834;269,608683;217,666769;-103,758683;-139,771611;160,703956;188,634961;188,634961;177,692958;163,696863;196,625919;214,596912;207,648870;163,696863;216,701818;268,610867;245,664812;276,601825;300,575700;
-90,782599;216,701818;-143,791650;-117,799612;184,711984;184,711984;-4,776761;176,740848;348,665884;234,683958;184,711984;296,6631001;328,665942;331,694926;340,661969;372,646924;409,611932;428,596873;441,579906;409,611932;
184,711984;184,711984;234,683958;184,711984;296,6631001;340,661969;372,646924;409,611932;409,611932;184,711984;184,711984;184,711984;233,714941;147,760934;147,760934;35,875850;99,795944;54,861897;232,781905;74,829806;101,806787;74,829806;188,800923;246,737927;270,720940;349,707851;336,712927;368,672958;332,736893;391,577946;393,666889;349,707851;409,611932;403,653889;373,658920;358,691837;480,626915;480,626915;
296,6631001;340,661969;409,611932;409,611932;35,875850;54,861897;349,707851;368,672958;391,577946;349,707851;409,611932;373,658920;480,626915;480,626915;187,7281012;135,766982;20,895884;97,866817;274,781981;158,821904;268,841894;231,852883;268,841894;376,651992;348,804952;306,811919;380,625958;358,718850;391,577946;480,626915;507,620867;461,703916;461,703916;480,626915;480,688857;493,671890;
268,841894;268,841894;348,804952;507,620867;156,817974;284,6421053;142,854973;165,873951;242,6741038;156,817974;238,898896;328,6611027;253,7331030;348,804952;298,810978;324,838955;490,679978;445,760955;438,7881016;438,7881016;388,985854;493,654981;445,799951;406,968804;445,760955;445,799951;459,708945;472,817929;472,817929;499,771898;
----Iteration 2----
-121,723436;-301,801536;-130,277771;-56,801415;70,706366;-38,772357;47,340768;62,488756;191,519688;263,599650;208,679564;
-130,277771;47,340768;62,488756;263,599650;-369,898549;-101,835560;-34,881426;206,521709;274,566694;294,780622;263,599650;269,614632;334,588666;352,518683;
-369,898549;-83,551788;-334,853615;-119,948535;-106,1036506;-106,1036506;-69,884566;49,461925;-83,551788;-16,937483;-57,959441;43,529832;-16,937483;1,898475;-13,918356;312,781628;116,789503;64,896507;353,709717;277,128975;312,781628;356,363945;351,502906;351,740650;375,784566;387,750605;381,674612;
-119,948535;-106,1036506;-106,1036506;-69,884566;49,461925;353,709717;277,128975;356,363945;351,502906;375,784566;387,750605;381,674612;-184,1059620;-119,948535;-83,591952;-54,1026519;61,445928;36,973402;248,238949;222,947549;222,947549;247,655789;290,830760;276,884552;313,587806;315,788776;276,884552;334,572921;373,830657;356,778714;379,428879;373,830657;
-106,1036506;-106,1036506;356,363945;351,502906;387,750605;-184,1059620;-54,1026519;222,947549;222,947549;290,830760;315,788776;334,572921;356,778714;379,428879;-153,971733;-72,866765;-154,943738;-94,1032531;-72,866765;-121,1077553;-111,965692;188,979550;-39,1007494;123,909758;196,964579;266,742779;268,1901088;190,6941052;280,945625;266,690853;338,718832;347,3021016;382,882693;403,300958;373,766736;452,311934;396,853593;
356,363945;351,502906;387,750605;290,830760;315,788776;334,572921;356,778714;379,428879;268,1901088;190,6941052;280,945625;338,718832;347,3021016;382,882693;403,300958;373,766736;452,311934;396,853593;-227,882968;64,3721071;-50,3221143;-192,915932;-87,944833;35,1108635;-131,704951;89,1064682;89,1064682;185,984813;268,1901088;270,672914;185,984813;213,1031579;314,1561096;301,3961028;311,763875;261,1028584;252,832842;288,930654;270,672914;288,930654;331,587872;382,882693;382,882693;403,300958;358,901653;452,311934;515,684736;513,651778;547,629706;
334,572921;268,1901088;190,6941052;338,718832;64,3721071;-50,3221143;-192,915932;268,1901088;270,672914;314,1561096;301,3961028;311,763875;261,1028584;270,672914;331,587872;515,684736;513,651778;547,629706;-27,5081141;-197,7461051;-190,8361002;-87,909992;-192,915932;-191,1024873;-21,1138741;-13,5941125;155,1129796;34,1133776;314,1561096;155,1129796;279,1831046;208,7781010;-55,913935;268,978886;262,1027865;241,1119714;324,2231032;317,5231002;270,672914;347,3651023;309,973613;271,1002547;419,499986;311,763875;305,814802;457,928780;419,499986;350,775801;457,928780;422,415977;469,484967;487,665805;443,961744;473,512947;482,727766;457,928780;487,665805;
338,718832;-192,915932;270,672914;311,763875;270,672914;515,684736;513,651778;547,629706;-192,915932;-21,1138741;208,7781010;268,978886;262,1027865;241,1119714;270,672914;311,763875;457,928780;457,928780;469,484967;487,665805;443,961744;482,727766;457,928780;487,665805;77,9031132;77,9031132;77,9031132;-193,1065970;241,4041235;241,4041235;77,9031132;126,9141108;126,9141108;203,1126801;33,9111134;-179,1029918;292,3911226;283,4781195;256,7621101;289,950913;182,1135845;203,1126801;282,1042595;353,4081179;261,5861201;300,658975;428,5951002;457,928780;418,969758;294,1008634;454,650923;435,908816;410,5881004;446,961736;407,1002714;471,443973;448,966724;461,505965;457,928780;478,531958;530,844706;530,717731;472,747708;524,731727;
268,978886;262,1027865;457,928780;457,928780;469,484967;443,961744;457,928780;241,4041235;241,4041235;126,9141108;126,9141108;33,9111134;292,3911226;283,4781195;256,7621101;289,950913;353,4081179;261,5861201;428,5951002;457,928780;418,969758;410,5881004;446,961736;407,1002714;471,443973;448,966724;457,928780;478,531958;530,844706;524,731727;241,4041235;235,4851211;96,8461189;140,8671175;98,9091147;100,9521115;-73,10201007;-241,10411040;225,1202943;225,1202943;225,1202943;100,9521115;229,1153987;100,9521115;235,1176906;289,4271177;220,8231174;100,9521115;100,9521115;225,1202943;333,3841194;330,7491115;225,1202943;255,1083890;393,1140812;393,3871143;321,904958;393,1140812;485,3761124;371,7761082;343,1105853;442,910840;393,1140812;461,653973;482,885828;500,731895;417,970691;522,410992;482,885828;548,721860;
126,9141108;126,9141108;33,9111134;283,4781195;256,7621101;353,4081179;261,5861201;98,9091147;100,9521115;225,1202943;225,1202943;225,1202943;100,9521115;229,1153987;100,9521115;235,1176906;289,4271177;220,8231174;100,9521115;100,9521115;225,1202943;333,3841194;330,7491115;225,1202943;255,1083890;393,1140812;393,3871143;321,904958;393,1140812;371,7761082;393,1140812;253,4991235;61,9551113;229,1153987;310,4051250;170,6261238;134,9091132;166,11921011;212,11251028;147,8701225;212,11251028;333,3841194;247,7811179;199,10881076;393,1140812;336,4841166;227,1115998;577,3571152;378,7051139;342,8941077;319,9641021;412,1109856;420,1117779;532,4811131;378,7051139;419,1060903;433,1100812;434,6191035;491,962891;536,981841;452,1003869;563,892860;571,798980;587,895747;
----Iteration 0----
-392,71593;-340,122540;-389,78556;-63,669537;-55,162492;101,79513;-60,516360;-60,516360;112,36495;113,6489;256,128428;211,506388;127,168464;270,180229;361,203183;333,148263;317,117345;
-392,71593;-63,669537;211,506388;361,203183;-102,739563;-77,677494;-61,387573;-17,660548;-17,660548;-92,630572;180,108533;-19,585560;182,72558;32,634517;91,211557;60,749431;60,749431;183,385464;363,174456;363,174456;353,232511;353,232511;301,309528;353,232511;381,149267;
51,747601;50,776617;90,818586;223,812512;223,812512;223,812512;209,822500;244,742496;244,742496;244,742496;424,460733;387,509683;342,480712;418,502690;441,424780;
424,460733;441,424780;90,852672;51,900591;85,868590;58,828704;126,850685;223,846598;223,846598;247,799598;223,846598;284,788609;247,820540;359,708762;260,794569;260,794569;224,816592;359,713733;400,689729;441,424780;476,394799;485,434760;359,708762;359,708762;433,500694;359,708762;468,470713;420,505723;387,569731;488,482710;
126,850685;223,846598;223,846598;247,799598;223,846598;284,788609;247,820540;224,816592;24,915787;84,892721;103,876764;125,876762;86,908704;88,923684;127,905661;162,824733;162,824733;213,872635;213,872635;284,802597;382,757805;467,768788;467,768788;499,707844;
24,915787;103,876764;125,876762;499,707844;89,879830;228,957742;195,961702;278,942723;125,876762;125,876762;125,876762;278,942723;291,937694;297,792850;316,915653;316,915653;322,884617;316,915653;499,707844;470,832791;470,832791;501,671869;491,804818;493,768843;501,671869;
125,876762;499,707844;125,876762;125,876762;125,876762;297,792850;499,707844;470,832791;470,832791;501,671869;491,804818;493,768843;501,671869;117,938869;282,943748;56,916871;282,943748;282,943748;302,742846;55,959933;123,867823;295,938719;274,958719;330,986682;253,1005744;302,742846;368,945689;427,777840;466,881747;368,945689;418,917663;489,733881;532,754827;469,855794;466,881747;499,707844;470,832791;491,804818;501,755770;536,714809;
470,832791;470,832791;491,804818;493,768843;427,777840;489,733881;532,754827;469,855794;470,832791;491,804818;78,997933;78,997933;78,997933;78,997933;328,1087791;328,1087791;291,8821002;243,890993;255,885959;532,6451028;435,6611064;305,8331018;412,1030722;318,822933;339,1072919;411,1065776;422,1005746;532,6451028;548,716959;491,804818;525,917780;461,953777;491,929787;494,695960;548,716959;539,793819;525,917780;525,917780;589,723823;
78,997933;78,997933;78,997933;78,997933;328,1087791;328,1087791;305,8331018;339,1072919;525,917780;461,953777;491,929787;525,917780;525,917780;533,6921067;96,1004931;72,1061931;175,1106839;138,1118748;547,6431083;87,9681004;64,1001941;319,1103805;515,6751109;299,9251047;303,1044922;302,8491046;508,7391120;508,7391120;403,835956;300,887995;415,1066801;547,6431083;481,8051023;452,1014837;456,1022720;432,1025773;484,811977;483,938829;479,972743;464,1004749;523,963738;504,745901;562,882788;578,740971;593,880880;562,956705;600,762820;
328,1087791;328,1087791;339,1072919;72,1061931;175,1106839;87,9681004;299,9251047;303,1044922;415,1066801;452,1014837;593,880880;81,1029993;112,1038979;170,1191766;443,6521193;312,9201018;303,1044922;72,1061931;374,1098774;319,1169718;438,7561156;310,9111112;327,9071030;447,1064841;412,7741132;287,9421066;385,1062842;323,1103806;396,1055907;450,1057710;374,1098774;545,7691151;521,1027780;483,1032689;537,8501100;554,6541128;620,976836;599,6601092;584,750993;626,888851;606,745968;620,976836;
----Iteration 3----
-265,628676;-239,627824;-255,602848;-212,608725;-188,587660;-188,587660;-161,541629;255,337527;202,350533;202,350533;202,350533;
-239,627824;-255,602848;202,350533;202,350533;202,350533;-223,674775;-238,693800;-223,674775;-223,674775;-54,635801;-27,618755;-11,576644;-11,576644;282,345705;167,464460;202,350533;282,345705;167,464460;293,383474;260,400400;325,343681;
-27,618755;-305,5481029;-309,5701064;-329,7681036;-312,7411017;-279,722990;-115,864897;-259,5421038;-257,6491024;-279,722990;-255,502983;-255,502983;-126,723905;-213,499929;-88,762890;-54,712837;-39,741816;-85,822850;-78,720875;35,588922;10,698733;61,533848;49,546892;51,567839;14,591666;78,497895;99,511851;103,491812;180,531753;177,626579;361,381756;290,438774;286,458813;286,458813;290,438774;335,419724;290,438774;
-279,722990;-115,864897;-279,722990;-126,723905;177,626579;-289,8241028;-313,8011038;-310,8291025;-132,908916;-82,5751124;-310,8291025;-115,864897;-55,5451146;-194,6751092;-152,784981;-51,786897;-71,841880;-71,841880;-107,6281038;25,772772;34,819763;34,819763;240,562987;31,668904;111,767768;237,583988;111,767768;294,4861012;151,681792;129,753825;237,583988;234,5971082;248,564917;333,445976;303,499810;281,545890;378,464926;325,483859;
-115,864897;-289,8241028;-313,8011038;-310,8291025;-132,908916;-310,8291025;-115,864897;-55,5451146;-194,6751092;-152,784981;-51,786897;-71,841880;-71,841880;111,767768;111,767768;151,681792;129,753825;234,5971082;378,464926;325,483859;-133,5771164;-60,5951150;-95,6111120;-155,6321107;-241,7631110;-173,932920;-130,946898;-313,8011038;-132,908916;-87,927866;-17,5791102;-95,6111120;-124,7681034;-133,944900;3,862804;-73,898798;39,6001096;28,6721048;-122,7401012;52,847830;68,6691050;111,767768;245,6281035;200,771737;190,707751;295,4881019;265,652976;243,709628;310,671962;243,709628;377,4681017;265,652976;377,4681017;314,500929;
-115,864897;-132,908916;-115,864897;-71,841880;-71,841880;-173,932920;-130,946898;-132,908916;-87,927866;-133,944900;3,862804;52,847830;200,771737;190,707751;243,709628;310,671962;243,709628;377,4681017;377,4681017;-167,7321329;-133,7541309;-118,7431305;-70,7081295;-136,8361136;-136,8361136;-162,7981180;-186,910927;-129,7051353;-98,7011334;-173,932920;-70,911840;-70,7081295;-20,6801258;-89,7881224;-11,6451213;-14,7611153;89,835902;169,864737;169,864737;-11,6451213;121,6201123;102,7001052;144,856807;175,767945;206,5901121;178,760918;323,6021093;268,690727;273,6741098;244,713614;314,649927;374,672879;336,5621108;401,5631008;347,5471060;354,4191034;374,672879;
-173,932920;310,671962;377,4681017;377,4681017;-167,7321329;-133,7541309;-118,7431305;-136,8361136;-136,8361136;-186,910927;-129,7051353;-98,7011334;-173,932920;-20,6801258;-89,7881224;-14,7611153;89,835902;144,856807;175,767945;178,760918;323,6021093;273,6741098;336,5621108;401,5631008;354,4191034;-129,7051353;-129,7051353;-89,7881224;-152,8141193;-136,8361136;-30,9001059;84,1002857;28,973912;-101,6611368;-72,9081052;-66,6591339;63,929888;-33,7491297;-30,9001059;213,1009759;109,6461183;146,7551033;79,861948;127,6711167;269,954761;197,7091140;287,6571175;160,6611153;249,942764;331,671961;303,6451214;307,844691;397,692948;303,893724;352,6571084;397,692948;397,692948;397,692948;419,655800;
-167,7321329;-133,7541309;-118,7431305;-136,8361136;-136,8361136;-129,7051353;-98,7011334;-20,6801258;-89,7881224;-14,7611153;175,767945;273,6741098;-129,7051353;-129,7051353;-89,7881224;-152,8141193;-136,8361136;-30,9001059;28,973912;-101,6611368;-72,9081052;-66,6591339;-33,7491297;-30,9001059;213,1009759;109,6461183;146,7551033;127,6711167;269,954761;197,7091140;287,6571175;249,942764;303,6451214;303,893724;-133,7541309;-130,7611272;-152,8141193;-136,8361136;1,943977;-12,964938;-21,9371002;129,1021807;-66,6591339;-66,6591339;-71,8131208;-30,9001059;46,6821246;-30,7111299;-64,8011142;53,871985;196,1007899;127,6711167;203,7561001;81,944955;292,1000754;130,5341287;303,6451214;287,6571175;168,7001154;123,7791001;199,1014862;295,7381037;264,895919;305,926720;322,937706;353,6301195;287,6571175;408,772935;397,7341013;461,7101089;374,806877;437,5571104;437,5571104;
-167,7321329;-152,8141193;-66,6591339;-33,7491297;269,954761;303,6451214;303,893724;-152,8141193;-21,9371002;-66,6591339;-66,6591339;-71,8131208;46,6821246;-30,7111299;203,7561001;292,1000754;130,5341287;303,6451214;295,7381037;264,895919;305,926720;322,937706;408,772935;397,7341013;-84,6481424;-68,7091377;-68,7091377;-61,8051318;-188,8181197;-189,8561196;-18,966966;262,1064822;228,1014941;-66,6591339;-23,9491051;250,1034905;-61,8051318;33,7281266;188,8081239;164,955996;270,5801275;157,9241160;292,6421245;300,860981;391,6801204;375,6921165;322,937706;355,7091182;289,780994;326,915671;408,6511162;391,6801204;382,851924;357,768947;451,5981263;466,7151142;465,5911237;505,6941008;
46,6821246;264,895919;-84,6481424;-68,7091377;-68,7091377;262,1064822;228,1014941;250,1034905;33,7281266;188,8081239;292,6421245;300,860981;391,6801204;391,6801204;382,851924;-78,7631379;-55,8121362;-148,8501241;226,10341140;299,1065784;204,5741330;22,7791372;181,8471244;182,9531231;204,5741330;222,10061169;250,5561290;355,982730;299,1065784;262,8661052;338,891969;326,6811189;463,7911158;391,6801204;355,982730;441,6601235;527,7911137;494,6381281;450,8081125;586,7291182;527,7911137;573,7461149;
----Iteration 4----
-250,444610;-250,444610;-250,444610;-250,444610;-260,483558;-73,225715;93,460468;24,379491;2,474407;174,-4576;93,460468;93,460468;66,205622;93,460468;132,83584;159,348575;125,432436;166,368467;280,315481;237,293527;291,267436;
93,460468;93,460468;93,460468;93,460468;291,267436;-225,260742;-180,543579;-180,543579;-105,659285;-81,660235;-141,449674;-148,488679;-102,536590;-92,556541;69,506499;189,367589;-14,533489;189,367589;212,387563;101,472446;189,367589;161,282729;169,457647;186,425531;258,301535;232,372535;212,387563;212,387563;240,302543;284,358512;
291,267436;-180,543579;-180,543579;-148,488679;-102,536590;-92,556541;-14,533489;284,358512;-252,608630;-84,666516;-207,749346;-77,414845;-60,502660;-144,723453;-207,749346;-201,661625;-94,703484;29,690327;4,398824;19,457822;19,457822;-155,591557;-155,591557;-20,679351;-41,625453;-13,630423;164,332867;38,611395;70,609435;188,333817;187,352841;254,495625;98,520639;277,417664;234,462743;277,417664;326,306416;
-252,608630;-201,661625;19,457822;19,457822;164,332867;188,333817;187,352841;254,495625;234,462743;-81,361896;-60,469821;-255,580728;-195,597626;-22,847339;-51,740411;-83,292955;19,402885;37,409883;-41,185905;8,560792;116,649624;-51,740411;-64,850479;102,548709;39,738513;188,333817;100,522795;185,451848;149,483773;164,332867;185,451848;164,691620;212,326824;234,462743;317,578528;330,480720;317,578528;375,453592;
164,332867;234,462743;-83,292955;102,548709;39,738513;100,522795;185,451848;164,332867;185,451848;164,691620;212,326824;234,462743;317,578528;330,480720;317,578528;375,453592;-4,321922;40,414893;-18,500916;29,566822;-254,599740;5,640704;-128,914391;29,566822;-5,630713;-53,859497;12,858347;31,606736;-28,808549;-17,901376;47,830333;185,451848;206,446851;39,738513;52,781479;209,444855;209,444855;152,489816;147,733696;212,326824;167,486827;248,398811;288,572665;242,657552;222,690598;290,367774;375,453592;522,483464;375,453592;442,528525;406,535535;
164,332867;185,451848;164,332867;185,451848;212,326824;330,480720;-18,500916;29,566822;29,566822;185,451848;206,446851;209,444855;209,444855;212,326824;167,486827;248,398811;288,572665;222,690598;290,367774;522,483464;442,528525;-33,409986;-18,500916;33,533898;18,612860;-32,658906;56,787757;-44,894723;45,935665;-32,984705;-26,673824;83,476955;66,964539;209,444855;154,763819;142,853574;113,876669;166,717798;212,326824;248,398811;238,469759;235,735573;322,450757;336,658569;235,735573;428,556551;405,484589;418,598452;336,658569;433,469641;543,497312;433,546558;480,514357;
164,332867;185,451848;164,332867;185,451848;-18,500916;185,451848;206,446851;209,444855;209,444855;222,690598;-33,409986;-18,500916;33,533898;18,612860;-32,658906;-32,984705;83,476955;66,964539;209,444855;154,763819;142,853574;113,876669;166,717798;543,497312;83,476955;-78,712965;-53,667950;6,692837;76,937758;-87,1083520;-87,1083520;76,937758;76,937758;-36,698924;72,1016489;137,415874;151,408873;177,662850;135,908632;165,796814;354,631763;216,697829;267,771588;169,808552;352,648844;367,706524;267,771588;525,549688;434,705596;518,623743;
83,476955;154,763819;113,876669;166,717798;83,476955;-78,712965;-53,667950;76,937758;-87,1083520;-87,1083520;76,937758;76,937758;177,662850;135,908632;165,796814;216,697829;267,771588;352,648844;267,771588;525,549688;434,705596;518,623743;-17,539992;52,871947;27,969807;8,944900;-6,984769;43,952720;47,1024646;-63,1064560;230,410920;25,984669;132,1015570;346,628873;85,910684;91,1039574;135,1013511;299,763765;254,889579;159,970548;354,613902;341,721793;254,889579;411,637833;299,763765;379,753460;480,589787;441,693620;387,751488;551,642614;418,712550;478,645653;
83,476955;83,476955;-78,712965;-53,667950;-17,539992;52,871947;230,410920;132,1015570;91,1039574;135,1013511;254,889579;159,970548;254,889579;551,642614;52,871947;46,987946;46,987946;77,1142534;82,1018869;53,1078860;218,770929;168,826876;161,969857;103,1096485;387,668911;324,837842;161,969857;176,989507;452,677871;360,765889;334,928484;236,936552;465,722846;343,888522;452,677871;465,722846;464,837540;343,888522;533,654824;535,682569;568,721520;583,714506;622,668462;
159,970548;46,987946;46,987946;53,1078860;168,826876;161,969857;387,668911;324,837842;161,969857;360,765889;622,668462;-4,971955;46,987946;69,1036929;105,1064874;7,1098851;53,1078860;100,1185685;66,1190546;304,789978;166,876937;123,9351022;137,1091624;103,1133521;304,750986;161,969857;328,811844;194,908802;469,641918;495,771879;360,765889;497,987528;539,991516;549,661879;609,779810;570,855741;550,963648;566,906424;560,933577;609,779810;609,779810;
----Iteration 5----
-347,537748;-87,635685;-180,253712;-87,635685;-53,594710;-14,554604;-14,554604;82,69700;46,316679;214,319629;105,516507;344,619444;363,603431;344,619444;363,603431;386,623405;
214,319629;-214,416903;-301,508826;-256,458875;-120,792803;-225,417933;-32,882681;-183,421894;-135,386873;-58,896759;-152,422826;-62,507814;-27,523751;72,721749;-8,780706;96,662748;214,319629;211,532631;362,698450;503,829415;151,255670;476,874437;272,527552;338,697500;292,551548;313,582510;448,843442;476,874437;448,843442;476,874437;
-58,896759;151,255670;-110,807925;-8,829864;8,925700;-106,936746;-89,529962;-17,891750;-56,916709;30,86871;1,360940;9,785845;118,924634;-2,825832;126,862763;140,847718;510,958500;565,874617;510,958500;587,810660;592,814525;566,838633;
-58,896759;-110,807925;-8,829864;8,925700;-17,891750;-56,916709;9,785845;118,924634;-2,825832;126,862763;510,958500;565,874617;510,958500;587,810660;592,814525;566,838633;-110,807925;-140,834968;-43,864845;-8,829864;-17,891750;-126,907753;-98,938748;88,957654;60,550921;-106,789971;-8,829864;126,862763;54,934686;424,926524;11,586980;182,4681190;17,752876;181,806776;229,871725;521,925544;182,4681190;510,958500;218,4631182;281,892631;360,858699;406,838708;270,331976;574,867623;444,658871;442,687853;588,869622;479,718795;562,839662;540,783724;626,773637;577,754684;
510,958500;565,874617;510,958500;587,810660;592,814525;566,838633;424,926524;182,4681190;521,925544;182,4681190;510,958500;218,4631182;281,892631;360,858699;406,838708;574,867623;444,658871;442,687853;588,869622;479,718795;562,839662;540,783724;626,773637;189,6261158;-94,8231218;-71,8321081;33,8391064;45,968802;62,1002765;181,1003616;189,6261158;165,964891;3,996808;251,1029607;222,6071131;290,6721066;-46,7881208;67,8211005;195,912882;251,926732;370,927583;290,6721066;364,760883;417,805752;280,6371108;333,6941020;318,6201025;448,801772;409,697864;588,869622;548,919496;457,697814;528,917508;498,630853;580,829698;548,919496;548,919496;498,630853;531,587835;540,783724;501,617864;525,626860;589,786640;
510,958500;510,958500;587,810660;592,814525;182,4681190;521,925544;182,4681190;510,958500;218,4631182;360,858699;406,838708;444,658871;442,687853;588,869622;562,839662;540,783724;626,773637;189,6261158;-94,8231218;-71,8321081;33,8391064;189,6261158;165,964891;251,1029607;222,6071131;290,6721066;-46,7881208;67,8211005;195,912882;370,927583;290,6721066;280,6371108;333,6941020;448,801772;588,869622;548,919496;457,697814;528,917508;498,630853;580,829698;548,919496;548,919496;498,630853;531,587835;540,783724;501,617864;525,626860;-43,8051192;-84,8491182;-27,8531067;54,917944;70,942920;162,984858;191,1022822;251,1029607;140,6851167;-21,7481202;-117,911951;138,987910;198,995848;287,1011752;111,5701220;154,6611139;64,7371133;16,7721143;191,5411137;253,6831055;240,982872;460,986526;425,792898;351,879771;312,4931092;334,6641014;418,823849;584,876629;510,958500;341,6521071;398,745909;569,895654;517,932551;537,952452;547,550861;556,762767;587,716767;591,831658;555,731812;636,694758;636,694758;636,694758;
510,958500;510,958500;587,810660;182,4681190;521,925544;182,4681190;510,958500;218,4631182;588,869622;562,839662;626,773637;189,6261158;-94,8231218;-71,8321081;33,8391064;189,6261158;222,6071131;-46,7881208;195,912882;280,6371108;588,869622;580,829698;-43,8051192;-84,8491182;-27,8531067;54,917944;191,1022822;140,6851167;-21,7481202;-117,911951;287,1011752;111,5701220;154,6611139;64,7371133;16,7721143;191,5411137;312,4931092;584,876629;510,958500;341,6521071;398,745909;569,895654;517,932551;547,550861;556,762767;587,716767;591,831658;555,731812;636,694758;636,694758;636,694758;13,7141237;-48,7941233;-127,9061054;392,1039693;156,5891170;-27,8531067;77,8601050;90,891992;312,999874;499,1012639;154,6611139;226,5351150;211,6791119;96,784958;178,1033923;340,6821077;517,879902;525,918836;358,7271056;374,6241014;499,1012639;487,5811026;554,957541;541,794864;546,826842;621,901619;591,691829;616,795712;614,711803;
-94,8231218;-46,7881208;-43,8051192;191,1022822;140,6851167;111,5701220;569,895654;636,694758;636,694758;636,694758;13,7141237;-48,7941233;392,1039693;77,8601050;312,999874;211,6791119;178,1033923;517,879902;525,918836;487,5811026;554,957541;546,826842;621,901619;616,795712;614,711803;13,7141237;52,8591184;-17,8921112;288,1086812;250,1018836;476,1048626;118,4421259;87,6861217;0,7591223;-43,10041147;178,1033923;79,8131153;14,8771170;273,6641197;140,10171045;454,9281000;228,1016947;379,5501123;344,6351149;453,964808;542,1028704;377,8211109;523,953872;440,6451117;459,5501031;454,9281000;517,879902;593,882838;617,908626;569,807894;578,696858;628,875670;596,669806;673,675760;
-94,8231218;-43,8051192;191,1022822;111,5701220;569,895654;13,7141237;-48,7941233;312,999874;178,1033923;517,879902;525,918836;554,957541;546,826842;621,901619;13,7141237;52,8591184;288,1086812;250,1018836;118,4421259;0,7591223;-43,10041147;178,1033923;79,8131153;14,8771170;140,10171045;454,9281000;228,1016947;379,5501123;344,6351149;542,1028704;377,8211109;523,953872;440,6451117;454,9281000;517,879902;593,882838;617,908626;628,875670;2,6701290;23,7751215;-76,8881183;-76,8881183;-56,9381156;55,10031136;93,1030986;396,1110676;93,4891251;154,10131089;174,1019981;520,1066628;364,4871210;335,5661203;286,7161219;210,7931213;180,9901044;454,9281000;466,977900;396,1051795;384,5111195;286,7161219;476,1023774;489,5291159;396,8881027;485,894947;530,6401055;542,1028704;565,924585;542,6211033;559,606969;675,819897;633,769910;634,836645;675,819897;
312,999874;288,1086812;454,9281000;344,6351149;542,1028704;377,8211109;523,953872;454,9281000;593,882838;55,10031136;396,1110676;154,10131089;520,1066628;364,4871210;335,5661203;454,9281000;466,977900;384,5111195;489,5291159;396,8881027;485,894947;530,6401055;542,1028704;542,6211033;559,606969;139,6201299;12,10131221;203,10191072;170,10391020;216,1109998;282,1130829;242,10931014;252,1103960;245,9131283;179,9471244;228,9531227;265,10521013;396,1110676;326,8501296;473,1060829;520,1066628;477,1040790;385,4811189;514,4891162;445,5371161;476,6711137;429,957960;569,927926;542,1028704;516,5061140;559,1004761;635,932825;586,6021015;715,824921;652,888806;
----Iteration 6----
-55,602570;-20,496772;88,430743;-14,535731;78,472758;123,478736;81,491720;123,478736;
-55,602570;-20,496772;88,430743;-14,535731;78,472758;-29,596458;-76,600607;4,574443;88,430743;88,430743;153,521741;153,521741;177,473705;
-20,496772;-14,535731;153,521741;153,521741;-141,209856;-141,209856;-150,641547;-93,691439;-141,209856;-22,193838;-66,645408;167,404789;80,444836;87,483744;57,532725;40,615685;124,577722;100,609709;100,609709;153,521741;192,514708;153,521741;212,479766;212,479766;251,472733;251,472733;
-93,691439;-88,4501075;-93,691439;-107,746489;-172,566946;-108,4981024;91,631737;-92,687558;63,551946;70,554899;176,491946;176,491946;183,499849;252,603715;201,678727;336,562811;367,472858;367,472858;
-88,4501075;-107,746489;-172,566946;63,551946;70,554899;176,491946;176,491946;201,678727;336,562811;367,472858;367,472858;-206,4811107;-97,5431005;-199,5941004;-248,652875;-151,704605;-151,704605;-84,5101065;-84,5101065;-54,5201006;-48,554981;130,700711;70,554899;193,555898;134,691590;134,691590;232,469956;304,577856;220,618760;232,469956;167,646784;232,469956;398,454881;304,577856;332,608851;336,562811;323,473911;323,473911;367,472858;343,554775;350,508811;
-172,566946;63,551946;176,491946;176,491946;336,562811;-97,5431005;-199,5941004;-248,652875;-84,5101065;-84,5101065;-54,5201006;-48,554981;193,555898;304,577856;304,577856;332,608851;336,562811;343,554775;-123,5241081;-97,5431005;-199,5941004;-273,661985;-345,686979;-382,732945;-122,805634;-4,793599;12,4861160;-245,614995;12,4861160;-245,614995;107,754851;107,754851;67,765633;34,3911082;12,4861160;166,582943;111,745730;182,467986;273,737811;258,431988;217,455992;174,538966;275,697823;336,562811;440,471972;440,471972;319,645771;389,531890;476,477938;484,462967;494,436930;
193,555898;-273,661985;166,582943;273,737811;174,538966;275,697823;319,645771;1,5291178;24,5461168;-274,7461014;-13,829669;-170,919701;-170,919701;-202,965489;-65,5491121;-240,6571125;183,804872;179,801915;72,6561100;-274,7461014;-39,873686;-49,875651;109,4451056;72,6561100;147,816960;237,4401032;187,521999;256,764875;337,3411015;269,772841;183,804872;179,801915;324,4641030;290,719772;407,493987;307,682778;305,711822;566,525979;560,544918;516,542955;568,618890;566,525979;
1,5291178;24,5461168;-202,965489;183,804872;179,801915;72,6561100;72,6561100;147,816960;183,804872;179,801915;566,525979;516,542955;566,525979;-220,7321166;156,804944;-2,862862;-3,891762;-36,939714;45,6391148;-103,7821106;81,4861150;110,813988;112,820879;80,855808;39,857752;-2,862862;110,6361059;80,855808;352,4721045;289,743966;298,790844;259,798956;352,4721045;417,5321032;417,7191001;383,738903;299,751942;463,5601010;578,657935;566,525979;417,7191001;515,636945;578,657935;588,555932;
1,5291178;-202,965489;72,6561100;72,6561100;147,816960;156,804944;-2,862862;45,6391148;110,813988;80,855808;-2,862862;110,6361059;80,855808;298,790844;259,798956;383,738903;-21,7611184;-126,8161207;25,8261170;147,839956;-7,944813;-7,944813;-108,6741187;-7,944813;108,6021152;157,5451116;112,6331105;116,932787;196,4301115;252,852919;294,810883;381,6681033;378,7701053;265,811923;420,7281017;559,5671057;466,7081026;466,7081026;420,7281017;540,6161003;556,627982;606,665950;606,665950;590,5961026;
116,932787;106,8261240;148,8591237;-49,986849;-98,983892;-4,996819;226,5521213;106,8261240;205,9251173;82,964788;375,9181096;434,7451173;490,8581156;462,8741167;483,9021148;635,8851017;561,8891062;624,8631067;624,8631067;603,8721111;
----Iteration 7----
-233,11695;-233,11695;-592,504519;-121,454654;-150,335667;-82,588517;-149,475614;6,485462;23,473530;12,435541;12,435541;34,375611;60,332211;75,313186;90,182209;
-121,454654;-263,168903;-109,532613;-216,261722;-116,571618;-123,-106873;-263,168903;-146,387678;-138,593671;-216,147950;-55,637609;-193,106757;-194,244827;-86,321680;-71,505611;-110,-61848;-20,465610;27,510521;7,388673;7,388673;88,485584;38,556486;7,388673;218,396470;213,432520;61,382658;200,387545;186,478551;
-121,454654;-146,387678;-138,593671;-55,637609;-194,244827;27,510521;7,388673;7,388673;88,485584;38,556486;7,388673;218,396470;213,432520;61,382658;200,387545;186,478551;-246,238872;-283,575708;-267,690637;-235,658611;-138,696570;-194,450811;-55,637609;-10,656559;-56,647647;-10,656559;-161,574753;-10,656559;7,627517;-96,202989;-30,1171024;-37,159790;60,478623;105,497573;11,931020;60,478623;15,589463;96,-701159;160,378676;51,601461;116,322705;283,426468;284,332509;248,312698;307,427418;270,381493;294,382443;
-121,454654;-138,593671;-55,637609;7,388673;7,388673;7,388673;213,432520;61,382658;200,387545;186,478551;-138,696570;-55,637609;-10,656559;-56,647647;-10,656559;-161,574753;-10,656559;-96,202989;-30,1171024;60,478623;11,931020;60,478623;96,-701159;160,378676;270,381493;-164,440866;-193,687786;-152,757648;-176,776608;-239,-161169;-180,623826;-141,766629;-243,101203;-306,1991065;-164,440866;-141,766629;-60,663638;11,931020;3,1021062;-11,431912;-10,656559;107,841031;107,841031;60,478623;142,128984;13,327868;44,336862;139,459637;285,308840;322,473477;91,507592;175,647589;279,518425;284,338846;387,250689;393,196604;
-55,637609;-55,637609;-10,656559;-56,647647;-10,656559;-10,656559;-96,202989;-30,1171024;11,931020;96,-701159;270,381493;-193,687786;-152,757648;-176,776608;-239,-161169;-180,623826;-141,766629;-243,101203;-141,766629;-60,663638;11,931020;3,1021062;-11,431912;-10,656559;107,841031;107,841031;142,128984;285,308840;322,473477;175,647589;279,518425;284,338846;387,250689;-239,-161169;-308,551163;-312,811197;-336,2241037;-168,3821014;-120,550850;-180,623826;-293,719805;-303,709814;-215,752795;-301,2181076;-239,-161169;-135,1341105;-135,641811;-116,690689;-66,739616;-66,739616;-20,531079;3,1021062;129,450889;4,663546;-68,784606;107,841031;93,175951;-72,506753;36,1331019;143,350921;111,62996;132,62990;232,380871;258,590740;146,106949;189,290891;281,330875;405,288663;295,301767;281,330875;279,518425;387,250689;405,288663;410,270663;428,161623;
-10,656559;-56,647647;-10,656559;-10,656559;96,-701159;-152,757648;-176,776608;-141,766629;-141,766629;-60,663638;-10,656559;175,647589;279,518425;-168,3821014;-120,550850;-293,719805;-303,709814;-215,752795;-135,641811;-116,690689;-66,739616;-66,739616;129,450889;4,663546;-68,784606;258,590740;279,518425;-192,3091319;-104,3591124;-47,3441069;-179,4351021;-168,3821014;-131,603857;-144,690884;-152,757648;-104,3591124;-87,745662;-32,2471199;-138,707866;6,2361169;-7,464922;-44,707614;-12,688516;7,2061163;11,1801129;50,2561120;57,3021003;27,426939;98,278999;206,584763;258,590740;304,372933;317,1351060;303,402939;473,318797;464,492614;471,489636;
-152,757648;-176,776608;-141,766629;-141,766629;-60,663638;-293,719805;-303,709814;-215,752795;-135,641811;-116,690689;-66,739616;-66,739616;-68,784606;-192,3091319;-104,3591124;-179,4351021;-144,690884;-152,757648;-104,3591124;-87,745662;-32,2471199;-138,707866;6,2361169;-7,464922;-44,707614;7,2061163;27,426939;303,402939;-375,4061339;-118,4001150;-144,690884;-82,630886;-375,4061339;-170,4311094;-138,707866;19,1501276;-179,4351021;-147,563978;10,734584;19,1501276;28,3491139;-109,485985;72,672614;312,111312;274,1301274;113,2441132;292,392948;279,654760;140,3091121;140,3091121;291,459919;290,650788;287,2071143;329,378947;254,622825;332,608816;308,2021146;303,402939;316,620714;393,2431100;475,592650;475,592650;435,484877;561,546709;474,499822;517,590641;554,549687;568,528594;
-152,757648;-176,776608;-141,766629;-141,766629;-293,719805;-303,709814;-215,752795;-66,739616;-66,739616;-68,784606;-144,690884;-152,757648;-87,745662;-32,2471199;-138,707866;6,2361169;-44,707614;7,2061163;-118,4001150;-144,690884;-82,630886;-170,4311094;-138,707866;-147,563978;10,734584;28,3491139;312,111312;274,1301274;113,2441132;279,654760;291,459919;290,650788;287,2071143;254,622825;332,608816;308,2021146;316,620714;393,2431100;475,592650;475,592650;435,484877;561,546709;474,499822;517,590641;554,549687;568,528594;-191,3731368;-261,4101377;-262,4401383;-269,5871158;-362,5051164;-261,6231015;-187,818783;-149,3531345;-180,779778;-46,2061361;-225,606995;-52,727727;166,1531338;166,1531338;158,3781126;-79,4501064;-125,539944;231,653846;235,673778;187,672864;265,661763;199,3541122;227,690799;290,650788;348,-131335;317,1361168;281,492991;332,608816;444,4061013;475,592650;393,2431100;561,546709;429,612602;444,4061013;594,540588;559,568602;
-68,784606;-144,690884;-138,707866;-144,690884;-82,630886;-138,707866;-147,563978;312,111312;279,654760;290,650788;254,622825;332,608816;561,546709;517,590641;554,549687;-191,3731368;-261,4101377;-262,4401383;-269,5871158;-362,5051164;-261,6231015;-187,818783;-149,3531345;-180,779778;-46,2061361;-225,606995;158,3781126;-79,4501064;-125,539944;231,653846;235,673778;187,672864;265,661763;199,3541122;290,650788;348,-131335;281,492991;332,608816;444,4061013;561,546709;444,4061013;-234,3801399;-261,4101377;-257,4381348;-202,4411282;-269,5871158;-144,690884;-168,732876;13,758818;-241,857767;294,-301418;-46,2061361;-129,832759;75,768752;304,-341372;204,1761372;130,3861206;65,4311183;327,525891;230,710817;348,3651077;265,661763;362,3461107;585,518824;494,624718;510,620739;582,2071285;497,3431063;543,2481263;519,522766;530,519975;510,620739;618,572582;554,3011198;574,2281242;598,586628;622,552543;
-261,4101377;-262,4401383;-261,6231015;-187,818783;-79,4501064;231,653846;187,672864;348,-131335;-234,3801399;-261,4101377;-257,4381348;13,758818;-241,857767;-129,832759;204,1761372;130,3861206;65,4311183;230,710817;348,3651077;582,2071285;543,2481263;618,572582;554,3011198;574,2281242;622,552543;-227,3721441;-262,4401383;-102,5181305;-136,5231271;-92,5931173;-263,691962;-92,1551386;-43,4201370;-168,6061036;-11,820695;312,261423;-92,756939;58,806784;192,2691274;133,751887;89,787797;319,3801129;101,4241173;412,-491417;582,2071285;538,2471330;538,2471330;566,614927;536,2511263;458,3551155;566,614927;599,683836;582,2071285;587,3521090;589,5571048;615,1851270;626,2381205;603,637831;645,530587;
----Iteration 8----
-53,410484;-53,410484;-60,671579;-18,399610;-18,399610;-6,365649;
-6,365649;-254,365714;-195,327714;-133,317684;-52,716626;21,342630;-23,502604;-6,479611;14,446565;14,446565;29,435561;
-52,716626;-52,716626;-17,688612;-25,686648;7,412815;34,538718;22,734561;-9,655643;-1,638699;6,526848;34,538718;34,538718;
6,526848;81,752577;81,752577;79,788717;79,524845;133,715698;102,728551;166,712750;169,673801;
169,673801;125,524925;52,638825;252,893772;252,893772;172,565909;278,875796;278,875796;288,888764;
172,565909;278,875796;278,875796;5,6071002;5,6071002;148,573908;81,686983;168,886839;203,919803;134,637926;278,875796;148,573908;202,745883;255,835879;255,835879;309,894794;290,853829;290,853829;
278,875796;278,875796;278,875796;309,894794;290,853829;290,853829;211,954867;211,954867;196,905884;144,815942;233,929858;183,7561004;188,7491007;232,892895;259,911882;203,807992;270,917861;259,911882;347,911779;259,911882;259,911882;389,878719;347,911779;389,878719;
232,892895;112,1043927;127,954916;263,8701081;163,949908;127,954916;301,8521040;296,973893;311,935888;310,7801041;296,973893;318,938841;398,851845;405,927820;413,878736;
112,1043927;127,954916;263,8701081;163,949908;127,954916;296,973893;311,935888;296,973893;398,851845;405,927820;98,1076891;142,1003899;142,1003899;163,949908;238,7311116;239,8131093;304,8971048;236,9351051;145,946958;142,1003899;142,1003899;142,1003899;304,8971048;366,961876;363,976827;308,8481067;265,915931;304,8971048;330,8351049;359,8111059;362,1031800;341,8941030;404,1003794;404,1003794;388,8501028;384,912850;419,999752;453,744898;434,802818;423,852735;453,744898;488,758838;
112,1043927;263,8701081;296,973893;311,935888;296,973893;398,851845;98,1076891;142,1003899;142,1003899;238,7311116;304,8971048;236,9351051;145,946958;142,1003899;142,1003899;142,1003899;304,8971048;366,961876;265,915931;304,8971048;359,8111059;341,8941030;388,8501028;384,912850;453,744898;434,802818;453,744898;488,758838;166,7171130;213,7581114;304,8971048;139,9661057;267,7911101;254,8671107;236,9351051;142,1003899;194,9441100;407,988843;146,1000851;313,8641091;330,8481065;330,8481065;305,962918;407,988843;331,8371036;331,8371036;357,910931;366,961876;411,8001044;423,1036835;415,7601026;487,1033781;502,711899;494,946784;594,648966;589,698970;500,923761;576,675984;
----Iteration 9----
180,231782;-392,401761;-392,401761;-91,556702;-91,556702;-298,384907;-36,321607;-43,521692;-298,384907;-41,460536;-36,321607;-43,521692;-36,321607;-36,321607;-43,521692;-22,372546;86,647450;123,598500;
180,231782;86,647450;123,598500;-55,568759;-59,572628;-51,563586;-138,461882;-55,568759;-134,344925;-244,6291101;-170,361945;-212,5831146;-102,562800;-153,377918;-30,551734;-87,385909;-138,461882;-31,547748;13,667463;22,537779;86,647450;89,543577;150,431683;136,575573;163,492603;168,400682;200,385637;200,385637;
180,231782;-212,5831146;-332,5321158;-60,5861011;-194,6571121;-143,733950;-152,797980;-198,7121066;-198,7121066;-143,733950;-205,7511071;-123,909788;-149,6371000;-156,5631055;-130,5981009;64,620875;-6,880862;87,780860;87,780860;87,780860;62,5271014;89,377944;97,657733;179,494709;205,611678;224,500687;
-212,5831146;-332,5321158;-194,6571121;-123,909788;-156,5631055;-6,880862;-261,7161103;-261,7161103;-159,7751064;-168,7911078;-141,8201043;-133,914802;-141,8201043;-175,8581009;-256,6831102;-158,6511090;-32,861955;-141,8201043;34,8381015;9,8551040;166,7691014;162,7911049;249,755907;178,797975;
-6,880862;34,8381015;9,8551040;166,7691014;162,7911049;249,755907;178,797975;-150,8361057;-98,880968;-69,896947;-57,924908;-32,8791044;-32,8791044;-12,8271091;43,7081193;25,7781141;13,8101066;34,8381015;8,876983;9,8551040;202,7141053;61,8251038;34,8381015;43,7081193;43,7081193;165,7491045;65,8051057;61,8251038;166,7691014;165,7491045;166,7691014;224,765993;285,806847;249,755907;249,755907;272,783861;
34,8381015;9,8551040;166,7691014;162,7911049;249,755907;178,797975;-57,924908;-32,8791044;-32,8791044;-12,8271091;43,7081193;25,7781141;13,8101066;34,8381015;9,8551040;202,7141053;61,8251038;34,8381015;43,7081193;43,7081193;165,7491045;65,8051057;61,8251038;166,7691014;165,7491045;166,7691014;285,806847;249,755907;249,755907;272,783861;-195,8001128;-128,8281119;-110,8731098;-150,8791110;-16,918993;-123,940967;21,8831001;-16,918993;-87,7581211;-29,7941207;-61,7961167;-12,8271091;14,886979;-12,7131225;64,7361142;9,8551040;77,8331018;46,866976;46,866976;90,7741098;91,7271092;165,7491045;50,846995;91,7271092;111,7031074;154,830989;285,806847;285,806847;253,7501005;223,7451024;248,7751005;265,724957;314,738921;364,794799;267,697925;296,731923;355,741851;
166,7691014;162,7911049;178,797975;-57,924908;43,7081193;202,7141053;43,7081193;43,7081193;165,7491045;65,8051057;166,7691014;165,7491045;166,7691014;-110,8731098;-16,918993;-123,940967;-16,918993;-87,7581211;-29,7941207;-61,7961167;-12,7131225;90,7741098;165,7491045;111,7031074;154,830989;223,7451024;-87,7581211;-29,7941207;-61,7961167;-155,8731141;-24,8861048;-29,7941207;-137,9181120;33,9021007;101,7441189;46,8511141;3,8731071;101,7441189;128,7921033;154,830989;102,8821040;154,830989;234,787994;216,785997;288,7821009;320,855803;298,855926;368,790930;376,775959;420,804882;410,794891;410,794891;
166,7691014;162,7911049;43,7081193;43,7081193;43,7081193;166,7691014;166,7691014;-29,7941207;90,7741098;154,830989;-29,7941207;-29,7941207;-137,9181120;101,7441189;46,8511141;101,7441189;128,7921033;154,830989;102,8821040;154,830989;234,787994;216,785997;288,7821009;320,855803;298,855926;368,790930;376,775959;420,804882;410,794891;410,794891;95,6741240;10,7531229;-7,7821271;-18,8631149;-36,8711120;42,9451047;-48,9851037;-48,8811204;106,6861212;101,7441189;46,8511141;46,8511141;166,858950;79,8961097;176,7191136;170,7641112;207,8041007;201,907906;216,6681135;208,862911;320,855803;232,7391069;385,7291003;336,772974;336,853841;296,7671038;420,804882;330,865794;506,721916;459,767905;487,696941;373,850871;401,735962;487,696941;506,721916;
43,7081193;43,7081193;43,7081193;-29,7941207;90,7741098;154,830989;-29,7941207;-29,7941207;101,7441189;46,8511141;101,7441189;154,830989;102,8821040;154,830989;288,7821009;320,855803;298,855926;368,790930;376,775959;420,804882;410,794891;410,794891;10,7531229;-7,7821271;-18,8631149;-36,8711120;42,9451047;-48,9851037;-48,8811204;101,7441189;46,8511141;46,8511141;79,8961097;176,7191136;170,7641112;207,8041007;201,907906;216,6681135;208,862911;320,855803;232,7391069;385,7291003;336,772974;336,853841;296,7671038;420,804882;330,865794;506,721916;459,767905;373,850871;506,721916;-77,7531320;-57,8971218;-57,8971218;21,9281097;42,9451047;97,6941297;114,6651255;126,6611290;75,7061233;-39,9421197;46,8511141;88,8551102;102,8821040;201,907906;70,9211055;155,6061233;187,6461188;147,7071225;206,887980;250,923864;190,6301179;194,6481171;216,6681135;207,8041007;257,887809;224,6531164;237,8011059;321,794905;357,7321025;357,7321025;431,737999;394,812838;459,767905;526,745901;460,702989;543,709948;460,702989;
-7,7821271;79,8961097;176,7191136;170,7641112;506,721916;506,721916;-77,7531320;21,9281097;97,6941297;114,6651255;126,6611290;75,7061233;-39,9421197;155,6061233;187,6461188;147,7071225;250,923864;526,745901;543,709948;61,7061335;-46,7641317;-91,8091306;-130,8501284;-11,8181277;-1,9121253;-1,9121253;-74,9711222;-51,9681207;-50,10101174;-3,10161134;-3,10161134;37,10121057;128,6161271;47,7601288;100,8941219;36,9701090;73,9881080;192,9731068;203,5911218;167,6641193;145,8331193;145,8331193;119,9871069;213,9291000;197,943884;240,6391196;316,7091171;409,904891;231,9271024;400,851943;422,883929;456,842910;499,8011091;488,8301054;456,842910;517,671992;
