----Iteration 2----
x_MOEAD_NFTS=[10167, 10288, 10322]
y_MOEAD_NFTS=[9576, 9477, 9436]
----Iteration 0----
x_MOEAD_NFTS=[9847, 9666, 9822, 10622, 10608]
y_MOEAD_NFTS=[9554, 9665, 9664, 9517, 9536]
----Iteration 1----
x_MOEAD_NFTS=[10252, 10572, 10740, 10753, 9750, 9829, 9915, 10567, 10647, 10771]
y_MOEAD_NFTS=[9380, 9253, 9198, 9184, 9567, 9501, 9451, 9269, 9230, 9145]
----Iteration 3----
x_MOEAD_NFTS=[9579, 9259, 8632, 9709, 10368, 8599, 9523, 10366, 10435]
y_MOEAD_NFTS=[9134, 9204, 9209, 9127, 9097, 9239, 9197, 9107, 8959]
----Iteration 4----
x_MOEAD_NFTS=[9121, 10417, 9124, 10333, 10343, 10345, 10370, 10389]
y_MOEAD_NFTS=[9294, 8815, 9283, 9272, 9183, 9133, 8863, 8838]
----Iteration 5----
x_MOEAD_NFTS=[9934, 9986, 10128, 10146, 10184, 10121, 10219, 10257]
y_MOEAD_NFTS=[9614, 9570, 9548, 9495, 9490, 9561, 9460, 9445]
----Iteration 6----
x_MOEAD_NFTS=[9987, 9113, 9662, 9862, 9909, 9928, 10034, 10107, 10127]
y_MOEAD_NFTS=[9309, 9645, 9543, 9467, 9464, 9441, 9295, 9191, 9118]
----Iteration 7----
x_MOEAD_NFTS=[9933, 10266, 10365, 10373]
y_MOEAD_NFTS=[9788, 9597, 9535, 9514]
----Iteration 8----
x_MOEAD_NFTS=[9899, 9919, 9878, 9945, 8855, 9797, 9805, 9957]
y_MOEAD_NFTS=[9322, 9255, 9430, 9226, 9632, 9563, 9487, 9167]
----Iteration 9----
x_MOEAD_NFTS=[10337, 10004, 10145, 10386, 9897, 9953, 10068, 10164, 10267, 10448]
y_MOEAD_NFTS=[9393, 9702, 9586, 9349, 9877, 9761, 9663, 9497, 9405, 9287]
----End of Run----
