----Iteration 2----
duplicated=0.0,13.0,14.0,7.0,13.0,9.0,17.0,20.0,18.0,16.0
memory=150.21484375,150.73046875,150.73046875,150.73046875,150.73046875,150.73046875,150.98828125,151.50390625,152.27734375,152.53515625
time=1.2153282165527344,1.369201898574829,1.3782167434692383,1.541675329208374,1.8286159038543701,1.3774700164794922,1.8573417663574219,1.4432361125946045,1.7427287101745605,1.5252938270568848
----Iteration 0----
duplicated=0.0,5.0,12.0,6.0,12.0,13.0,4.0,20.0,18.0,16.0
memory=150.21484375,150.73046875,150.73046875,150.73046875,150.73046875,150.73046875,150.73046875,151.50390625,152.27734375,153.05078125
time=1.1885335445404053,1.4245030879974365,1.4980924129486084,1.525848150253296,1.4678266048431396,1.6857929229736328,1.7058181762695312,1.8096375465393066,1.6466662883758545,2.0479984283447266
----Iteration 1----
duplicated=0.0,2.0,4.0,20.0,15.0,15.0,13.0,19.0,22.0,20.0
memory=150.21484375,150.73046875,150.73046875,150.73046875,150.73046875,150.73046875,150.98828125,151.50390625,152.27734375,153.05078125
time=1.1729319095611572,1.4284844398498535,1.5800368785858154,1.5652027130126953,1.5030057430267334,1.6770474910736084,1.6352555751800537,1.680799961090088,1.7575452327728271,1.9620521068572998
----Iteration 3----
duplicated=0.0,4.0,9.0,9.0,15.0,11.0,7.0,10.0,6.0,20.0
memory=155.88671875,155.88671875,155.88671875,155.88671875,155.88671875,155.88671875,156.14453125,156.40234375,156.66015625,156.91796875
time=1.3498077392578125,1.5980887413024902,1.8082969188690186,1.7864711284637451,1.460953950881958,1.8817899227142334,1.8605194091796875,2.031271457672119,2.048466682434082,2.599289894104004
----Iteration 4----
duplicated=0.0,10.0,7.0,8.0,6.0,14.0,15.0,19.0,6.0,17.0
memory=155.88671875,155.88671875,155.88671875,155.88671875,155.88671875,155.88671875,156.14453125,156.40234375,156.66015625,156.91796875
time=1.4144260883331299,1.4956681728363037,1.7557122707366943,1.792487621307373,1.708059549331665,1.6287336349487305,1.8601398468017578,2.0583667755126953,1.916745662689209,2.7854971885681152
----Iteration 5----
duplicated=1.0,3.0,1.0,6.0,15.0,25.0,8.0,18.0,18.0,23.0
memory=155.88671875,155.88671875,155.88671875,155.88671875,155.88671875,156.14453125,156.40234375,156.66015625,156.91796875,157.69140625
time=1.7164723873138428,1.8057880401611328,1.6698789596557617,1.798760175704956,1.8540534973144531,2.019217014312744,2.0672366619110107,2.0579090118408203,2.776306390762329,1.4981460571289062
----Iteration 6----
duplicated=0.0,4.0,12.0,18.0,10.0,16.0,5.0,19.0,22.0,9.0
memory=158.46484375,158.72265625,158.72265625,158.72265625,158.72265625,158.72265625,158.72265625,158.72265625,158.98046875,159.23828125
time=1.3816039562225342,1.7145121097564697,1.4444258213043213,1.665041208267212,1.6144063472747803,1.6177558898925781,1.7611498832702637,1.668067216873169,1.7871246337890625,1.7917850017547607
----Iteration 7----
duplicated=1.0,13.0,6.0,5.0,8.0,5.0,17.0,10.0,14.0,25.0
memory=158.72265625,158.72265625,158.72265625,158.72265625,158.72265625,158.72265625,158.72265625,158.98046875,159.23828125,159.23828125
time=1.6540098190307617,1.886146068572998,1.7414813041687012,1.5109469890594482,1.6968274116516113,1.8648769855499268,1.4923036098480225,1.6357598304748535,1.6515629291534424,1.6005215644836426
----Iteration 8----
duplicated=0.0,5.0,7.0,9.0,18.0,13.0,13.0,23.0,17.0,12.0
memory=159.49609375,159.75390625,159.75390625,159.75390625,159.75390625,159.75390625,159.75390625,159.75390625,160.01171875,160.01171875
time=1.0371406078338623,1.0568103790283203,1.1809639930725098,1.2113916873931885,1.2507100105285645,1.1541273593902588,1.2325637340545654,1.3284127712249756,1.2030563354492188,1.2435765266418457
----Iteration 9----
duplicated=1.0,9.0,14.0,8.0,15.0,9.0,15.0,8.0,18.0,23.0
memory=159.75390625,159.75390625,159.75390625,159.75390625,159.75390625,159.75390625,159.75390625,160.01171875,160.01171875,160.26953125
time=1.032634973526001,1.2047340869903564,1.160015344619751,1.0910882949829102,1.0803418159484863,1.2617619037628174,1.194108247756958,1.1885955333709717,1.2391650676727295,1.1500718593597412
