----Iteration 2----
9311,9072;
9311,9072;9161,9123;9533,9000;
9701,9309;9682,9337;9662,9346;9704,9272;
9701,9309;9682,9337;9662,9346;9704,9272;9756,9262;9878,9242;
9682,9337;9662,9346;9943,9326;9974,9306;
10010,9379;
10079,9559;
10167,9576;10259,9474;
10167,9576;10288,9477;10307,9419;
10167,9576;10288,9477;10322,9436;
----Iteration 0----
9565,9271;
9724,9459;9832,9415;
9872,9477;
9880,9533;9927,9494;
9880,9533;9927,9494;9655,9612;10304,8758;10279,9452;
9880,9533;9927,9494;9655,9612;10279,9452;10328,9447;
9880,9533;9655,9612;10279,9452;10328,9447;9847,9554;10247,9510;10493,9114;10463,9265;
9880,9533;10279,9452;10328,9447;9847,9554;10247,9510;10493,9114;10463,9265;9673,9654;9817,9581;10260,9476;10337,9412;10459,9282;10445,9305;10481,9201;10503,9087;
9880,9533;10328,9447;9847,9554;10247,9510;9673,9654;9817,9581;10445,9305;10285,9468;10266,9496;10365,9426;10368,9353;10489,9296;10531,9250;10539,9086;
9847,9554;9666,9665;9822,9664;10622,9517;10608,9536;
----Iteration 1----
9771,9395;
9882,9396;9904,9329;
9882,9396;10252,9380;
9882,9396;10252,9380;10441,9111;
9882,9396;10252,9380;10533,9179;
9882,9396;10252,9380;9046,9418;10403,9195;10539,9181;10586,9138;
9882,9396;10252,9380;9046,9418;9485,9409;10490,9211;10646,9202;10692,9160;
9882,9396;10252,9380;10646,9202;9282,9502;9610,9479;9719,9440;10514,9244;10595,9228;10683,9175;10726,9164;
9882,9396;10252,9380;10646,9202;10595,9228;9581,9555;9597,9518;9678,9482;9703,9474;9722,9445;10572,9253;10635,9206;10740,9198;10753,9184;10755,9078;
10252,9380;10572,9253;10740,9198;10753,9184;9750,9567;9829,9501;9915,9451;10567,9269;10647,9230;10771,9145;
----Iteration 3----
8940,8846;9198,8789;
9276,8972;9318,8940;
9696,9055;
9798,8959;9797,9085;
9797,9085;9810,9042;9865,9012;9937,8957;10014,8858;
9166,9119;9199,9102;10054,9087;
9242,9184;9475,9180;9579,9134;10260,9107;
9475,9180;9579,9134;10260,9107;9259,9204;
9475,9180;9579,9134;10260,9107;9259,9204;8632,9209;9709,9127;10368,9097;10391,8951;
9579,9134;9259,9204;8632,9209;9709,9127;10368,9097;8599,9239;9523,9197;10366,9107;10435,8959;
----Iteration 4----
9339,8914;9332,8975;9398,8586;9388,8664;
9339,8914;9332,8975;9565,8671;
9339,8914;9332,8975;9565,8671;9535,8675;9531,8718;9517,8755;9577,8612;
9339,8914;9332,8975;9078,9040;9631,8816;
9578,9157;10040,8991;
9578,9157;10040,8991;9703,9139;9733,9124;10059,8925;
10040,8991;9703,9139;9733,9124;10059,8925;9121,9294;9198,9251;9598,9246;9651,9232;9947,9034;9960,9008;10048,8968;10251,8680;
10040,8991;10059,8925;9121,9294;9598,9246;9651,9232;10048,8968;10251,8680;9269,9263;9803,9157;9970,9118;9992,9051;10007,9023;10200,8882;10217,8709;
9121,9294;9598,9246;9651,9232;9269,9263;9826,9191;10078,9182;10145,9115;10116,9148;10155,9069;10236,8980;10417,8815;
9121,9294;10417,8815;9124,9283;10333,9272;10343,9183;10345,9133;10370,8863;10389,8838;
----Iteration 5----
9420,9087;
9502,9123;9614,9050;
9502,9123;9614,9050;9450,9192;9452,9178;9545,9085;9563,9071;9752,8811;
9502,9123;9450,9192;9452,9178;9291,9203;9652,9053;9616,9117;9695,9015;9873,8877;
9502,9123;9450,9192;9452,9178;9616,9117;9416,9262;9721,9084;9737,9008;9919,8966;
9416,9262;9721,9084;9646,9213;9702,9137;9714,9118;9717,9098;9789,9033;9965,8994;9967,8964;
9965,8994;9967,8964;9747,9377;9902,9352;10098,8955;
9934,9614;9986,9570;10128,9548;10146,9495;10176,9455;
9934,9614;9986,9570;10128,9548;10146,9495;10184,9490;10236,9444;
9934,9614;9986,9570;10128,9548;10146,9495;10184,9490;10121,9561;10219,9460;10257,9445;
----Iteration 6----
9266,9069;
9406,9203;9412,9182;
9406,9203;9412,9182;9391,9252;9595,9164;
9406,9203;9391,9252;9635,9179;9633,9186;
9406,9203;9391,9252;9635,9179;9633,9186;9787,9057;
9406,9203;9391,9252;9635,9179;9633,9186;9812,9145;9816,9144;
9391,9252;9633,9186;9812,9145;9816,9144;9623,9242;9689,9147;9659,9181;9853,9083;9850,9130;
9850,9130;9495,9384;9741,9359;9836,9157;9911,9066;9909,9087;
9080,9558;9774,9408;9727,9409;9857,9395;9987,9309;10006,9234;10080,9158;
9987,9309;9113,9645;9662,9543;9862,9467;9909,9464;9928,9441;10034,9295;10107,9191;10127,9118;
----Iteration 7----
9314,9430;9787,9424;9872,9322;
9314,9430;9787,9424;9872,9322;9899,9321;9948,9063;
9314,9430;9787,9424;9872,9322;9899,9321;9832,9360;9979,9130;
9314,9430;9787,9424;10064,9406;10126,9306;10124,9354;10141,9281;
10141,9281;9089,9524;9090,9482;9141,9440;9189,9437;10127,9433;10162,9163;
9066,9560;9167,9537;9219,9505;10160,9465;10252,9298;
10160,9465;9210,9563;9713,9553;10261,9367;10281,9261;
10160,9465;9713,9553;10261,9367;9710,9618;10257,9458;10324,9178;10318,9291;
9725,9681;10276,9535;10293,9525;10345,9519;
9933,9788;10266,9597;10365,9535;10373,9514;
----Iteration 8----
8930,9214;
8824,9310;9248,9309;9280,9301;
8968,9381;9288,9309;9339,9264;9370,9206;
8968,9381;9465,9322;9508,9314;9534,9295;
9672,9484;9718,9434;
9672,9484;9733,9477;
9672,9484;9733,9477;8819,9488;9737,9423;9805,9375;
9672,9484;9733,9477;8819,9488;9737,9423;8794,9543;9776,9418;9864,9403;9899,9322;9919,9255;
8794,9543;9899,9322;9919,9255;8735,9594;9782,9542;9794,9454;9878,9430;9945,9226;
9899,9322;9919,9255;9878,9430;9945,9226;8855,9632;9797,9563;9805,9487;9957,9167;
----Iteration 9----
9232,9392;9352,9349;9360,9342;9541,9323;
9541,9323;9340,9432;9266,9435;9410,9416;9418,9409;9579,9206;
9873,9602;
9873,9602;9912,9584;10009,9544;10046,9445;
9873,9602;9912,9584;10009,9544;10101,9480;10106,9477;
9873,9602;10009,9544;10101,9480;10106,9477;9687,9637;9656,9723;9974,9599;10130,9417;10152,9371;10191,9336;
9873,9602;10009,9544;10101,9480;10106,9477;9656,9723;9974,9599;10130,9417;9401,9739;9744,9711;9780,9664;10038,9518;10079,9496;10238,9382;10278,9277;
10101,9480;10106,9477;10130,9417;10079,9496;9540,9816;9641,9784;9693,9755;9830,9727;9872,9654;10036,9649;10041,9643;10063,9527;10056,9539;10337,9393;
9540,9816;10337,9393;9771,9791;9900,9759;10004,9702;10054,9651;10059,9645;10145,9586;10386,9349;
10337,9393;10004,9702;10145,9586;10386,9349;9897,9877;9953,9761;10068,9663;10164,9497;10267,9405;10448,9287;
