----Iteration 0----
duplicated=0.0,5.0,3.0,1.0,8.0,9.0,6.0,13.0,9.0,8.0
memory=150.73046875,150.73046875,150.73046875,150.73046875,150.73046875,150.73046875,150.98828125,151.76171875,152.53515625,153.56640625
time=1.4376556873321533,1.514045238494873,1.4161717891693115,1.806319236755371,1.7932624816894531,1.7771520614624023,1.8106305599212646,1.670457124710083,1.7694499492645264,1.6557915210723877
----Iteration 1----
duplicated=0.0,9.0,4.0,12.0,15.0,1.0,5.0,8.0,10.0,8.0
memory=150.73046875,150.73046875,150.73046875,150.73046875,150.73046875,150.73046875,151.24609375,152.01953125,152.53515625,153.82421875
time=1.63492751121521,1.6242692470550537,1.5211100578308105,1.7253942489624023,1.793771743774414,1.670302391052246,1.6823992729187012,1.730595588684082,1.8305418491363525,1.7143774032592773
----Iteration 2----
duplicated=0.0,2.0,8.0,7.0,9.0,4.0,3.0,7.0,8.0,8.0
memory=155.88671875,155.88671875,155.88671875,155.88671875,155.88671875,156.14453125,156.40234375,156.66015625,156.91796875,157.17578125
time=1.464719295501709,1.8731648921966553,2.0818660259246826,2.1777055263519287,1.6721758842468262,2.040590286254883,1.9759981632232666,2.1199421882629395,1.9323241710662842,2.6207644939422607
----Iteration 3----
duplicated=0.0,2.0,7.0,2.0,16.0,2.0,4.0,2.0,6.0,17.0
memory=155.88671875,155.88671875,155.88671875,155.88671875,155.88671875,156.14453125,156.40234375,156.66015625,156.91796875,157.43359375
time=1.5468311309814453,1.5700981616973877,1.6981289386749268,1.9708750247955322,2.1331450939178467,1.771489143371582,2.0792489051818848,2.1085562705993652,2.9331014156341553,2.1391589641571045
----Iteration 4----
duplicated=0.0,1.0,5.0,13.0,6.0,13.0,8.0,11.0,11.0,14.0
memory=155.88671875,155.88671875,155.88671875,155.88671875,155.88671875,156.14453125,156.40234375,156.66015625,156.91796875,157.43359375
time=1.5436887741088867,1.5039024353027344,1.8396174907684326,2.04702091217041,1.7906091213226318,1.7165241241455078,2.071364641189575,2.2443153858184814,2.614877939224243,1.6360304355621338
----Iteration 5----
duplicated=0.0,0.0,4.0,6.0,3.0,8.0,8.0,11.0,2.0,7.0
memory=158.46484375,158.72265625,158.72265625,158.72265625,158.72265625,158.72265625,158.72265625,158.72265625,158.98046875,159.23828125
time=1.4186317920684814,1.8424291610717773,1.584176778793335,1.532067060470581,1.8485333919525146,1.7019426822662354,1.8076961040496826,1.7188677787780762,1.6430213451385498,1.7582859992980957
----Iteration 6----
duplicated=0.0,6.0,6.0,8.0,13.0,2.0,9.0,3.0,7.0,6.0
memory=158.72265625,158.72265625,158.72265625,158.72265625,158.72265625,158.72265625,158.72265625,158.98046875,159.23828125,159.49609375
time=1.5768463611602783,1.551708698272705,1.721496820449829,1.7732765674591064,1.8607549667358398,1.819288969039917,1.8896288871765137,1.9755675792694092,1.7451539039611816,1.5198938846588135
----Iteration 7----
duplicated=1.0,5.0,1.0,4.0,7.0,2.0,6.0,10.0,9.0,10.0
memory=158.72265625,158.72265625,158.72265625,158.72265625,158.72265625,158.72265625,158.72265625,158.98046875,159.23828125,159.49609375
time=1.6106352806091309,1.6827757358551025,1.7683918476104736,1.5589265823364258,1.950495719909668,1.6634678840637207,1.7182950973510742,1.7536966800689697,1.5357656478881836,1.4714415073394775
----Iteration 8----
duplicated=0.0,3.0,7.0,3.0,8.0,8.0,9.0,5.0,4.0,5.0
memory=159.75390625,159.75390625,159.75390625,159.75390625,159.75390625,159.75390625,159.75390625,160.01171875,160.01171875,160.26953125
time=0.9704411029815674,1.1977512836456299,1.3044536113739014,1.2064878940582275,1.1817889213562012,1.2200593948364258,1.4096148014068604,1.1230638027191162,1.2083721160888672,0.9616403579711914
----Iteration 9----
duplicated=0.0,4.0,2.0,9.0,5.0,5.0,9.0,3.0,11.0,12.0
memory=159.75390625,159.75390625,159.75390625,159.75390625,159.75390625,159.75390625,160.01171875,160.01171875,160.26953125,160.26953125
time=1.2734673023223877,1.2297043800354004,1.133751630783081,1.307330846786499,1.3486504554748535,1.1069765090942383,1.2740569114685059,1.1340579986572266,1.0951447486877441,0.41792845726013184
