----Iteration 2----
2985,2892;3105,2853;3074,2877;
3105,2853;3091,2960;3094,2923;3129,2827;
3091,2960;3058,2966;3099,2951;3181,2944;
3194,3090;3239,3055;3268,3042;3373,2991;
3490,3229;
3437,3235;3493,3233;
3437,3235;3493,3233;3417,3267;3524,3217;
3437,3235;3493,3233;3417,3267;3524,3217;
3493,3233;3417,3267;3449,3247;3526,3219;3521,3221;
3417,3267;3521,3221;3203,3283;3514,3266;3539,3220;3552,3191;
----Iteration 0----
3051,2967;3150,2922;3170,2841;
3051,2967;3250,2937;3335,2848;
3335,2848;3315,3039;
3427,3046;3456,3041;3463,3033;
3367,3060;3459,3051;3494,3041;
3367,3060;3459,3051;3494,3041;3466,3042;
3527,3096;3520,3105;
3527,3096;3520,3105;3304,3116;
3527,3096;3468,3141;3524,3139;3543,3062;
3527,3096;3468,3141;3524,3139;3549,3064;
----Iteration 1----
2948,3037;2960,2984;3025,2903;
3304,3066;3213,3088;
3285,3120;3308,3083;3328,3011;3332,2957;
3255,3185;3263,3143;3287,3132;3369,3103;
3369,3103;3308,3213;3352,3147;
3369,3103;3308,3213;3352,3147;3371,2993;
3369,3103;3352,3147;3335,3238;3409,3099;
3335,3238;3220,3249;3358,3211;3420,3207;
3335,3238;3358,3211;3420,3207;3157,3286;3226,3273;3287,3261;3465,3110;
3335,3238;3420,3207;3157,3286;3226,3273;3287,3261;3465,3110;3195,3278;3364,3230;3401,3215;
----Iteration 3----
2767,2904;2869,2806;
2993,3134;
3041,3109;3014,3151;3120,3062;
3120,3062;3078,3179;3115,3116;3123,2973;
3115,3116;3087,3233;3162,3074;3219,3009;3195,3032;
3087,3233;3162,3074;3143,3215;3246,3065;3282,2994;
3087,3233;3199,3226;3364,3086;3366,2922;
3199,3226;3112,3247;3207,3188;3367,3125;3353,3159;3386,3111;
3027,3331;3403,3255;3415,3180;
3012,3339;3067,3307;3034,3335;3439,3289;3471,3191;
----Iteration 4----
3031,2806;3005,2826;2993,3033;
2930,3083;3051,3073;3085,3040;3211,3026;
3173,3120;3350,3117;
3173,3120;3350,3117;3429,3105;
3350,3117;3429,3105;3296,3208;3406,3106;
3350,3117;3429,3105;3296,3208;3406,3106;3253,3224;3345,3162;3448,3065;
3429,3105;3253,3224;3448,3065;3327,3217;3440,3104;3415,3193;3417,3163;
3448,3065;3425,3260;3444,3139;3441,3157;
3425,3260;3444,3139;3441,3157;3430,3190;3475,3130;
3475,3130;3373,3322;3413,3301;3443,3279;3457,3147;
----Iteration 5----
2590,2838;2618,2827;2913,2791;2937,2544;2959,2486;
2761,2958;2804,2871;2933,2847;3001,2802;
2984,3205;3021,3165;3162,3045;3191,2929;
2984,3205;3021,3165;3162,3045;3022,3123;3144,3082;3235,3028;
2984,3205;3021,3165;3068,3124;3224,3091;3245,3087;3259,3016;
2984,3205;3021,3165;3298,3046;3278,3125;
2984,3205;3021,3165;3328,3131;3340,3060;
3328,3131;3340,3060;3059,3261;3064,3242;3084,3221;3305,3144;3325,3143;
3059,3261;3054,3271;3061,3254;3104,3247;3123,3181;3339,3152;3342,3114;
3059,3261;3054,3271;3061,3254;3104,3247;3339,3152;3056,3264;3103,3252;3109,3193;3158,3191;3278,3165;3335,3159;3405,3115;3416,3113;
----Iteration 6----
2882,2877;3232,2872;
2954,2964;3287,2945;
3387,2979;
3387,2979;2991,3005;3151,2983;3416,2971;
3416,2971;3401,3015;
3401,3015;3089,3075;3373,3069;3449,3011;
3401,3015;3373,3069;3449,3011;3107,3156;3139,3151;
3401,3015;3373,3069;3449,3011;3157,3170;
3401,3015;3373,3069;3449,3011;3157,3170;3186,3161;3223,3093;3475,2991;
3401,3015;3373,3069;3449,3011;3174,3247;3237,3225;3512,2999;
----Iteration 7----
3038,3006;3057,3003;3075,2968;
3118,3082;3183,3070;3203,2805;
3115,3115;3179,3091;3204,3084;
3120,3212;3167,3197;3207,3128;3233,3044;3289,2934;
3249,3242;3299,3198;
3283,3281;3370,3269;3403,3220;
3283,3281;3370,3269;3403,3220;3404,3188;
3208,3316;3417,3287;3445,3257;
3251,3415;3476,3347;
3251,3415;3476,3347;3459,3411;3511,3272;
----Iteration 8----
2811,3058;2862,2940;2913,2594;
2913,2594;2882,3152;2847,3158;
3045,3204;3059,3177;3102,3147;
3095,3266;3210,3263;
3210,3263;3143,3312;3161,3277;
3177,3316;3223,3307;3228,3258;
3177,3316;3223,3307;3310,3284;
3177,3316;3223,3307;3310,3284;3210,3315;
3177,3316;3223,3307;3210,3315;3295,3305;3370,3288;3375,3283;
3433,3345;3435,3299;
----Iteration 9----
2919,2899;3083,2784;3080,2842;
2792,2937;3126,2905;
3126,2905;2796,2942;3204,2869;3303,2821;
2796,2942;2756,2960;3044,2927;3181,2923;3335,2911;
3181,2923;3335,2911;2770,2982;2821,2949;3159,2941;3345,2905;
3384,3025;
3384,3025;2885,3093;3287,3042;
3384,3025;3287,3042;3070,3304;3083,3282;3233,3164;3261,3148;
3384,3025;3287,3042;3070,3304;3083,3282;3261,3148;3123,3191;3248,3167;3385,2945;
3384,3025;3070,3304;3083,3282;3123,3191;3248,3167;3385,2945;3127,3186;3274,3150;3288,3126;
