----Iteration 0----
14233,14864;14300,14815;14504,14597;14524,14573;
14233,14864;14300,14815;14653,14751;
15228,14932;15312,14747;
15228,14932;15058,15026;15192,14953;15397,14887;
15228,14932;15058,15026;15192,14953;15397,14887;15054,15048;15414,14827;
15228,14932;15058,15026;15192,14953;15397,14887;15054,15048;15444,14775;15417,14855;15446,14628;15452,14577;
15228,14932;15058,15026;15192,14953;15054,15048;15656,14893;15675,14814;
15228,14932;15058,15026;15192,14953;15054,15048;15672,14899;15683,14815;
15228,14932;15058,15026;15192,14953;15054,15048;15702,14924;15806,14858;15939,14835;15955,14780;
15058,15026;15192,14953;15054,15048;14743,15059;16021,14935;16068,14934;
----Iteration 1----
15082,14178;15031,14180;15257,14106;15306,14063;
15331,14463;
15331,14463;15417,14434;
15413,14482;15407,14498;15451,14463;
15437,14644;15623,14551;
15437,14644;14846,14679;15576,14569;15644,14558;15761,14550;
14846,14679;14733,14688;15559,14653;16138,14630;
16319,14793;
16319,14793;16320,14763;
16349,14897;
----Iteration 2----
14411,14220;14451,14200;14714,14192;14961,14165;15214,14093;
15271,14425;15399,14410;
15377,14459;15430,14457;15467,14456;15492,14448;15544,14338;
15914,14674;
16142,14837;
16275,14934;
16349,14985;16398,14958;16502,14929;
16611,14993;
16611,14993;16620,14968;
16638,15046;16704,14997;
----Iteration 3----
15530,14467;15535,14364;
15580,14477;15634,14417;
15580,14477;15476,14560;15652,14423;15768,14420;15770,14308;
15476,14560;15744,14518;15787,14475;15881,14436;
15476,14560;15744,14518;15787,14475;15881,14436;15994,14366;16010,14352;16012,14347;
16086,14643;16384,14612;
16086,14643;16391,14624;
16749,14731;16742,14886;
16839,14971;
16873,15046;16874,14958;
----Iteration 4----
14665,13938;14673,13923;15342,13921;
16167,14141;
16197,14194;16193,14230;
16278,14421;
16278,14421;16313,14400;
16424,14505;
16424,14505;
16554,14572;16578,14559;16591,14451;
16677,14607;16688,14560;
16677,14607;16629,14622;16640,14614;16737,14573;16745,14433;
----Iteration 5----
14872,14480;14953,14439;
15435,14841;
15578,14855;
15578,14855;15802,14803;15867,14784;
15578,14855;16067,14816;
15578,14855;16087,14835;
15578,14855;16087,14835;16146,14785;
15578,14855;16233,14837;16237,14797;
16564,15013;
16564,15013;16601,15005;
----Iteration 6----
14384,14158;14489,14130;14553,14111;14560,13875;14577,13747;
14474,14179;14439,14180;14661,14159;14680,14136;
14133,14249;14738,14218;14752,14210;
14831,14333;14956,14265;
14831,14333;14686,14365;15055,14331;
15083,14450;
15083,14450;14517,14457;14495,14471;15136,14448;15156,14417;15150,14422;15180,14331;15187,14326;
15573,14712;15588,14665;
15567,14817;15586,14759;15613,14733;15630,14728;
15786,15104;15816,15034;
----Iteration 7----
15260,14452;15667,14109;
15260,14452;15398,14446;15761,14217;
15897,14653;16000,14482;
15897,14653;16017,14642;16143,14439;
16068,14736;16138,14498;16180,14465;
16585,14884;
16593,14939;16641,14840;
16740,15157;
16740,15157;16851,15132;
16948,15330;
----Iteration 8----
14428,14382;14742,14340;
14451,14477;15328,14359;
14451,14477;15401,14435;
15484,14513;
15616,14517;
15737,14548;15903,14546;15913,14527;
15903,14546;15913,14527;15824,14597;15950,14429;15970,14386;
15848,14642;16043,14612;
15848,14642;16043,14612;16010,14635;16165,14601;16194,14596;
16165,14601;16194,14596;15834,14730;16036,14700;16093,14641;16223,14548;16361,14530;
----Iteration 9----
14499,13814;14557,13769;
14692,14194;14753,13950;
14692,14194;14830,14061;14836,14008;14793,14108;
14692,14194;14793,14108;14934,14079;14983,13845;
14692,14194;14793,14108;14934,14079;14983,13845;14772,14138;14862,14094;14972,14068;14982,14051;
15120,14428;15119,14477;
15201,14497;15224,14432;15230,14382;
15231,14441;15221,14528;
15221,14528;15396,14523;
15563,14740;15566,14589;
