----Iteration 2----
x_MOEAD_NFTS=[3417, 3521, 3203, 3514, 3539, 3552]
y_MOEAD_NFTS=[3267, 3221, 3283, 3266, 3220, 3191]
----Iteration 0----
x_MOEAD_NFTS=[3527, 3468, 3524, 3549]
y_MOEAD_NFTS=[3096, 3141, 3139, 3064]
----Iteration 1----
x_MOEAD_NFTS=[3335, 3420, 3157, 3226, 3287, 3465, 3195, 3364, 3401]
y_MOEAD_NFTS=[3238, 3207, 3286, 3273, 3261, 3110, 3278, 3230, 3215]
----Iteration 3----
x_MOEAD_NFTS=[3012, 3067, 3034, 3439, 3471]
y_MOEAD_NFTS=[3339, 3307, 3335, 3289, 3191]
----Iteration 4----
x_MOEAD_NFTS=[3475, 3373, 3413, 3443, 3457]
y_MOEAD_NFTS=[3130, 3322, 3301, 3279, 3147]
----Iteration 5----
x_MOEAD_NFTS=[3059, 3054, 3061, 3104, 3339, 3056, 3103, 3109, 3158, 3278, 3335, 3405, 3416]
y_MOEAD_NFTS=[3261, 3271, 3254, 3247, 3152, 3264, 3252, 3193, 3191, 3165, 3159, 3115, 3113]
----Iteration 6----
x_MOEAD_NFTS=[3401, 3373, 3449, 3174, 3237, 3512]
y_MOEAD_NFTS=[3015, 3069, 3011, 3247, 3225, 2999]
----Iteration 7----
x_MOEAD_NFTS=[3251, 3476, 3459, 3511]
y_MOEAD_NFTS=[3415, 3347, 3411, 3272]
----Iteration 8----
x_MOEAD_NFTS=[3433, 3435]
y_MOEAD_NFTS=[3345, 3299]
----Iteration 9----
x_MOEAD_NFTS=[3384, 3070, 3083, 3123, 3248, 3385, 3127, 3274, 3288]
y_MOEAD_NFTS=[3025, 3304, 3282, 3191, 3167, 2945, 3186, 3150, 3126]
----End of Run----
