----Iteration 2----
duplicated=0.0,6.0,0.0,8.0,6.0,6.0,3.0,8.0,11.0,14.0
memory=150.47265625,150.73046875,150.73046875,150.73046875,150.73046875,150.73046875,150.98828125,151.50390625,152.27734375,152.79296875
time=1.333205223083496,1.4296939373016357,1.2869703769683838,1.3960437774658203,1.6001720428466797,1.7926948070526123,1.6539933681488037,1.6959357261657715,1.594604730606079,1.6049120426177979
----Iteration 0----
duplicated=0.0,5.0,11.0,5.0,6.0,8.0,10.0,5.0,16.0,10.0
memory=150.47265625,150.73046875,150.73046875,150.73046875,150.73046875,150.73046875,150.98828125,151.50390625,152.27734375,152.79296875
time=1.4336416721343994,1.4284930229187012,1.448612928390503,1.354245662689209,1.752868890762329,1.6195085048675537,1.4414687156677246,1.7365953922271729,1.6202731132507324,1.7979340553283691
----Iteration 1----
duplicated=0.0,5.0,6.0,6.0,5.0,12.0,13.0,8.0,10.0,9.0
memory=150.73046875,150.73046875,150.73046875,150.73046875,150.73046875,150.73046875,150.98828125,151.76171875,152.53515625,153.05078125
time=1.4702816009521484,1.316770315170288,1.426191806793213,1.5401248931884766,1.707822561264038,1.666754961013794,1.7904002666473389,1.810807228088379,1.798997402191162,1.7265658378601074
----Iteration 3----
duplicated=0.0,7.0,0.0,3.0,5.0,2.0,8.0,8.0,10.0,2.0
memory=155.88671875,155.88671875,155.88671875,155.88671875,155.88671875,155.88671875,156.14453125,156.66015625,156.91796875,157.17578125
time=1.4862444400787354,1.8509774208068848,1.8117609024047852,1.9119257926940918,1.7813708782196045,1.8730401992797852,1.9745721817016602,2.2263364791870117,2.220499277114868,2.3227622509002686
----Iteration 4----
duplicated=0.0,0.0,12.0,9.0,3.0,8.0,6.0,9.0,4.0,10.0
memory=155.88671875,155.88671875,155.88671875,155.88671875,155.88671875,156.14453125,156.40234375,156.66015625,156.91796875,157.17578125
time=1.6339983940124512,1.69734787940979,1.8691425323486328,1.8333909511566162,1.7175405025482178,1.726182460784912,1.9905586242675781,2.1390886306762695,2.5437545776367188,1.870450735092163
----Iteration 5----
duplicated=0.0,7.0,6.0,6.0,14.0,1.0,3.0,1.0,3.0,16.0
memory=158.46484375,158.72265625,158.72265625,158.72265625,158.72265625,158.72265625,158.72265625,158.72265625,158.98046875,158.98046875
time=1.099752426147461,1.7602722644805908,1.812056303024292,1.7178261280059814,1.7135746479034424,1.693293571472168,1.7504701614379883,1.7182891368865967,1.811213493347168,1.5880379676818848
----Iteration 6----
duplicated=0.0,6.0,5.0,5.0,9.0,7.0,7.0,3.0,3.0,8.0
memory=158.72265625,158.72265625,158.72265625,158.72265625,158.72265625,158.72265625,158.72265625,158.72265625,158.98046875,159.23828125
time=1.4122264385223389,1.694777250289917,1.722217321395874,1.6635468006134033,1.6365106105804443,1.8268811702728271,1.6915714740753174,1.7141046524047852,1.5835070610046387,1.7609076499938965
----Iteration 7----
duplicated=0.0,1.0,6.0,11.0,7.0,12.0,4.0,9.0,5.0,9.0
memory=158.72265625,158.72265625,158.72265625,158.72265625,158.72265625,158.72265625,158.72265625,158.98046875,159.23828125,159.49609375
time=1.6204891204833984,1.5306270122528076,1.7113604545593262,1.7922849655151367,1.6046254634857178,1.6672937870025635,1.8778109550476074,1.6125705242156982,1.7269608974456787,1.5725536346435547
----Iteration 8----
duplicated=0.0,6.0,3.0,0.0,1.0,4.0,3.0,8.0,7.0,19.0
memory=159.75390625,159.75390625,159.75390625,159.75390625,159.75390625,159.75390625,159.75390625,159.75390625,160.01171875,160.26953125
time=0.9892013072967529,0.9839966297149658,1.2420642375946045,1.1998217105865479,1.3050107955932617,1.1249175071716309,1.1314544677734375,1.2301580905914307,1.3230230808258057,1.5022156238555908
----Iteration 9----
duplicated=0.0,3.0,3.0,4.0,5.0,7.0,8.0,5.0,15.0,11.0
memory=159.75390625,159.75390625,159.75390625,159.75390625,159.75390625,159.75390625,159.75390625,160.01171875,160.26953125,160.26953125
time=1.3105106353759766,1.0298287868499756,1.2199280261993408,1.1674206256866455,1.3153114318847656,1.2845747470855713,1.2786836624145508,1.293776512145996,1.1736104488372803,0.6092145442962646
