----Iteration 0----
1220,184;1200,295;1199,304;1224,-41;
1340,453;1341,418;1362,373;1496,271;1497,247;
1340,453;1341,418;1362,373;817,486;1360,389;1382,351;1657,307;1646,341;
1340,453;1341,418;1362,373;817,486;1360,389;322,494;1710,355;1771,349;
1340,453;1341,418;817,486;1771,349;485,508;559,495;1725,394;1837,221;1820,241;1904,146;1936,145;
1340,453;817,486;593,571;1066,476;1095,474;1991,444;2018,396;
1142,750;1148,695;1257,659;1505,569;2088,533;
1142,750;1148,695;1257,659;1505,569;1099,765;1066,778;1136,760;1198,689;1221,687;1243,661;1278,638;1289,627;2139,501;2119,543;2174,424;
1208,846;1225,834;1386,676;1786,594;1877,583;2120,553;2217,480;2198,511;
1302,933;1336,850;1414,754;1525,724;2036,710;2197,681;2315,619;2324,605;2339,551;
----Iteration 1----
952,602;1222,552;
1236,905;1271,897;1324,896;1366,783;1412,726;1434,691;
1236,905;1280,899;1417,868;1406,897;1467,864;1514,824;1624,817;1712,794;
1236,905;1280,899;1193,992;1542,897;1569,873;1870,835;
1542,897;1569,873;1870,835;1222,1091;1311,1054;1552,885;1638,858;1825,842;1884,829;1954,809;
1870,835;1884,829;1954,809;1633,1140;1680,1004;1838,954;2022,697;
2005,1281;2014,1224;2117,702;2091,721;2047,777;
1877,1328;2144,1225;2090,1326;2115,1280;2132,1233;2313,1217;
2090,1326;2074,1412;2106,1312;2238,1294;2271,1284;2310,1283;2348,1251;2393,1218;
1352,1512;2414,1504;2437,1501;2441,1432;2481,1431;2507,1341;
----Iteration 2----
1508,285;
1649,354;
1671,413;1724,390;1811,384;
1671,413;1724,390;1811,384;1144,418;1864,356;1910,343;1981,315;2016,268;
1671,413;1724,390;1811,384;1144,418;1864,356;1910,343;699,472;1299,414;1988,337;2114,316;
1671,413;1724,390;1811,384;1864,356;729,602;766,574;1065,523;1250,488;1282,464;1382,436;1435,426;2183,328;2153,350;
1671,413;1724,390;1811,384;1864,356;766,574;2183,328;2153,350;752,639;757,586;1062,561;1350,546;1363,535;1562,436;1565,433;2278,302;2273,311;
754,699;803,697;1538,636;2412,469;2386,507;
754,699;803,697;810,694;880,686;1585,663;2445,600;2476,523;
1585,663;1316,787;1568,754;2488,627;2610,586;
----Iteration 3----
993,15;1098,-16;
1057,171;1181,169;1227,159;1316,85;
1057,171;1181,169;1227,159;1316,85;1241,117;1382,47;1380,63;1438,46;
1057,171;1181,169;1316,85;870,210;1031,184;1230,161;1248,120;1627,64;1659,43;1680,8;
955,313;1019,231;1625,213;1649,181;1838,104;1842,83;
955,313;1625,213;960,312;973,266;1062,264;1353,224;1915,199;
1467,556;1523,520;1527,518;1851,411;1900,376;1910,295;1923,286;1941,188;
1467,556;1409,578;1463,566;1531,534;1841,513;1850,468;1995,456;
1463,566;983,672;991,622;1459,611;2089,514;2082,557;2095,511;
1589,888;1650,839;1660,772;1675,717;1710,703;1731,667;2180,652;2223,642;
----Iteration 4----
1220,807;1210,824;1301,785;1362,762;1416,761;1474,710;
1220,807;1210,824;1148,865;1378,801;1486,786;1504,705;
995,934;1462,903;1657,778;1612,822;1633,813;1675,659;1692,606;1713,603;1719,580;1723,555;
1692,606;1713,603;1641,992;1675,966;1679,945;1689,894;1691,864;1792,596;1757,600;1811,565;1821,524;
1649,1008;1684,967;1754,965;1844,888;1873,843;1962,736;2044,675;
1649,1008;1684,967;1457,1095;1988,966;2021,921;2091,744;
1457,1095;1988,966;1502,1084;1578,1069;1724,1028;1882,1008;2098,911;2035,925;2116,864;2151,850;2186,838;2196,825;
1390,1230;2343,1221;2453,1186;
2343,1221;2453,1186;1489,1343;1490,1305;1547,1288;2004,1222;2477,1155;2466,1166;
2343,1221;1489,1343;2004,1222;1506,1316;1581,1285;1571,1302;2535,1203;2559,1156;2575,1106;
----Iteration 5----
1651,45;1572,195;1555,220;1552,222;1596,173;
1572,195;1555,220;1552,222;1597,192;1758,156;1728,158;1782,140;1675,164;1798,88;1862,72;
1993,256;2048,143;2037,167;
1993,256;2048,143;2037,167;2212,-32;2115,-13;
1993,256;2048,143;2037,167;2212,-32;2207,74;2156,113;2208,36;2197,90;2210,20;
1993,256;1552,336;1641,265;2295,241;2306,230;
1424,361;1396,392;1557,347;2423,342;
1558,449;1579,440;1895,428;2523,386;2571,342;2577,315;
2523,386;2571,342;2577,315;1484,523;1791,519;1826,469;1956,446;2108,412;2696,301;2690,311;2740,280;
2523,386;2571,342;2690,311;2740,280;1960,643;2338,587;2371,531;2673,316;2729,304;2766,277;
----Iteration 6----
923,940;937,939;956,938;983,927;1023,890;
923,940;937,939;956,938;1083,870;1073,927;1172,867;1240,849;1310,831;
923,940;937,939;956,938;1083,870;1073,927;1172,867;766,959;1353,866;1366,859;
1365,981;1421,963;
1696,1470;1710,1439;1745,1416;1820,1360;
1696,1470;1710,1439;1745,1416;1820,1360;1766,1399;1825,1279;1844,1273;1854,1230;
1958,1517;1973,1515;2011,1431;2070,1297;2080,1206;
1958,1517;1973,1515;2070,1297;1986,1506;2050,1486;2054,1446;2063,1344;2173,1224;2198,1082;
2173,1224;2110,1654;2137,1637;2234,1193;2216,1200;2330,1176;
2110,1654;2137,1637;2169,1561;2215,1484;2198,1495;2242,1442;2381,1242;2380,1251;
----Iteration 7----
1011,326;1027,283;1582,213;1632,144;1661,102;1662,84;
1011,326;1027,283;1201,223;1412,222;1747,215;1772,204;
1011,326;1027,283;1813,245;1810,273;
2012,468;2086,456;
2327,518;2331,502;
2338,557;2551,519;
2564,488;2560,578;
2560,578;2640,485;2627,492;
2560,578;1097,585;2633,576;2757,478;2752,546;
2560,578;2633,576;1356,693;1381,681;1609,579;2875,557;2884,503;
----Iteration 8----
1014,614;1094,603;1114,590;1136,559;1274,284;
1014,614;1094,603;1114,590;849,617;1202,502;1189,588;1238,459;1418,319;1431,308;
1014,614;1094,603;1114,590;849,617;1202,502;1189,588;1224,467;1240,465;1261,435;1350,419;1425,384;1413,416;1480,335;
1014,614;1094,603;1114,590;849,617;1189,588;1612,579;1721,503;
1014,614;849,617;498,625;1007,616;1799,607;
1938,774;
2051,860;
2124,947;
2124,947;2133,944;2203,912;
2124,947;2133,944;2203,912;2169,927;2251,868;2292,682;2272,724;
----Iteration 9----
1280,854;
1343,936;1392,897;
884,977;1469,941;1495,940;1511,912;1521,887;1523,877;
884,977;1495,940;1511,912;1476,974;1725,893;
884,977;1495,940;1476,974;1808,932;1816,890;
1808,932;831,1174;1082,1031;1088,1030;1100,998;1671,974;1915,923;1955,922;2007,881;
831,1174;1082,1031;1088,1030;1671,974;1032,1081;1033,1066;1078,1062;1290,1010;1317,993;2041,964;2156,939;2177,934;
831,1174;1082,1031;1088,1030;1032,1081;1033,1066;1078,1062;1290,1010;2177,934;461,1196;2071,995;2145,956;2167,939;
2249,1259;2284,1242;2370,1206;2375,1171;
2357,1314;2610,1275;2645,1264;2663,1200;
