----Iteration 1----
x_MOEAD_NFTS=[740, 787, 841, 899, 1314, 1430, 1565, 1572, 1593, 1596]
y_MOEAD_NFTS=[984, 899, 821, 819, 809, 787, 757, 718, 702, 700]
----Iteration 0----
x_MOEAD_NFTS=[379, 521, 553, 895, 865, 1681, 1707]
y_MOEAD_NFTS=[1112, 1057, 1055, 1004, 1048, 986, 916]
----Iteration 2----
x_MOEAD_NFTS=[1184, 1359, 363, 1303, 1461, 1615, 1635, -92, 301, 303, 1547, 1594, 1614, 1640]
y_MOEAD_NFTS=[848, 808, 904, 818, 750, 642, 609, 970, 959, 931, 731, 688, 678, 587]
----Iteration 3----
x_MOEAD_NFTS=[932, 952, 928, 1052, 1445, 1635, 1657, 1684, 1706]
y_MOEAD_NFTS=[1258, 1152, 1284, 983, 981, 889, 819, 782, 753]
----Iteration 4----
x_MOEAD_NFTS=[784, 796, 272, 298, -53, 276, 262, 754, 821, 944, 1211, 101, 55, 32, 404, 730, 736, 766, 783, 1210, 1248, 1255]
y_MOEAD_NFTS=[807, 801, 970, 952, 1107, 956, 1005, 886, 779, 768, 719, 1026, 1046, 1091, 943, 942, 929, 857, 809, 755, 716, 713]
----Iteration 5----
x_MOEAD_NFTS=[649, 683, 693, 806, 1542]
y_MOEAD_NFTS=[979, 965, 939, 915, 824]
----Iteration 6----
x_MOEAD_NFTS=[1011, 1025, 1408, 1455, 126, 381, 892, 1173, 1319, 1476, 1451, 1542]
y_MOEAD_NFTS=[1126, 1080, 1006, 971, 1189, 1158, 1127, 1040, 1026, 956, 998, 909]
----Iteration 7----
x_MOEAD_NFTS=[1472, 1611, 1208, 449, 1139, 1359, 1428, 1800, 1798, 1825]
y_MOEAD_NFTS=[728, 712, 806, 1042, 942, 788, 752, 697, 700, 683]
----Iteration 9----
x_MOEAD_NFTS=[711, 717, 1157, 1285]
y_MOEAD_NFTS=[1359, 1251, 1133, 1107]
----Iteration 8----
x_MOEAD_NFTS=[598, 352, 175, 200, 263, 289, 332, 533, 560, 692, 1014, 1042, 1044, 1069, 1236, 1263, 1267]
y_MOEAD_NFTS=[962, 983, 1229, 1212, 1187, 1125, 1070, 982, 965, 921, 913, 910, 875, 865, 863, 856, 816]
----End of Run----
