----Iteration 1----
duplicated=0.0,1.0,3.0,12.0,0.0,8.0,11.0,9.0,12.0,6.0
memory=150.3828125,150.3828125,150.3828125,150.3828125,150.640625,151.15625,151.671875,153.21875,153.4765625,154.5078125
time=1.017819881439209,1.1114857196807861,1.2053115367889404,1.0122015476226807,1.2572014331817627,1.3980960845947266,1.237908124923706,1.0671966075897217,1.1310901641845703,1.0455269813537598
----Iteration 2----
duplicated=0.0,1.0,2.0,0.0,6.0,6.0,13.0,5.0,8.0,8.0
memory=150.3828125,150.3828125,150.3828125,150.3828125,150.640625,151.15625,151.671875,153.21875,153.4765625,154.765625
time=1.0175371170043945,1.1817803382873535,1.0282378196716309,1.0561206340789795,1.1485137939453125,1.381145715713501,1.3313417434692383,1.317702054977417,1.1321518421173096,1.3324215412139893
----Iteration 0----
duplicated=1.0,4.0,6.0,5.0,10.0,9.0,10.0,7.0,7.0,6.0
memory=150.3828125,150.3828125,150.3828125,150.3828125,150.640625,151.4140625,152.4453125,153.21875,154.25,155.0234375
time=1.2162795066833496,1.1810123920440674,1.126863718032837,1.1901748180389404,1.2236342430114746,1.364551067352295,1.3079111576080322,1.076552391052246,1.0449838638305664,1.233058214187622
----Iteration 5----
duplicated=0.0,2.0,3.0,8.0,5.0,9.0,5.0,10.0,8.0,6.0
memory=158.375,158.375,158.375,158.375,158.375,159.1484375,159.6640625,160.4375,160.953125,162.5
time=1.2954530715942383,1.5740885734558105,1.2622418403625488,1.280975341796875,1.4340765476226807,1.4160137176513672,1.5516424179077148,1.3465492725372314,1.4133639335632324,1.5300297737121582
----Iteration 4----
duplicated=0.0,3.0,8.0,6.0,7.0,8.0,10.0,10.0,21.0,6.0
memory=158.375,158.375,158.375,158.375,158.6328125,159.40625,159.6640625,160.4375,161.7265625,162.5
time=1.5576283931732178,1.319828748703003,1.5397989749908447,1.48866605758667,1.6866264343261719,1.435896635055542,1.365644931793213,1.423548936843872,1.4660968780517578,1.3142027854919434
----Iteration 3----
duplicated=0.0,3.0,3.0,2.0,8.0,4.0,13.0,10.0,10.0,14.0
memory=158.375,158.375,158.375,158.375,158.375,159.1484375,159.6640625,160.4375,161.46875,162.5
time=1.3097894191741943,1.4560575485229492,1.4322128295898438,1.3442208766937256,1.6355390548706055,1.4867582321166992,1.6972486972808838,1.2824132442474365,1.7629148960113525,1.601487636566162
----Iteration 6----
duplicated=1.0,3.0,7.0,1.0,6.0,5.0,11.0,10.0,5.0,25.0
memory=162.7578125,163.015625,163.015625,163.015625,163.015625,163.2734375,163.7890625,163.7890625,164.3046875,164.8203125
time=1.1869118213653564,1.405080795288086,1.8260903358459473,1.6021249294281006,1.994194746017456,1.7367074489593506,1.9892618656158447,1.5010178089141846,2.1916470527648926,1.6158108711242676
----Iteration 7----
duplicated=0.0,5.0,11.0,8.0,4.0,3.0,11.0,4.0,8.0,11.0
memory=163.015625,163.015625,163.015625,163.015625,163.2734375,163.53125,163.7890625,164.3046875,164.3046875,164.8203125
time=1.1926124095916748,1.463803768157959,2.2839953899383545,1.762782096862793,1.7142915725708008,1.928713083267212,1.8349640369415283,1.4254992008209229,2.1653521060943604,1.7422244548797607
----Iteration 8----
duplicated=0.0,1.0,2.0,3.0,6.0,4.0,5.0,14.0,13.0,1.0
memory=164.8203125,164.8203125,164.8203125,164.8203125,164.8203125,164.8203125,164.8203125,164.8203125,164.8203125,165.078125
time=0.7942667007446289,1.0407671928405762,1.1387367248535156,1.0302906036376953,1.0367066860198975,0.9418702125549316,1.0335845947265625,1.0462164878845215,1.0571999549865723,1.1289143562316895
----Iteration 9----
duplicated=1.0,4.0,1.0,4.0,11.0,7.0,16.0,7.0,13.0,17.0
memory=164.8203125,164.8203125,164.8203125,164.8203125,164.8203125,164.8203125,164.8203125,164.8203125,164.8203125,165.3359375
time=0.9457857608795166,1.0294420719146729,1.121345043182373,1.0226712226867676,1.0023572444915771,0.9614014625549316,1.0550413131713867,0.9913554191589355,1.1241445541381836,1.1337690353393555
