----Iteration 1----
527,541;550,521;552,485;
392,648;696,623;765,611;816,561;
440,826;477,815;886,676;887,558;
440,826;477,815;886,676;639,765;677,758;719,716;965,591;1066,548;
440,826;477,815;639,765;677,758;651,762;756,725;957,706;1118,620;1130,601;
440,826;477,815;1118,620;1130,601;70,841;484,791;807,774;813,714;1081,712;1293,539;
477,815;807,774;813,714;1081,712;449,858;590,791;1108,709;1344,647;1376,629;1348,646;
807,774;421,916;484,889;648,832;688,795;1096,718;1348,711;1420,694;1503,590;1491,596;
421,916;533,896;554,879;562,860;689,856;723,851;809,790;1263,781;1386,738;1460,711;1548,658;1567,573;
740,984;787,899;841,821;899,819;1314,809;1430,787;1565,757;1572,718;1593,702;1596,700;
----Iteration 2----
460,437;487,392;
559,577;626,297;690,231;734,191;
559,577;584,569;636,537;638,535;718,372;739,240;795,234;
-332,651;840,631;884,281;922,242;905,258;
924,787;914,804;926,782;1045,778;1123,765;1136,523;
1184,848;
1184,848;-121,916;1186,809;1359,808;1384,728;1483,727;
1184,848;-121,916;1359,808;1384,728;1483,727;363,904;1247,810;1516,708;1574,655;
1184,848;-121,916;1359,808;1483,727;363,904;1516,708;1303,818;1461,750;1522,661;1596,655;1615,642;1635,609;
1184,848;1359,808;363,904;1303,818;1461,750;1615,642;1635,609;-92,970;301,959;303,931;1547,731;1594,688;1614,678;1640,587;
----Iteration 0----
156,490;507,464;517,415;
606,754;641,730;689,729;
849,841;1019,801;1025,783;
1019,801;1025,783;876,867;892,829;1056,777;1100,762;1073,775;1139,721;1198,688;
1019,801;1025,783;1056,777;1100,762;1073,775;1009,926;1012,839;1099,766;1236,729;1287,712;
1019,801;1009,926;1012,839;-156,932;1342,784;
1019,801;1009,926;1012,839;188,1074;274,935;1363,785;1371,778;1396,707;
1009,926;188,1074;234,1016;247,1011;278,988;291,971;304,961;759,948;1372,845;1355,874;1397,832;1419,761;
188,1074;265,1040;216,1072;821,1001;1570,970;
379,1112;521,1057;553,1055;895,1004;865,1048;1681,986;1707,916;
----Iteration 3----
566,852;614,840;811,746;803,779;
566,852;614,840;803,779;782,832;825,769;826,766;831,741;880,726;872,740;889,704;
883,913;906,868;1225,795;
883,913;906,868;1225,795;1335,723;1374,682;
883,913;906,868;1225,795;1335,723;1374,682;1375,646;1365,698;
883,913;906,868;1225,795;1335,723;1365,698;1400,689;1408,671;1411,665;1426,644;
883,913;906,868;1225,795;520,1183;981,859;1028,808;1435,711;1424,759;1489,681;1541,660;
883,913;520,1183;537,1093;563,1092;833,991;880,924;897,888;989,879;1028,838;1056,830;1111,816;1424,765;1421,811;1484,756;1625,727;1691,697;1664,703;
1691,697;932,1258;952,1152;1006,885;1024,845;1061,844;1495,830;1554,814;1653,760;1687,747;
932,1258;952,1152;928,1284;1052,983;1445,981;1635,889;1657,819;1684,782;1706,753;
----Iteration 4----
323,720;459,481;
372,735;471,712;529,567;724,562;725,489;
372,735;471,712;811,656;
372,735;471,712;811,656;-231,764;-199,763;-155,744;-73,737;852,632;915,576;
372,735;471,712;811,656;852,632;915,576;-28,805;50,743;501,687;528,662;879,600;913,595;
372,735;471,712;811,656;852,632;501,687;913,595;-62,899;-98,970;-72,948;314,874;464,722;655,683;893,617;937,583;992,540;1040,530;
811,656;852,632;-62,899;-98,970;-72,948;314,874;893,617;937,583;1040,530;318,818;488,790;510,773;518,766;662,718;666,711;807,701;928,605;974,576;1003,550;1019,547;
807,701;-76,1009;167,960;630,913;784,807;796,801;806,759;899,685;1157,658;1158,628;
630,913;784,807;796,801;272,970;298,952;-53,1107;276,956;262,1005;754,886;821,779;944,768;976,747;1009,731;1003,740;1211,719;
784,807;796,801;272,970;298,952;-53,1107;276,956;262,1005;754,886;821,779;944,768;1211,719;101,1026;55,1046;32,1091;404,943;730,942;736,929;766,857;783,809;1210,755;1248,716;1255,713;
----Iteration 5----
113,665;239,623;275,606;375,549;460,524;444,526;484,447;473,479;
463,695;491,648;502,642;679,602;746,494;748,458;
463,695;491,648;502,642;692,603;779,474;756,519;805,440;919,366;
463,695;491,648;502,642;692,603;560,629;731,547;758,530;802,517;809,492;819,467;830,458;839,451;888,431;961,420;968,384;966,386;
463,695;491,648;502,642;692,603;560,629;731,547;714,581;762,546;768,537;840,535;909,520;999,479;1043,477;1100,422;1104,356;
282,748;587,744;640,676;727,615;912,610;1170,561;1199,538;1229,536;
282,748;587,744;724,676;1150,657;1194,601;1258,548;
-93,771;307,750;608,747;657,704;929,702;1304,688;1313,660;
655,940;739,856;1426,759;
649,979;683,965;693,939;806,915;1542,824;
----Iteration 6----
65,558;33,604;43,592;240,455;
80,846;166,827;320,799;371,681;
80,846;483,827;519,805;554,768;
471,855;543,843;653,795;746,722;731,775;
543,843;453,899;495,884;546,827;653,823;856,779;
913,1113;985,1021;974,1066;
974,1066;965,1113;1034,1039;1143,1025;1183,989;
1034,1039;1143,1025;-132,1133;1011,1126;1267,1012;1317,1009;
1034,1039;1143,1025;1011,1126;1267,1012;1317,1009;-29,1167;129,1142;1025,1080;1074,1036;1408,1006;1450,994;1455,971;
1011,1126;1025,1080;1408,1006;1455,971;126,1189;381,1158;892,1127;1173,1040;1319,1026;1476,956;1451,998;1542,909;
----Iteration 7----
645,332;
984,742;
1047,784;1091,729;
1047,784;1206,769;1221,758;1228,719;
1047,784;1206,769;1221,758;1226,754;1265,727;1297,712;1304,709;
1047,784;1206,769;1221,758;1226,754;1265,727;1286,722;1406,712;
1047,784;1206,769;1221,758;1226,754;1472,728;1611,712;1625,666;
1047,784;1206,769;1221,758;1472,728;1611,712;1625,666;916,848;1128,771;1238,754;1760,619;1770,577;
1221,758;1472,728;1611,712;1625,666;916,848;1238,754;1760,619;1770,577;989,826;1125,809;1208,806;1742,647;1795,574;
1472,728;1611,712;1208,806;449,1042;1139,942;1359,788;1428,752;1800,697;1798,700;1825,683;
----Iteration 9----
74,681;82,642;184,613;399,555;385,602;
385,602;-102,928;-13,825;19,785;64,728;155,713;234,631;213,636;283,615;327,607;614,489;580,597;610,520;
-102,928;64,728;155,713;-83,870;-43,836;-6,825;21,802;48,793;54,744;67,723;209,688;463,686;625,623;650,583;
-59,1125;-34,1085;3,1039;30,987;690,942;772,938;850,911;
-59,1125;-34,1085;-132,1197;-64,1184;-13,1076;33,1047;60,1030;75,1019;859,996;980,947;
859,996;-62,1241;-47,1225;-30,1181;2,1141;90,1069;117,1056;357,1007;975,983;960,992;1012,939;995,964;1065,891;
-62,1241;975,983;995,964;-6,1228;5,1185;32,1168;33,1160;69,1153;78,1092;112,1074;161,1059;928,1018;965,995;1022,958;1086,886;1073,913;
-62,1241;-6,1228;69,1153;928,1018;26,1227;38,1186;75,1151;208,1133;319,1126;397,1062;914,1043;983,999;1022,995;1087,967;1054,989;1094,962;1182,934;
69,1355;95,1354;145,1308;169,1260;227,1245;235,1212;536,1143;577,1141;1094,1108;1139,1075;1240,1014;
711,1359;717,1251;1157,1133;1285,1107;
----Iteration 8----
90,827;142,815;182,571;206,522;235,485;
606,825;598,962;610,776;
606,825;598,962;610,776;675,685;718,628;
606,825;598,962;610,776;675,685;718,628;682,645;815,603;775,626;854,574;
606,825;598,962;610,776;675,685;854,574;836,617;826,658;787,673;916,564;998,554;1013,537;1034,528;
606,825;598,962;610,776;675,685;836,617;826,658;787,673;1034,607;1065,520;1066,429;
606,825;598,962;610,776;1034,607;222,967;651,751;976,738;1003,696;1106,581;1123,534;1128,419;
606,825;598,962;152,1167;185,1139;234,1124;345,979;1174,783;1208,751;
598,962;152,1167;234,1124;232,1160;271,1021;352,983;645,864;725,849;1010,819;1096,817;1164,809;1241,755;1235,806;
598,962;352,983;175,1229;200,1212;263,1187;289,1125;332,1070;533,982;560,965;692,921;1014,913;1042,910;1044,875;1069,865;1236,863;1263,856;1267,816;
