----Iteration 1----
x_MOEAD_NFTS=[342, 486, 683, 847, 866, 125, 89, 152, 542, 549, 587, 603, 760, 695, 772, 822, 872, 882, 934, 952]
y_MOEAD_NFTS=[687, 669, 544, 418, 403, 724, 747, 692, 657, 619, 583, 547, 490, 516, 470, 462, 379, 371, 361, 337]
----Iteration 2----
x_MOEAD_NFTS=[781, 272, 328, 389, 405, 480, 570, 595, 664, 696, 734, 762]
y_MOEAD_NFTS=[489, 810, 781, 746, 710, 692, 674, 640, 637, 627, 599, 520]
----Iteration 0----
x_MOEAD_NFTS=[759, 324, 478, 716, 733, 227, 255, 417, 485, 560, 669, 707, 721, 722, 794, 815, 865]
y_MOEAD_NFTS=[428, 671, 558, 479, 446, 707, 701, 591, 543, 537, 533, 511, 478, 455, 408, 385, 363]
----Iteration 5----
x_MOEAD_NFTS=[791, 451, 346, 514, 852, 432, 279, 284, 318, 486, 543, 581, 724, 781, 753, 814, 843]
y_MOEAD_NFTS=[295, 611, 656, 581, 231, 641, 694, 670, 661, 587, 561, 494, 483, 408, 414, 280, 265]
----Iteration 4----
x_MOEAD_NFTS=[722, 130, 127, 81, 167, 247, 360, 344, 848, 819, 892, 867]
y_MOEAD_NFTS=[486, 600, 657, 668, 598, 556, 524, 555, 441, 469, 413, 436]
----Iteration 3----
x_MOEAD_NFTS=[618, 653, 692, 655, 950, 39, 975, 1010, 880, 896, 901, 931, 936, 982, 984, 996, 1022, -24, 295, 321, 381, 413, 493, 807, 881, 958, 1055]
y_MOEAD_NFTS=[544, 519, 507, 510, 258, 696, 221, 153, 434, 403, 351, 286, 272, 216, 170, 167, 142, 697, 688, 658, 606, 602, 563, 484, 413, 230, 97]
----Iteration 6----
x_MOEAD_NFTS=[778, 588, 823, 903, 884, 922, 327, 378, 488, 628, 635, 695, 784, 801]
y_MOEAD_NFTS=[492, 667, 448, 431, 447, 425, 742, 713, 695, 629, 565, 501, 461, 449]
----Iteration 7----
x_MOEAD_NFTS=[879, 886, 762, 785, 885, 910, 428, 375, 426, 496, 497, 675, 654, 866, 918, 938]
y_MOEAD_NFTS=[391, 353, 443, 437, 367, 333, 636, 701, 683, 620, 584, 483, 542, 426, 318, 286]
----Iteration 8----
x_MOEAD_NFTS=[287, 325, 666, 137, 229, 422, 467, 479, 543, 552, 656, 682, 772, 824]
y_MOEAD_NFTS=[740, 732, 425, 786, 751, 727, 666, 655, 537, 503, 487, 424, 386, 319]
----Iteration 9----
x_MOEAD_NFTS=[672, 860, 358, 407, 684, 786, 814, 890, 978, 225, 309, 343, 446, 485, 501, 587, 629, 751, 757, 851, 854, 945]
y_MOEAD_NFTS=[599, 434, 705, 680, 588, 554, 528, 431, 357, 824, 772, 729, 673, 660, 632, 627, 623, 587, 562, 488, 444, 404]
----End of Run----
