----Iteration 0----
x_MOEAD_NFTS=[1302, 1336, 1414, 1525, 2036, 2197, 2315, 2324, 2339]
y_MOEAD_NFTS=[933, 850, 754, 724, 710, 681, 619, 605, 551]
----Iteration 1----
x_MOEAD_NFTS=[1352, 2414, 2437, 2441, 2481, 2507]
y_MOEAD_NFTS=[1512, 1504, 1501, 1432, 1431, 1341]
----Iteration 2----
x_MOEAD_NFTS=[1585, 1316, 1568, 2488, 2610]
y_MOEAD_NFTS=[663, 787, 754, 627, 586]
----Iteration 3----
x_MOEAD_NFTS=[1589, 1650, 1660, 1675, 1710, 1731, 2180, 2223]
y_MOEAD_NFTS=[888, 839, 772, 717, 703, 667, 652, 642]
----Iteration 4----
x_MOEAD_NFTS=[2343, 1489, 2004, 1506, 1581, 1571, 2535, 2559, 2575]
y_MOEAD_NFTS=[1221, 1343, 1222, 1316, 1285, 1302, 1203, 1156, 1106]
----Iteration 5----
x_MOEAD_NFTS=[2523, 2571, 2690, 2740, 1960, 2338, 2371, 2673, 2729, 2766]
y_MOEAD_NFTS=[386, 342, 311, 280, 643, 587, 531, 316, 304, 277]
----Iteration 6----
x_MOEAD_NFTS=[2110, 2137, 2169, 2215, 2198, 2242, 2381, 2380]
y_MOEAD_NFTS=[1654, 1637, 1561, 1484, 1495, 1442, 1242, 1251]
----Iteration 7----
x_MOEAD_NFTS=[2560, 2633, 1356, 1381, 1609, 2875, 2884]
y_MOEAD_NFTS=[578, 576, 693, 681, 579, 557, 503]
----Iteration 8----
x_MOEAD_NFTS=[2124, 2133, 2203, 2169, 2251, 2292, 2272]
y_MOEAD_NFTS=[947, 944, 912, 927, 868, 682, 724]
----Iteration 9----
x_MOEAD_NFTS=[2357, 2610, 2645, 2663]
y_MOEAD_NFTS=[1314, 1275, 1264, 1200]
----End of Run----
----End of Run----
