----Iteration 1----
duplicated=0.0,4.0,5.0,0.0,2.0,6.0,4.0,4.0,8.0,4.0
memory=150.3828125,150.3828125,150.3828125,150.3828125,150.640625,151.4140625,152.4453125,153.21875,154.5078125,155.0234375
time=1.089454174041748,1.275186538696289,1.0838923454284668,1.180562973022461,1.2405695915222168,1.3793747425079346,1.4436755180358887,1.2060766220092773,0.9933743476867676,1.149238109588623
----Iteration 2----
duplicated=0.0,3.0,8.0,2.0,3.0,3.0,5.0,4.0,6.0,7.0
memory=150.3828125,150.3828125,150.3828125,150.3828125,150.640625,151.4140625,152.4453125,153.21875,154.5078125,155.0234375
time=1.0489208698272705,1.2987117767333984,1.056140422821045,1.0640733242034912,1.1476633548736572,1.2243432998657227,1.4215764999389648,1.1203675270080566,1.3127021789550781,1.291393518447876
----Iteration 0----
duplicated=0.0,1.0,3.0,4.0,4.0,3.0,4.0,7.0,1.0,6.0
memory=150.3828125,150.3828125,150.3828125,150.3828125,150.640625,151.4140625,152.4453125,153.21875,154.5078125,155.0234375
time=1.0877463817596436,1.3541247844696045,1.0263566970825195,1.0881240367889404,1.2609045505523682,1.2926511764526367,1.4183998107910156,1.1842882633209229,1.2513022422790527,1.196873426437378
----Iteration 3----
duplicated=0.0,10.0,5.0,5.0,5.0,10.0,3.0,7.0,2.0,7.0
memory=158.1171875,158.375,158.375,158.375,158.375,159.1484375,159.6640625,160.4375,160.953125,162.2421875
time=1.2738375663757324,1.5434598922729492,1.2927019596099854,1.2828350067138672,1.5962305068969727,1.4355945587158203,1.5869190692901611,1.332709789276123,1.4993987083435059,1.5517616271972656
----Iteration 4----
duplicated=0.0,10.0,1.0,5.0,5.0,3.0,9.0,4.0,6.0,3.0
memory=158.375,158.375,158.375,158.375,158.375,159.1484375,159.6640625,160.4375,161.2109375,162.5
time=1.2427310943603516,1.5538520812988281,1.359837293624878,1.5315721035003662,1.6838819980621338,1.3636441230773926,1.434816598892212,1.550276756286621,1.3745837211608887,1.4561560153961182
----Iteration 5----
duplicated=0.0,0.0,3.0,2.0,6.0,7.0,5.0,5.0,7.0,6.0
memory=162.7578125,163.015625,163.015625,163.015625,163.015625,163.53125,163.7890625,163.7890625,164.3046875,164.8203125
time=1.2001049518585205,1.4268653392791748,2.0424511432647705,1.8159112930297852,2.0802886486053467,1.9454350471496582,1.807081699371338,1.351255178451538,2.430917501449585,1.5466339588165283
----Iteration 6----
duplicated=0.0,4.0,3.0,2.0,7.0,3.0,0.0,5.0,3.0,4.0
memory=163.015625,163.015625,163.015625,163.015625,163.2734375,163.53125,163.7890625,164.3046875,164.5625,164.8203125
time=1.418337345123291,1.6738319396972656,1.821498155593872,1.6960563659667969,1.8790481090545654,1.777129888534546,1.7658259868621826,1.614025592803955,2.369582414627075,1.5787451267242432
----Iteration 7----
duplicated=0.0,1.0,2.0,5.0,5.0,6.0,3.0,6.0,10.0,2.0
memory=163.015625,163.015625,163.015625,163.015625,163.2734375,163.7890625,163.7890625,164.3046875,164.8203125,164.8203125
time=1.489933729171753,1.7262630462646484,2.1369106769561768,1.8871538639068604,2.082747220993042,1.8409531116485596,1.7187016010284424,2.261636257171631,1.3375892639160156,1.3246760368347168
----Iteration 9----
duplicated=0.0,1.0,5.0,0.0,4.0,1.0,7.0,8.0,1.0,5.0
memory=164.8203125,164.8203125,164.8203125,164.8203125,164.8203125,164.8203125,164.8203125,164.8203125,164.8203125,165.3359375
time=0.8392112255096436,0.9789001941680908,1.022139072418213,1.0974006652832031,1.139258861541748,1.1233770847320557,1.1813929080963135,1.0307502746582031,1.0665197372436523,0.9960200786590576
----Iteration 8----
duplicated=0.0,7.0,3.0,1.0,5.0,4.0,2.0,2.0,9.0,3.0
memory=164.8203125,164.8203125,164.8203125,164.8203125,164.8203125,164.8203125,164.8203125,164.8203125,165.078125,165.3359375
time=1.11065673828125,1.1496717929840088,1.1724879741668701,1.0278525352478027,1.0769777297973633,0.9721798896789551,1.0377731323242188,1.156203031539917,1.157438039779663,0.8967251777648926
