----Iteration 1----
115,434;213,394;220,356;269,327;
297,572;284,591;345,529;389,500;445,498;503,457;536,452;575,439;
297,572;284,591;345,529;389,500;445,498;503,457;536,452;575,439;632,393;
297,572;284,591;345,529;389,500;445,498;503,457;575,439;112,634;565,454;635,418;676,353;695,337;
297,572;284,591;345,529;112,634;635,418;676,353;695,337;166,606;263,596;484,518;550,500;595,498;610,488;702,332;740,271;724,302;745,230;
284,591;635,418;263,596;550,500;595,498;610,488;158,650;119,663;258,622;531,576;724,340;710,386;762,332;768,304;
550,500;595,498;610,488;158,650;119,663;258,622;531,576;710,386;762,332;181,639;308,598;532,540;678,440;707,394;728,360;797,318;
531,576;678,440;342,687;536,544;570,501;630,498;659,452;688,410;744,404;823,359;817,368;919,331;
531,576;342,687;919,331;486,669;683,544;847,418;866,403;884,351;935,288;
342,687;486,669;683,544;847,418;866,403;125,724;89,747;152,692;542,657;549,619;587,583;603,547;760,490;695,516;772,470;822,462;872,379;882,371;934,361;952,337;
----Iteration 2----
149,337;224,330;323,252;298,298;317,280;
145,396;338,362;379,312;393,263;
-13,438;380,424;474,323;488,320;
481,486;492,483;538,433;
481,486;492,483;-91,499;599,463;610,460;
599,463;610,460;35,549;-4,567;348,545;556,493;624,448;703,402;725,384;685,445;
599,463;610,460;35,549;-4,567;348,545;556,493;624,448;685,445;753,437;756,352;
348,545;753,437;756,352;155,723;269,675;367,537;672,508;666,532;724,483;
269,675;170,766;301,660;306,619;721,536;680,600;687,594;781,489;743,517;751,492;
781,489;272,810;328,781;389,746;405,710;480,692;570,674;595,640;664,637;696,627;734,599;762,520;
----Iteration 0----
76,404;109,305;224,104;214,195;188,242;294,30;
76,404;55,411;222,359;534,195;615,95;616,60;
76,404;55,411;534,195;615,95;616,60;-115,438;-140,472;-107,430;157,397;245,370;259,352;274,309;303,279;488,233;530,215;588,111;657,47;685,19;
55,411;42,500;105,409;579,358;565,407;581,341;594,313;608,191;633,163;705,153;
628,515;634,491;649,481;668,214;739,110;711,168;
628,515;634,491;649,481;739,110;674,436;673,459;698,429;721,410;732,407;737,382;
698,429;721,410;732,407;737,382;128,625;174,590;206,575;237,566;697,450;666,496;660,516;682,465;775,377;796,347;800,343;
698,429;128,625;237,566;697,450;666,496;660,516;682,465;164,602;175,599;214,581;239,539;245,536;689,452;759,428;784,382;832,357;
660,516;759,428;784,382;832,357;332,591;324,671;478,558;601,518;672,503;716,479;733,446;781,395;787,367;852,350;
759,428;324,671;478,558;716,479;733,446;227,707;255,701;417,591;485,543;560,537;669,533;707,511;721,478;722,455;794,408;815,385;865,363;
----Iteration 5----
336,401;349,372;423,357;446,289;
336,401;423,357;359,379;472,333;543,280;
336,401;359,379;550,331;544,359;622,226;
336,401;359,379;544,359;206,426;265,418;418,374;534,368;598,340;664,261;676,250;
544,359;534,368;598,340;248,552;287,539;306,533;321,490;331,478;355,428;404,402;422,398;430,387;594,343;681,299;703,237;704,214;
681,299;196,610;320,600;337,552;380,468;362,537;444,465;479,451;495,415;510,405;565,389;566,369;588,367;591,366;601,344;774,256;737,280;
681,299;320,600;337,552;444,465;479,451;737,280;308,611;367,540;400,515;534,449;581,435;654,375;823,226;794,277;
320,600;308,611;534,449;581,435;654,375;823,226;190,622;352,583;410,582;418,574;458,503;496,481;518,467;529,464;555,438;645,389;642,413;672,337;727,318;741,315;791,295;801,278;
791,295;801,278;405,620;451,611;346,656;514,581;537,522;552,479;606,462;621,449;630,443;652,442;658,378;666,372;767,358;773,330;852,231;833,247;
791,295;451,611;346,656;514,581;852,231;432,641;279,694;284,670;318,661;486,587;543,561;581,494;724,483;781,408;753,414;814,280;843,265;
----Iteration 4----
248,406;218,514;382,394;473,300;
248,406;218,514;382,394;513,339;
248,406;218,514;382,394;449,378;473,375;532,364;578,329;
248,406;218,514;382,394;-233,538;585,363;571,383;586,340;
218,514;-233,538;-175,519;256,446;726,438;744,426;750,373;
218,514;256,446;726,438;-236,558;-201,544;-154,531;242,466;763,436;
218,514;763,436;27,626;68,588;728,462;722,486;800,424;776,427;818,412;
218,514;763,436;27,626;68,588;728,462;722,486;800,424;776,427;818,412;154,538;173,527;251,497;862,298;857,333;886,290;
763,436;27,626;728,462;722,486;800,424;776,427;818,412;154,538;251,497;886,290;53,609;130,600;241,535;247,507;828,365;868,348;
722,486;130,600;127,657;81,668;167,598;247,556;360,524;344,555;848,441;819,469;892,413;867,436;
----Iteration 3----
272,385;266,431;334,375;373,313;410,312;481,290;
475,558;509,448;500,472;525,426;563,368;548,416;
475,558;633,501;618,544;688,310;
475,558;618,544;653,519;692,507;717,461;752,394;820,257;
475,558;618,544;653,519;692,507;717,461;752,394;-8,601;779,328;748,428;785,298;859,266;824,285;840,282;
475,558;618,544;653,519;692,507;717,461;752,394;779,328;748,428;859,266;52,682;81,622;114,594;125,570;772,352;804,316;830,312;850,300;
475,558;618,544;653,519;692,507;52,682;81,622;804,316;830,312;850,300;170,614;186,578;655,510;760,473;788,469;890,293;924,283;950,258;957,220;
475,558;618,544;653,519;692,507;52,682;804,316;850,300;186,578;655,510;760,473;788,469;890,293;924,283;950,258;39,696;71,677;94,640;174,620;798,333;842,314;868,294;975,221;1010,153;
475,558;618,544;653,519;692,507;655,510;760,473;788,469;950,258;39,696;71,677;174,620;975,221;1010,153;63,684;134,662;163,623;207,582;220,569;431,562;880,434;896,403;901,351;931,286;936,272;982,216;984,170;996,167;1022,142;
618,544;653,519;692,507;655,510;950,258;39,696;975,221;1010,153;880,434;896,403;901,351;931,286;936,272;982,216;984,170;996,167;1022,142;-24,697;295,688;321,658;381,606;413,602;493,563;807,484;881,413;958,230;1055,97;
----Iteration 6----
175,450;292,331;282,384;447,286;513,275;514,250;525,247;
175,450;525,247;310,439;378,403;486,400;501,384;520,368;523,266;
310,439;520,368;252,470;290,448;501,394;494,416;624,292;589,312;572,319;636,231;644,200;
520,368;78,525;103,508;346,504;385,491;470,490;502,456;583,349;573,352;680,320;672,331;712,287;
470,490;680,320;712,287;131,570;36,597;147,558;194,544;229,541;400,537;434,536;539,489;675,386;673,480;684,292;717,230;
539,489;673,480;217,692;229,681;315,582;403,579;438,565;439,556;485,521;537,516;556,484;604,482;790,384;714,405;
673,480;217,692;438,565;439,556;180,699;255,685;320,599;371,594;420,593;538,547;590,493;584,521;643,488;833,438;
833,438;273,704;288,661;486,604;554,598;627,524;778,492;839,410;888,343;872,401;
273,704;627,524;778,492;229,732;266,720;319,695;328,680;369,675;471,672;605,592;588,667;633,501;823,448;903,431;884,447;922,425;
778,492;588,667;823,448;903,431;884,447;922,425;327,742;378,713;488,695;628,629;635,565;695,501;784,461;801,449;
----Iteration 7----
207,399;247,385;377,374;393,343;
207,399;247,385;377,374;0,432;15,422;383,370;439,368;513,327;502,330;
207,399;247,385;377,374;0,432;15,422;383,370;439,368;513,327;502,330;539,302;583,271;555,277;672,183;
207,399;247,385;377,374;383,370;439,368;513,327;502,330;539,302;33,476;52,450;176,432;762,254;756,282;
377,374;383,370;439,368;513,327;502,330;-9,488;290,487;305,465;780,326;795,283;
795,283;148,560;361,531;454,485;538,447;582,419;585,416;592,395;639,380;673,352;787,344;792,303;
361,531;165,578;180,535;346,532;402,519;585,496;594,473;619,453;834,393;
585,496;619,453;834,393;359,595;323,618;383,545;435,542;555,510;547,518;591,490;603,476;615,465;708,406;669,419;879,391;886,353;892,329;
585,496;834,393;555,510;547,518;591,490;879,391;886,353;327,628;321,636;368,602;396,588;421,584;484,542;483,577;538,539;593,488;614,480;628,475;664,452;762,443;785,437;885,367;910,333;
879,391;886,353;762,443;785,437;885,367;910,333;428,636;375,701;426,683;496,620;497,584;675,483;654,542;866,426;918,318;938,286;
----Iteration 8----
-194,493;-125,488;-79,479;-73,451;-54,435;5,336;142,300;200,299;249,285;328,242;
-194,493;-125,488;-79,479;268,460;295,430;324,384;370,375;444,303;447,298;
-91,510;-49,487;328,473;342,450;380,394;434,381;476,361;503,358;522,342;
328,473;342,450;522,342;-37,560;-5,545;-3,478;62,477;434,432;503,410;565,312;624,251;
328,473;-37,560;-67,621;16,553;34,550;37,506;100,490;130,488;165,478;588,462;616,461;654,439;660,205;698,177;
328,473;-67,621;588,462;616,461;654,439;51,605;89,577;90,531;206,502;665,371;770,241;797,205;
588,462;616,461;654,439;665,371;90,723;128,695;177,682;209,632;211,564;272,563;407,479;667,298;777,297;789,266;812,247;
588,462;616,461;654,439;665,371;777,297;789,266;-2,730;256,729;272,698;306,655;352,620;391,610;407,574;442,534;536,491;697,362;720,307;753,305;820,259;823,241;
588,462;616,461;654,439;777,297;789,266;391,610;536,491;697,362;720,307;753,305;820,259;823,241;287,740;325,732;345,635;375,625;424,583;445,552;512,518;584,483;666,425;798,260;784,282;
287,740;325,732;666,425;137,786;229,751;422,727;467,666;479,655;543,537;552,503;656,487;682,424;772,386;824,319;
----Iteration 9----
189,470;330,454;374,12;413,-6;394,10;
62,529;342,520;361,504;478,453;497,238;506,204;
399,554;529,546;584,534;585,525;
557,614;623,555;587,573;645,523;663,511;668,416;
557,614;623,555;587,573;-7,627;516,618;716,484;681,529;
557,614;516,618;716,484;681,529;-97,632;70,631;609,593;656,570;763,443;744,459;779,394;
557,614;516,618;609,593;656,570;763,443;779,394;125,692;190,666;693,563;756,498;
557,614;516,618;693,563;125,729;171,720;196,674;419,652;678,575;672,599;685,571;712,547;718,510;790,499;860,434;
557,614;516,618;171,720;672,599;860,434;162,755;358,705;407,680;442,669;684,588;786,554;747,572;814,528;825,486;890,431;978,357;
672,599;860,434;358,705;407,680;684,588;786,554;814,528;890,431;978,357;225,824;309,772;343,729;446,673;485,660;501,632;587,627;629,623;751,587;757,562;851,488;854,444;945,404;
