----Iteration 0----
duplicated=1.0,5.0,6.0,3.0,1.0,9.0,3.0,7.0,9.0,4.0
memory=150.3828125,150.3828125,150.3828125,150.3828125,150.640625,151.15625,151.671875,153.21875,153.4765625,154.765625
time=1.0990447998046875,1.1300067901611328,1.080493688583374,1.1556334495544434,1.028028964996338,1.2709441184997559,1.3965423107147217,1.2394263744354248,1.2111048698425293,1.2821311950683594
----Iteration 1----
duplicated=0.0,2.0,3.0,2.0,3.0,1.0,1.0,1.0,0.0,4.0
memory=150.3828125,150.3828125,150.3828125,150.3828125,150.640625,151.15625,152.1875,153.21875,154.5078125,155.0234375
time=0.9948747158050537,1.1816604137420654,1.1197166442871094,1.0143773555755615,1.1988742351531982,1.275251865386963,1.4472358226776123,1.2361340522766113,1.337482213973999,1.4965739250183105
----Iteration 2----
duplicated=0.0,3.0,5.0,4.0,5.0,3.0,6.0,3.0,4.0,3.0
memory=157.859375,158.375,158.375,158.375,158.375,159.1484375,159.6640625,160.4375,160.953125,161.984375
time=1.1735503673553467,1.5408883094787598,1.407062292098999,1.4877324104309082,1.4241492748260498,1.5174448490142822,1.294621467590332,1.4766638278961182,1.4623847007751465,1.4967656135559082
----Iteration 3----
duplicated=0.0,0.0,0.0,2.0,1.0,3.0,1.0,8.0,11.0,4.0
memory=158.375,158.375,158.375,158.375,158.6328125,159.6640625,160.1796875,160.6953125,161.7265625,162.5
time=1.3693466186523438,1.6797802448272705,1.5350735187530518,1.5671191215515137,1.5077059268951416,1.5406839847564697,1.4531025886535645,1.3383152484893799,1.3986148834228516,1.3209939002990723
----Iteration 4----
duplicated=0.0,8.0,5.0,2.0,4.0,2.0,1.0,1.0,5.0,10.0
memory=158.375,158.375,158.375,158.375,158.890625,159.6640625,160.1796875,160.953125,161.7265625,162.7578125
time=1.3105545043945312,1.759702444076538,1.4710190296173096,1.5311245918273926,1.6548144817352295,1.4642620086669922,1.391101360321045,1.6467254161834717,1.4106650352478027,1.4159443378448486
----Iteration 5----
duplicated=0.0,2.0,4.0,2.0,6.0,4.0,4.0,3.0,3.0,5.0
memory=163.015625,163.015625,163.015625,163.015625,163.2734375,163.53125,163.7890625,164.046875,164.3046875,164.8203125
time=1.3649394512176514,1.5188193321228027,1.9734694957733154,1.7076430320739746,2.016573667526245,1.7217693328857422,1.989851713180542,1.5088024139404297,2.4196295738220215,1.5768518447875977
----Iteration 6----
duplicated=0.0,2.0,5.0,11.0,0.0,3.0,2.0,8.0,3.0,3.0
memory=163.015625,163.015625,163.015625,163.015625,163.2734375,163.53125,163.7890625,164.3046875,164.5625,164.8203125
time=1.3446037769317627,1.409226894378662,1.9735114574432373,1.7635841369628906,1.766242265701294,1.8243131637573242,2.0381646156311035,1.6398074626922607,2.2175705432891846,1.6783244609832764
----Iteration 7----
duplicated=0.0,8.0,7.0,7.0,6.0,8.0,3.0,7.0,4.0,3.0
memory=163.015625,163.015625,163.015625,163.015625,163.2734375,163.53125,163.7890625,164.3046875,164.5625,164.8203125
time=1.314361810684204,1.5813448429107666,2.008317470550537,1.9741203784942627,2.15366792678833,1.7407965660095215,1.6432995796203613,2.4131388664245605,1.4080491065979004,1.326483964920044
----Iteration 8----
duplicated=0.0,5.0,2.0,4.0,8.0,4.0,4.0,4.0,3.0,8.0
memory=164.8203125,164.8203125,164.8203125,164.8203125,164.8203125,164.8203125,164.8203125,164.8203125,164.8203125,165.3359375
time=0.9806067943572998,1.0470662117004395,1.0998725891113281,1.007103443145752,1.2361714839935303,1.0863134860992432,0.9894382953643799,1.1755526065826416,1.0953691005706787,1.0839734077453613
----Iteration 9----
duplicated=0.0,3.0,5.0,3.0,5.0,5.0,3.0,8.0,2.0,4.0
memory=164.8203125,164.8203125,164.8203125,164.8203125,164.8203125,164.8203125,164.8203125,164.8203125,165.078125,165.3359375
time=1.108776569366455,1.1840674877166748,1.0546011924743652,0.952467679977417,1.0341942310333252,1.048332691192627,1.0932164192199707,1.126638650894165,1.052832841873169,0.8955316543579102
