----Iteration 2----
x_Moead=[591, 555, 515, 566, 601, 631, 641, 506, 534, 534, 546, 546, 597, 515, 629, 658, 658, 542, 448, 478, 478, 601, 547, 624, 597, 664, 660, 664, 384, 374, 333, 535, 475, 452, 485, 526, 459, 601, 585, 504, 585, 538, 621, 631, 669, 641, 712, 473, 384, 384, 333, 312, 282, 452, 455, 340, 535, 587, 464, 466, 531, 603, 542, 509, 620, 618, 597, 620, 614, 680, 657, 680]
y_Moead=[319, 307, 381, 194, 289, 204, 238, 129, 344, 344, 336, 336, 358, 381, 285, 242, 242, 436, 258, 298, 298, 289, 353, 224, 358, 323, 206, 323, 447, 478, 481, 164, 279, 467, 475, 316, 397, 192, 285, 468, 285, 442, 205, 274, 154, 351, 190, 267, 447, 447, 481, 473, 577, 467, 568, 572, 164, 124, 353, 565, 362, 234, 377, 485, 265, 223, 358, 265, 335, 205, 233, 205]
z_Moead=[269, 392, 270, 476, 373, 403, 299, 509, 396, 396, 319, 319, 247, 270, 244, 293, 293, 206, 521, 479, 479, 373, 263, 425, 247, 214, 344, 214, 449, 345, 415, 504, 500, 425, 394, 433, 454, 495, 432, 198, 432, 226, 446, 317, 386, 190, 330, 513, 449, 449, 415, 433, 203, 425, 277, -36, 504, 503, 499, 327, 423, 465, 337, 177, 443, 473, 247, 443, 264, 374, 350, 374]
----Iteration 0----
x_Moead=[482, 97, 515, 109, 61, 472, 518, 521, 458, 503, 537, 515, 176, 309, 157, 226, 454, 222, 448, 506, 591, 547, 454, 454, 603, 457, 520, 598, 532, 523, 597, 598, 246, 267, 114, 123, 234, 319, 202, 175, 429, 461, 451, 454, 430, 457, 501, 555, 525, 478, 575, 540, 520, 583, 561, 568, 510, 637, 629, 688, 683]
y_Moead=[-33, -5, 245, -14, 478, 428, 262, 327, 438, 375, 332, 396, 335, 195, 367, 473, 510, 326, 534, 351, 183, 211, 510, 510, 172, 492, 360, 205, 332, 345, 228, 285, 227, 234, 397, 410, 502, 588, 523, 558, 80, 0, 431, 458, 284, 492, 392, 243, 342, 422, 260, 280, 360, 277, 309, 316, 347, 254, 212, 208, 249]
z_Moead=[488, 469, 369, 484, 204, 145, 357, 309, 194, 240, 287, 137, 350, 419, 337, 162, 118, 375, 153, 269, 420, 406, 118, 118, 431, 91, 170, 400, 289, 277, 391, 311, 462, 412, 308, 290, 154, 95, 188, 122, 436, 466, 277, 239, 388, 91, 290, 379, 264, 149, 355, 344, 170, 345, 309, 226, 235, 255, 315, 326, 305]
----Iteration 1----
x_Moead=[286, 418, 180, 259, 259, 270, 289, 289, 286, 299, 394, 355, 365, 394, 404, 390, 411, 418, 228, 185, -73, 37, 120, 233, 180, 271, 318, 245, 293, 398, 329, 411, 420, 381, 162, 176, 203, 184, 231, 213, 153, -73, 96, 214, 133, 246, 280, 329, 303, 314, 333, 356, 333, 360, 382, 367, 383, 388, 410, 151, 116, 222, 176, 189, -53, -26, 148, 96, -53, 188, 191, 257, 162, 242, 165, 106, 219, 262, 227, 225, 314, 280, 338, 332, 346, 372, 408, 454, 435, 454]
y_Moead=[291, 342, 365, 231, 529, 533, 254, 254, 291, 298, 259, 412, 297, 259, 378, 238, 340, 342, 234, 304, 441, 580, 582, 256, 365, 508, 191, 436, 482, 206, 361, 340, 422, 435, 159, 304, 551, 577, 169, 251, 324, 441, 504, 555, 546, 542, 213, 215, 417, 421, 498, 220, 498, 247, 195, 401, 351, 182, 228, 188, 194, 297, 304, 411, 546, 567, 309, 504, 546, 552, 578, 144, 159, 345, 372, 525, 514, 554, 337, 440, 504, 213, 241, 469, 246, 499, 471, 436, 277, 436]
z_Moead=[302, 158, 297, 422, 56, 48, 364, 364, 302, 278, 296, 166, 281, 296, 164, 302, 185, 158, 418, 382, 273, 81, -23, 401, 297, 23, 366, 235, 192, 302, 181, 185, 125, 143, 477, 452, 84, -6, 448, 429, 383, 273, 271, 76, 236, 63, 411, 348, 224, 216, 93, 336, 93, 304, 357, 177, 276, 347, 262, 475, 496, 414, 452, 282, 269, 248, 423, 271, 269, 153, -54, 469, 477, 327, 343, 257, 97, 17, 361, 260, 166, 411, 336, 174, 326, 56, 69, 50, 151, 50]
----Iteration 3----
x_Moead=[2, 44, -3, 503, 503, 83, 16, 30, 272, -49, -33, -13, -44, 10, 159, 364, -10, -55, 196, 40, -59, 296, 126, 15, 36, 174, 315, 222, 335, 396, 360, 465, 477, 489, 556, 547, 535, 524, 585, 556, -33, 17, 149, 138, 84, 222, 250, 428, 328, 203, 220, 259, 425, 342, 360, 415, 346, 390, 412, 438, 445, 507, 472, 462, 484, 477, 582]
y_Moead=[279, 240, 252, 353, 353, 134, 220, 260, 455, 218, 297, 299, 353, 365, 491, 219, 219, 338, 401, 462, 610, 313, 357, 446, 591, 225, 297, 440, 190, 188, 558, 243, 413, 193, 355, 334, 345, 388, 312, 355, 297, 352, 444, 527, 543, 238, 294, 106, 231, 435, 431, 432, 485, 540, 558, 172, 309, 425, 346, 76, 296, 131, 277, 405, 447, 413, 293]
z_Moead=[498, 505, 524, 319, 319, 540, 537, 493, 237, 556, 511, 482, 428, 423, 259, 455, 554, 475, 407, 364, 155, 448, 413, 378, 288, 534, 456, 373, 493, 489, 175, 425, 315, 399, 281, 375, 364, 316, 330, 281, 511, 468, 397, 337, 307, 504, 475, 530, 489, 405, 392, 390, 216, 187, 175, 497, 453, 343, 446, 492, 405, 428, 423, 349, 313, 315, 351]
----Iteration 4----
x_Moead=[210, 142, 210, 212, 168, 174, 343, 182, 216, 343, 508, 518, 149, 155, 123, 179, 318, 180, 354, 344, 486, 469, 406, 495, 516, 512, 554, 563, 528, 556, 182, 155, 116, 95, 159, 176, 215, 269, 61, 343, 155, 116, 204, 292, 367, 229, 408, 486, 369, 342, 419, 512, 455, 445, 523, 623, 548, 530, 601, 623, 314, 182, 244, 171, 116, 80, 61, 230, 315, 151, 197, 242, 225, 147, 365, 354, 227, 222, 220, 339, 325, 509, 492, 447, 424, 427, 508, 468, 475, 446, 501, 504, 503, 515, 546, 604, 558, 577]
y_Moead=[153, 154, 153, 334, 192, 324, 482, 171, 323, 482, 30, 45, 301, 340, 439, 292, 170, 410, 136, 354, 38, 113, 236, 84, 170, 368, -9, 229, 337, 114, 133, 340, 371, 472, 502, 575, 281, 320, 466, 132, 340, 480, 569, 562, 82, 473, 519, 38, 217, 376, 516, 368, 156, 198, 25, 89, 272, 284, 98, 89, 105, 133, 198, 333, 371, 450, 466, 521, 82, 579, 583, 570, 155, 393, 540, 543, 224, 387, 428, 219, 300, 469, 520, 40, 190, 345, 457, 20, 34, 306, 490, 26, 224, 470, -78, 179, 381, 69]
z_Moead=[523, 531, 523, 390, 516, 433, 157, 520, 395, 157, 443, 410, 460, 425, 344, 497, 508, 336, 561, 348, 476, 437, 378, 461, 394, 257, 445, 294, 223, 323, 565, 425, 410, 383, 316, 183, 492, 451, 388, 569, 425, 365, 172, 32, 543, 284, 25, 476, 420, 241, 75, 257, 427, 456, 460, 382, 246, 247, 336, 382, 586, 565, 505, 457, 410, 396, 388, 232, 595, 266, 165, 158, 516, 408, 69, 19, 495, 386, 331, 441, 413, 105, -13, 495, 474, 309, 187, 488, 484, 316, -5, 475, 412, 33, 469, 315, 129, 404]
----Iteration 5----
x_Moead=[260, 393, 95, 180, 134, 269, 234, 221, 240, 209, 221, 290, 450, 450, 233, 216, 198, 167, 194, 269, 278, 402, 445, 7, 50, 90, 140, 195, 166, 224, 283, 209, 327, 299, 289, 308, 305, 277, 231, 343, 368, 376, 368, 394, 392, 394, 386, 370, 400, 424, 477, 443, 420, 443, 467, 467]
y_Moead=[319, 396, 385, 236, 367, 201, 262, 337, 275, 320, 337, 209, 281, 281, 272, 223, 292, 289, 310, 201, 247, 406, 322, 350, 384, 511, 506, 467, 323, 599, 251, 466, 550, 588, 213, 197, 429, 461, 470, 365, 517, 370, 445, 315, 334, 315, 437, 473, 330, 384, 185, 368, 295, 368, 318, 318]
z_Moead=[398, 213, 437, 523, 434, 471, 457, 401, 454, 405, 401, 453, 261, 261, 476, 490, 465, 494, 473, 471, 456, 194, 240, 505, 494, 361, 376, 423, 438, 214, 455, 377, 270, 170, 454, 452, 391, 379, 354, 395, 270, 337, 293, 440, 321, 440, 228, 114, 389, 257, 277, 285, 289, 285, 259, 259]
----Iteration 6----
x_Moead=[381, 370, 370, 402, 402, 86, 225, 216, 244, 370, 374, 381, 27, 136, 164, 244, 248, 258, 273, 421, 382, 421, 109, 102, 10, 59, -71, 178, 102, 6, 78, 259, 220, 178, 217, 189, 271, 322, 277, 315, 368, 322, 396, 470, 370, 558, -5, -27, -42, -90, 158, 193, -5, 91, -42, 191, 249, 119, 176, 187, 103, 270, 210, 446, 187, 407, 298, 254, 324, 276, 350, 438, 404, 351, 395, 465, 419, 470, 470, 454, 481, 505, 505, 467, 557]
y_Moead=[363, 359, 359, 344, 344, 322, 323, 297, 291, 359, 342, 363, 252, 358, 530, 291, 405, 446, 411, 321, 339, 321, 216, 296, 460, 456, 512, 580, 296, 366, 440, 248, 467, 510, 524, 531, 312, 342, 507, 308, 377, 342, 287, 252, 359, 116, 267, 268, 487, 528, 589, 63, 267, 387, 487, 581, 102, 381, 507, 482, 544, 556, 565, 134, 482, 133, 264, 277, 405, 430, 500, 211, 254, 426, 332, 232, 243, 156, 252, 283, 153, 232, 232, 254, 209]
z_Moead=[186, 194, 194, 150, 150, 475, 358, 382, 371, 194, 241, 186, 487, 405, 119, 371, 344, 292, 313, 258, 261, 258, 489, 486, 389, 458, 316, 103, 486, 472, 466, 419, 213, 157, 97, 86, 350, 348, 106, 350, 316, 348, 342, 293, 194, 421, 536, 494, 433, 288, 230, 556, 536, 429, 433, 31, 534, 418, 376, 375, 271, 78, 59, 481, 375, 483, 405, 402, 302, 292, 198, 431, 384, 281, 287, 410, 418, 413, 293, 327, 463, 304, 304, 349, 357]
----Iteration 7----
x_Moead=[432, 381, 479, 479, 479, 497, 464, 464, 435, 272, 426, 426, 447, 555, 547, 555, 71, 204, 178, 329, 407, 417, 349, 490, 525, 481, 470, 490, 481, 570, 571, 239, 165, 160, 93, 181, 195, 237, 262, 242, 371, 251, 269, 403, 403, 531, 426, 436, 544, 544, 560, 190, 202, 134, 209, 112, 119, 192, 361, 160, 231, 378, 347, 313, 231, 436, 406, 430, 465, 436, 490, 496, 474, 542, 546, 500]
y_Moead=[361, 427, 318, 318, 318, 306, 328, 328, 327, 321, 341, 341, 255, 243, 342, 243, 484, 477, 481, 464, 349, 283, 406, 277, 290, 440, 385, 315, 440, 251, 212, 336, 495, 536, 571, 618, 369, 399, 523, 564, 348, 405, 557, 360, 401, 435, 303, 513, 251, 251, 220, 353, 595, 641, 293, 469, 546, 615, 300, 536, 597, 382, 461, 517, 597, 513, 273, 513, 457, 513, 315, 426, 485, 375, 313, 401]
z_Moead=[252, 217, 262, 262, 262, 261, 252, 252, 289, 415, 271, 271, 406, 235, 68, 235, 387, 359, 354, 207, 284, 336, 255, 357, 323, 109, 241, 312, 109, 201, 201, 443, 362, 341, 317, 91, 406, 385, 297, 230, 398, 369, 295, 372, 252, 124, 316, 84, 298, 298, 264, 497, 302, 212, 477, 471, 338, 141, 451, 341, 138, 396, 355, 344, 138, 84, 387, 164, 191, 84, 312, 192, 86, 134, 249, 152]
----Iteration 8----
x_Moead=[282, 197, 316, 349, 349, 49, 83, 145, 237, 316, 246, 254, 330, 316, 349, 390, 489, 478, 474, 17, -24, 63, 65, 110, 203, 269, 269, 322, 282, 248, 303, 292, 373, 385, 349, 442, 411, 431, 442, 442, 432, 442, 489, 18, 14, -17, 47, 160, 184, 284, 183, 234, 234, 221, 316, 271, 248, 360, 299, 400, 496, 496, -71, -71, -13, 129, 78, 57, 64, 39, 153, 112, 140, 278, 259, 259, 262, 275, 360, 328, 335, 385, 349, 400, 438, 502, -81, -34, 64, 168, 113, 77, 10, 259, 111, 135, 274, 162, 183, 175, 279, 221, 292, 317, 280, 249, 308, 357, 375, 335, 423, 418, 428, 461, 441]
y_Moead=[291, 395, 413, 406, 406, 142, 554, 320, 440, 413, 498, 374, 276, 413, 406, 228, 195, 191, 238, 227, 277, 192, 589, 470, 520, 484, 484, 252, 291, 398, 441, 365, 95, 178, 406, 238, 294, 129, 238, 133, 277, 133, 195, 572, 633, 592, 307, 660, 610, 274, 518, 605, 605, 366, 233, 429, 476, 224, 278, 186, 155, 155, 586, 586, 612, 646, 201, 296, 394, 564, 457, 577, 658, 255, 564, 564, 561, 533, 224, 478, 280, 178, 406, 186, 268, 115, 419, 570, 628, 647, 187, 267, 519, 308, 580, 614, 240, 399, 455, 583, 232, 471, 557, 210, 313, 352, 526, 166, 232, 455, 391, 152, 350, 183, 243]
z_Moead=[221, 212, 95, 104, 104, 457, 222, 308, 145, 95, 140, 244, 187, 95, 104, 197, 116, 124, 68, 460, 439, 441, 201, 255, 95, 76, 76, 294, 221, 154, 123, 162, 290, 248, 104, 106, 153, 210, 106, 202, 61, 202, 116, 256, 220, 245, 406, 54, 28, 339, 124, 43, 43, 275, 323, 149, 94, 296, 285, 214, 165, 165, 296, 296, 241, 117, 429, 403, 392, 287, 263, 211, 83, 368, 77, 77, 71, 43, 296, 35, 177, 248, 104, 214, 116, 181, 443, 350, 235, 80, 456, 428, 383, 379, 205, 148, 413, 277, 250, 167, 377, 179, 4, 332, 289, 272, 52, 316, 262, 58, 125, 235, 146, 196, 57]
----Iteration 9----
x_Moead=[459, 87, 76, 280, 280, 235, 280, 435, 481, 438, 491, 473, 510, 161, 87, 210, 436, 435, 528, 533, 577, 201, 131, 185, 67, 103, 238, 263, 215, 348, 201, 303, 407, 353, 326, 299, 353, 400, 500, 393, 414, 442, 414, 439, 453, 569, 469, 509, 552, 519, 574, 586]
y_Moead=[194, 534, 530, 503, 503, 497, 503, 516, 481, 535, 484, 113, 468, 337, 534, 257, 493, 516, 477, 507, 456, 486, 529, 586, 541, 551, 292, 389, 435, 463, 486, 570, 580, 317, 365, 490, 317, 404, 446, 299, 307, 471, 307, 244, 294, 466, 344, 262, 435, 284, 437, 422]
z_Moead=[234, 191, 199, 122, 122, 169, 122, 113, 94, 92, 80, 193, 108, 363, 191, 375, 122, 113, 93, 28, 48, 270, 221, 130, 203, 178, 360, 298, 311, 289, 270, 75, 43, 322, 325, 252, 322, 226, 179, 252, 234, 128, 234, 232, 216, 150, 190, 187, 172, 173, 69, 44]
----End of Run----
