----Iteration 2----
-326,244123;-207,330-8;310,234165;441,180232;364,214168;364,31566;470,134202;470,134202;
-35,235277;-228,342110;-202,37518;94,36619;94,36619;221,135358;196,320189;376,129337;429,310185;330,164356;456,166315;479,238250;394,324158;429,310185;456,166315;497,319176;456,166315;456,166315;559,275248;576,208267;
-202,37518;94,36619;94,36619;196,320189;429,310185;394,324158;429,310185;497,319176;559,275248;576,208267;113,343209;151,321164;98,357126;130,35684;151,321164;301,177365;333,183335;244,289217;497,259288;522,145343;506,181359;497,259288;510,300198;497,259288;602,204272;573,226294;587,158289;602,204272;576,208267;602,204272;602,204272;
497,319176;559,275248;301,177365;497,259288;522,145343;506,181359;497,259288;510,300198;497,259288;211,101389;146,352249;213,361164;212,465113;336,92368;266,302239;421,403113;449,209338;472,293328;478,348224;506,181359;431,407103;531,191328;633,154339;587,163314;603,239309;559,275248;619,174301;604,217210;633,154339;
497,319176;559,275248;510,300198;146,352249;212,465113;421,403113;472,293328;478,348224;431,407103;633,154339;603,239309;559,275248;619,174301;633,154339;302,295296;264,323294;141,393228;173,483116;369,101408;301,310296;289,50536;433,292330;226,377240;437,45274;475,401170;515,293198;478,348224;442,41195;572,274389;613,128362;600,141369;496,382134;487,348170;606,258288;619,203293;595,253319;
212,465113;633,154339;633,154339;141,393228;173,483116;301,310296;289,50536;572,274389;606,258288;148,399216;185,55573;268,389298;173,483116;232,57360;425,5145;591,319269;397,462174;449,463100;440,47153;552,243430;555,307392;515,381270;449,463100;566,194476;514,392193;509,433172;589,244414;514,392193;617,253357;606,258288;601,289373;631,204403;641,238299;
633,154339;633,154339;173,483116;289,50536;572,274389;185,55573;268,389298;173,483116;232,57360;425,5145;591,319269;397,462174;449,463100;440,47153;552,243430;555,307392;515,381270;449,463100;566,194476;514,392193;509,433172;589,244414;514,392193;617,253357;601,289373;631,204403;641,238299;287,373306;202,408290;261,434258;185,55573;184,56090;245,380432;211,52276;417,52210;506,129509;559,204456;559,204456;534,344396;352,468211;520,437164;534,344396;462,46359;569,176449;538,258406;495,453134;615,240419;546,336319;546,336319;617,258339;597,358247;515,381270;613,321260;629,285244;644,266206;658,242293;658,242293;
173,483116;289,50536;572,274389;185,55573;173,483116;232,57360;425,5145;591,319269;449,463100;440,47153;552,243430;555,307392;515,381270;449,463100;566,194476;589,244414;617,253357;601,289373;631,204403;641,238299;185,55573;184,56090;211,52276;417,52210;506,129509;559,204456;559,204456;534,344396;520,437164;534,344396;462,46359;538,258406;615,240419;546,336319;546,336319;617,258339;597,358247;515,381270;613,321260;629,285244;658,242293;658,242293;542,436206;183,481143;168,52495;318,395438;422,425404;245,56418;448,258521;217,52181;428,303464;441,470375;419,479321;478,298479;478,298479;441,470375;426,49115;497,455150;440,47153;577,192455;604,156460;601,289373;547,353263;624,224425;597,358247;680,186350;664,323214;660,206344;664,323214;
232,57360;591,319269;555,307392;515,381270;566,194476;589,244414;617,253357;601,289373;631,204403;641,238299;184,56090;506,129509;559,204456;559,204456;534,344396;534,344396;615,240419;546,336319;546,336319;617,258339;597,358247;515,381270;613,321260;629,285244;658,242293;658,242293;542,436206;245,56418;448,258521;428,303464;419,479321;478,298479;478,298479;604,156460;601,289373;547,353263;624,224425;597,358247;680,186350;664,323214;660,206344;664,323214;223,56188;384,447449;374,478345;333,481415;535,164504;475,279500;452,467425;485,475394;447,526268;526,316433;459,397454;601,192495;585,285432;504,468198;585,285432;538,442226;621,205446;631,274317;669,154386;641,351190;712,190330;
591,319269;555,307392;515,381270;566,194476;601,289373;631,204403;641,238299;506,129509;534,344396;534,344396;546,336319;546,336319;597,358247;515,381270;629,285244;658,242293;658,242293;542,436206;448,258521;478,298479;478,298479;601,289373;547,353263;624,224425;597,358247;664,323214;660,206344;664,323214;384,447449;374,478345;333,481415;535,164504;475,279500;452,467425;485,475394;526,316433;459,397454;601,192495;585,285432;504,468198;585,285432;538,442226;621,205446;631,274317;669,154386;641,351190;712,190330;473,267513;384,447449;384,447449;333,481415;312,473433;282,577203;452,467425;455,568277;340,572-36;535,164504;587,124503;464,353499;466,565327;531,362423;603,234465;542,377337;509,485177;620,265443;618,223473;597,358247;620,265443;614,335264;680,205374;657,233350;680,205374;
----Iteration 0----
-253,276131;-190,22899;-228,26198;-247,27790;228,-133305;-214,254-80;128,-107244;-43,51246;-228,26198;189,-4243;175,156122;189,-4243;292,15180;154,25091;285,104209;285,104209;278,142188;
-253,276131;-228,26198;-247,27790;-228,26198;175,156122;154,25091;285,104209;285,104209;278,142188;-185,248101;-63,150192;-184,233112;-209,245126;-248,31352;-209,29549;36,104276;-49,130230;-102,254-58;265,-7304;260,96250;347,-46381;241,128237;185,20999;185,20999;296,117141;185,20999;277,-18315;311,28302;304,-80392;354,62291;354,62291;
-253,276131;260,96250;347,-46381;304,-80392;-102,199163;-186,300112;-206,35266;-89,186175;-47,221151;193,143284;-83,29644;-60,293-44;193,143284;7,147227;85,270-111;103,26770;258,249128;312,212113;354,-84402;271,26292;312,212113;431,47285;341,175193;312,212113;430,26337;428,65312;428,65312;321,141243;406,76363;
-206,35266;430,26337;406,76363;178,-87446;-99,292217;-88,256270;-79,325-57;325,-137407;125,337-140;238,225215;325,-137407;286,272198;387,91382;374,317146;370,175406;435,152315;463,182251;447,210267;471,126313;471,126313;
406,76363;-99,292217;325,-137407;325,-137407;387,91382;374,317146;370,175406;447,210267;325,-175452;165,-3444;55,216363;56,316216;-78,403107;94,201368;306,-83450;261,36521;148,200394;387,91382;379,37404;279,265281;317,333213;409,307175;477,276256;431,12361;499,156356;512,169320;520,128352;520,128352;
406,76363;387,91382;370,175406;165,-3444;55,216363;94,201368;148,200394;387,91382;279,265281;477,276256;499,156356;512,169320;520,128352;520,128352;200,25431;172,31442;52,240361;45,275290;127,372258;-73,424168;-29,416235;125,44622;112,219356;80,250322;422,7433;197,180366;384,447-41;398,41419;410,413180;459,69410;378,139399;516,345215;482,388168;467,61405;477,276256;482,-33488;470,15391;500,244314;493,183337;575,141253;
387,91382;370,175406;165,-3444;387,91382;279,265281;477,276256;520,128352;520,128352;200,25431;172,31442;45,275290;127,372258;-73,424168;-29,416235;80,250322;422,7433;410,413180;459,69410;378,139399;516,345215;482,388168;467,61405;477,276256;482,-33488;470,15391;575,141253;97,-5469;73,373232;38,393221;80,50172;182,553-18;169,53137;422,7433;206,225426;73,373232;222,53915;222,53915;483,316229;127,372258;393,305239;418,47328;484,94374;369,282247;386,408188;437,448134;456,57413;515,245369;457,42484;482,388168;457,42484;516,345215;502,250315;575,141253;585,150165;621,127118;600,107213;
370,175406;520,128352;520,128352;200,25431;127,372258;-29,416235;422,7433;459,69410;378,139399;516,345215;482,388168;467,61405;482,-33488;470,15391;575,141253;97,-5469;38,393221;182,553-18;169,53137;422,7433;206,225426;222,53915;222,53915;127,372258;418,47328;437,448134;456,57413;515,245369;482,388168;516,345215;575,141253;585,150165;600,107213;109,-14484;147,264383;147,302338;127,372258;61,478204;98,522110;196,190461;92,392247;93,578-11;240,50946;422,7433;430,61411;472,428145;465,41422;509,98390;414,50882;518,262357;423,472-24;521,327309;475,381251;458,438194;503,375240;537,332287;575,141253;515,396137;607,17672;629,169127;
-29,416235;422,7433;482,388168;482,-33488;97,-5469;182,553-18;422,7433;206,225426;222,53915;222,53915;515,245369;482,388168;109,-14484;147,264383;61,478204;196,190461;422,7433;472,428145;518,262357;521,327309;475,381251;458,438194;503,375240;537,332287;515,396137;176,335350;114,58237;147,264383;309,195419;157,367337;226,473162;454,510118;222,326375;448,534153;506,351269;439,412260;591,183420;547,211406;454,510118;454,510118;603,172431;457,49291;544,243369;563,271344;520,360170;598,205400;532,332289;523,345277;597,228391;672,234266;598,285311;
482,-33488;97,-5469;515,245369;109,-14484;61,478204;472,428145;518,262357;521,327309;458,438194;503,375240;537,332287;515,396137;176,335350;309,195419;157,367337;226,473162;454,510118;222,326375;448,534153;506,351269;591,183420;547,211406;454,510118;454,510118;603,172431;457,49291;520,360170;598,205400;532,332289;523,345277;597,228391;598,285311;246,227462;267,234412;114,397308;123,410290;234,502154;319,58895;202,523188;175,558122;429,80436;461,0466;451,431277;454,458239;430,284388;457,49291;501,392290;555,243379;525,342264;478,422149;575,260355;540,280344;520,360170;583,277345;561,309309;568,316226;510,347235;637,254255;629,212315;688,208326;683,249305;
----Iteration 1----
-137,190209;-261,32821;-38,301185;7,274160;1,302148;1,302148;7,274160;7,274160;50,172253;141,252129;176,164132;176,164132;247,157125;348,77141;203,185111;293,148150;319,123171;319,123171;280,141174;
-38,301185;7,274160;1,302148;1,302148;7,274160;7,274160;50,172253;141,252129;348,77141;203,185111;293,148150;319,123171;319,123171;280,141174;-82,277211;-82,277211;-100,283306;-67,297197;-37,250165;4,297152;7,274160;26,316108;34,295139;14,351123;185,167159;59,32477;171,23433;56,204178;217,22558;34,295139;153,24634;274,18387;225,19646;319,161126;319,161126;
-38,301185;50,172253;141,252129;348,77141;293,148150;319,123171;319,123171;280,141174;-100,283306;14,351123;185,167159;59,32477;217,22558;274,18387;319,161126;319,161126;-36,268236;16,222249;-36,268236;-61,290281;50,312165;-118,295264;27,334179;16,222249;-41,303262;73,173225;97,323122;288,443-40;57,221224;117,281211;211,28748;240,430-10;121,257190;168,136181;195,24387;271,201114;199,42069;310,33710;344,404-15;296,39115;332,415-26;359,32744;
141,252129;293,148150;319,123171;319,123171;280,141174;-100,283306;14,351123;274,18387;319,161126;319,161126;97,323122;288,443-40;117,281211;211,28748;121,257190;168,136181;195,24387;271,201114;199,42069;344,404-15;296,39115;332,415-26;359,32744;0,253283;2,377210;-7,348239;16,355112;264,43818;264,43818;0,253283;62,342259;15,347281;247,40740;288,443-40;71,314274;84,273242;75,319231;61,38791;88,316230;215,451-23;225,104210;344,404-15;292,102192;194,111202;246,167164;239,215101;314,37914;359,32744;292,102192;344,36630;344,404-15;367,136141;382,28386;382,28386;
288,443-40;344,404-15;296,39115;332,415-26;2,377210;264,43818;264,43818;288,443-40;344,404-15;314,37914;344,36630;344,404-15;382,28386;382,28386;-109,354315;-123,368245;-142,384217;-160,397226;207,479143;238,443139;60,433150;-73,374217;132,352327;231,48485;231,48485;173,302348;123,385170;303,489-57;218,248212;170,343168;266,43442;249,404126;284,4024;173,302348;288,230195;336,37856;299,143235;364,193204;370,36157;381,224182;385,30265;369,3850;412,274127;396,35762;
344,404-15;2,377210;264,43818;264,43818;344,404-15;344,404-15;-109,354315;207,479143;238,443139;60,433150;132,352327;231,48485;231,48485;173,302348;123,385170;303,489-57;170,343168;266,43442;249,404126;173,302348;370,36157;381,224182;369,3850;396,35762;152,235390;152,235390;-52,449255;-91,448257;211,280303;132,352327;-6,414236;295,4998;259,216410;199,277369;172,334237;148,366185;288,43384;340,4605;220,215412;267,302242;286,291302;359,40275;353,260255;370,291233;307,295274;340,4605;370,291233;363,367167;366,40327;418,342158;
2,377210;-109,354315;207,479143;238,443139;60,433150;132,352327;231,48485;231,48485;173,302348;123,385170;303,489-57;173,302348;369,3850;-52,449255;-91,448257;211,280303;132,352327;-6,414236;295,4998;199,277369;148,366185;288,43384;340,4605;267,302242;286,291302;359,40275;370,291233;340,4605;370,291233;363,367167;366,40327;418,342158;180,365297;-91,448257;-31,488219;-31,488219;214,50385;202,259397;259,231422;199,277369;-12,447251;2,517170;259,52956;270,53348;289,254364;163,334319;284,49516;289,254364;286,291302;332,47070;230,325256;299,298278;369,314224;321,46678;394,259296;381,288252;355,412166;341,43767;365,297281;394,259296;372,339222;404,378164;390,238302;411,340185;418,342158;
-109,354315;132,352327;231,48485;231,48485;-52,449255;-91,448257;211,280303;132,352327;-6,414236;295,4998;199,277369;340,4605;267,302242;286,291302;370,291233;340,4605;370,291233;363,367167;418,342158;180,365297;-91,448257;214,50385;202,259397;259,231422;199,277369;-12,447251;2,517170;259,52956;270,53348;289,254364;163,334319;284,49516;289,254364;286,291302;332,47070;230,325256;299,298278;369,314224;321,46678;394,259296;381,288252;355,412166;341,43767;365,297281;394,259296;372,339222;404,378164;390,238302;411,340185;418,342158;228,234418;185,304382;132,352327;-73,441273;-17,523222;37,58081;120,582-23;233,256401;165,398251;-62,545183;180,365297;173,411247;109,503149;202,259397;111,441222;271,50823;318,191366;245,436235;255,313231;293,482192;308,47985;305,49118;398,206302;329,301247;347,461-43;379,269271;329,361181;411,340185;420,422125;347,461-43;381,435143;
-109,354315;132,352327;132,352327;295,4998;340,4605;286,291302;340,4605;418,342158;180,365297;214,50385;259,231422;259,52956;270,53348;289,254364;289,254364;286,291302;299,298278;394,259296;355,412166;341,43767;365,297281;394,259296;404,378164;390,238302;411,340185;418,342158;228,234418;185,304382;132,352327;-73,441273;37,58081;120,582-23;233,256401;165,398251;180,365297;173,411247;271,50823;318,191366;245,436235;293,482192;398,206302;347,461-43;329,361181;411,340185;420,422125;347,461-43;381,435143;162,159477;211,279403;154,52398;136,184456;176,304452;203,55184;184,577-6;231,169448;213,251429;153,324383;223,335326;-73,441273;96,504271;214,55576;133,546236;246,54263;280,213411;329,215348;303,417224;314,421216;326,46495;333,49893;356,220336;333,49893;360,247304;386,462-80;382,195357;367,401177;369,460-1;383,351276;388,182347;410,228262;
286,291302;418,342158;180,365297;259,231422;259,52956;270,53348;289,254364;289,254364;286,291302;299,298278;394,259296;355,412166;365,297281;394,259296;404,378164;390,238302;411,340185;418,342158;228,234418;185,304382;-73,441273;37,58081;120,582-23;233,256401;180,365297;271,50823;318,191366;245,436235;293,482192;398,206302;329,361181;411,340185;420,422125;381,435143;162,159477;176,304452;203,55184;184,577-6;231,169448;213,251429;153,324383;-73,441273;96,504271;214,55576;133,546236;246,54263;280,213411;329,215348;303,417224;314,421216;333,49893;356,220336;333,49893;360,247304;382,195357;367,401177;383,351276;388,182347;410,228262;151,188475;116,194496;222,297414;176,304452;189,411282;-53,546269;-26,567248;148,309423;96,504271;-53,546269;188,552153;191,578-54;257,144469;162,159477;242,345327;165,372343;106,525257;219,51497;262,55417;227,337361;225,440260;314,504166;280,213411;338,241336;332,469174;346,246326;372,49956;408,47169;454,43650;435,277151;454,43650;
----Iteration 3----
-69,436112;-35,317302;42,302235;124,265278;20,393240;100,369223;130,389180;62,397221;125,255287;62,397221;114,420214;117,402187;125,255287;156,210336;163,244334;150,279224;
-35,317302;124,265278;125,255287;114,420214;117,402187;125,255287;156,210336;163,244334;-74,470166;118,293266;-83,491199;-69,185383;6,251343;99,412248;99,412248;114,420214;90,446252;116,289291;114,420214;156,210336;137,351264;158,392228;114,420214;188,347241;
124,265278;125,255287;114,420214;117,402187;125,255287;156,210336;163,244334;-83,491199;6,251343;99,412248;99,412248;114,420214;90,446252;116,289291;114,420214;156,210336;137,351264;158,392228;114,420214;188,347241;-113,462300;-113,462300;-113,462300;-113,462300;-52,469208;-90,219374;6,251343;-47,397360;-83,491199;8,206388;-32,423334;-85,456289;-85,456289;-52,469208;8,206388;-50,492191;90,446252;41,214357;97,408273;90,446252;90,446252;116,289291;114,420214;106,374269;114,420214;171,218302;155,373249;177,376236;177,376236;210,345266;231,386230;250,370238;
90,446252;-113,462300;-113,462300;-113,462300;-113,462300;-52,469208;-47,397360;8,206388;-32,423334;-85,456289;-85,456289;-52,469208;8,206388;-50,492191;90,446252;90,446252;90,446252;210,345266;231,386230;250,370238;-23,273367;-78,442311;-23,273367;-63,283430;-81,446326;-52,469208;-79,536263;-52,469208;-17,431300;90,446252;105,454218;206,299351;148,415278;163,423244;188,281363;184,300309;188,281363;199,405266;198,441228;211,294344;279,327287;329,322302;
90,446252;-113,462300;-113,462300;-113,462300;-113,462300;-47,397360;-32,423334;90,446252;90,446252;90,446252;231,386230;250,370238;-78,442311;-63,283430;-81,446326;-79,536263;-17,431300;90,446252;206,299351;148,415278;163,423244;188,281363;184,300309;188,281363;199,405266;198,441228;211,294344;279,327287;329,322302;62,214434;-47,397360;-32,423334;-49,475293;-74,512237;72,181462;-47,397360;-32,423334;-31,514192;2,279498;-59,431379;96,131436;44,240505;128,395299;154,457248;73,174434;154,387290;74,132394;188,281363;114,300311;218,377298;150,234372;206,299351;336,301304;348,290315;380,275271;348,290315;379,245364;336,301304;358,210368;367,256353;348,288340;
90,446252;-113,462300;-113,462300;-113,462300;-113,462300;-32,423334;90,446252;90,446252;90,446252;231,386230;-63,283430;-81,446326;-79,536263;-17,431300;90,446252;206,299351;148,415278;163,423244;199,405266;198,441228;-32,423334;-49,475293;-74,512237;72,181462;-32,423334;-31,514192;2,279498;-59,431379;44,240505;128,395299;154,457248;154,387290;218,377298;206,299351;379,245364;348,288340;-3,252524;-10,412387;-52,456314;-32,502245;-73,536171;-32,550154;53,202462;-3,309428;-19,472269;3,471239;-28,496165;76,256446;160,429260;154,457248;131,170438;234,296413;192,321377;222,458176;259,281390;272,376256;378,277386;460,319330;272,376256;460,319330;422,272339;503,353319;460,319330;503,353319;
90,446252;90,446252;90,446252;90,446252;-63,283430;-81,446326;-79,536263;90,446252;148,415278;163,423244;199,405266;72,181462;2,279498;-59,431379;44,240505;128,395299;154,457248;-3,252524;-10,412387;-32,550154;53,202462;-3,309428;76,256446;160,429260;154,457248;131,170438;234,296413;192,321377;259,281390;272,376256;378,277386;460,319330;272,376256;460,319330;503,353319;460,319330;503,353319;83,134540;49,177493;16,220537;-69,324443;43,440367;27,542241;30,260493;69,497324;111,164533;136,132470;72,503287;271,468193;174,110425;156,303412;271,468193;179,303386;336,316379;251,386338;229,387296;378,277386;272,455237;377,313348;461,283368;384,347346;509,329284;461,283368;520,286323;519,322285;
-81,446326;-79,536263;148,415278;163,423244;199,405266;2,279498;-59,431379;44,240505;128,395299;-3,252524;-10,412387;-32,550154;-3,309428;76,256446;160,429260;234,296413;192,321377;259,281390;378,277386;460,319330;460,319330;503,353319;460,319330;503,353319;83,134540;49,177493;16,220537;-69,324443;43,440367;27,542241;30,260493;69,497324;111,164533;136,132470;72,503287;271,468193;156,303412;271,468193;179,303386;336,316379;251,386338;229,387296;378,277386;272,455237;461,283368;384,347346;509,329284;461,283368;519,322285;-49,218556;-33,297511;-13,299482;37,386402;72,503287;111,164533;-44,353428;116,130499;97,224476;10,365423;82,422364;134,498287;137,480260;159,491259;136,132470;364,219455;336,316379;124,383371;285,500184;304,397292;353,446135;444,404275;356,434234;388,414214;375,185393;461,283368;422,405233;539,270331;471,379227;523,301365;504,317357;461,359271;535,338275;555,286321;
2,279498;-59,431379;44,240505;-3,252524;-10,412387;378,277386;503,353319;503,353319;83,134540;16,220537;30,260493;69,497324;72,503287;271,468193;271,468193;336,316379;251,386338;378,277386;272,455237;384,347346;-49,218556;-33,297511;-13,299482;72,503287;-44,353428;10,365423;134,498287;137,480260;159,491259;364,219455;336,316379;285,500184;-10,219554;-55,338475;196,401407;40,462364;-59,610155;296,313448;126,357413;15,446378;36,591288;174,225534;315,297456;222,440373;335,190493;241,437257;396,188489;446,275402;360,558175;465,243425;421,441195;477,413315;443,440237;470,130416;489,193399;556,355281;547,334375;535,345364;524,388316;585,312330;556,355281;
2,279498;44,240505;-3,252524;503,353319;503,353319;83,134540;16,220537;30,260493;272,455237;-49,218556;-33,297511;-13,299482;-44,353428;10,365423;159,491259;364,219455;-10,219554;-55,338475;196,401407;40,462364;-59,610155;296,313448;126,357413;15,446378;36,591288;174,225534;315,297456;222,440373;335,190493;396,188489;360,558175;465,243425;477,413315;489,193399;556,355281;547,334375;535,345364;524,388316;585,312330;556,355281;-33,297511;17,352468;149,444397;138,527337;84,543307;222,238504;250,294475;428,106530;328,231489;203,435405;220,431392;259,432390;425,485216;342,540187;360,558175;415,172497;346,309453;390,425343;412,346446;438,76492;445,296405;507,131428;472,277423;462,405349;484,447313;477,413315;582,293351;
----Iteration 4----
-130,96222;58,267180;-130,96222;-6,363137;104,303-20;104,303-20;-130,96222;-134,123332;105,288173;77,408-21;38,112202;165,34244;-6,363137;112,371-46;112,371-46;157,111194;88,30755;113,132200;176,311-40;172,68242;300,260-32;260,271-48;165,34244;272,204-27;260,271-48;
-6,363137;-134,123332;77,408-21;-6,363137;113,132200;172,68242;300,260-32;-25,117253;86,251190;128,271189;-12,387172;-12,387172;-7,39999;-15,368193;139,275181;-37,421212;43,394114;139,83354;133,111342;98,238200;43,394114;95,143240;143,333176;123,373-40;149,309141;163,342-31;182,221198;163,342-31;184,59257;188,296123;235,307-9;181,330-32;184,59257;263,24091;285,3026;185,336-45;200,28223;313,235106;378,317-91;369,271-76;300,260-32;300,260-32;272,2408;346,15622;340,245-41;355,2027;
77,408-21;-37,421212;43,394114;139,83354;43,394114;143,333176;123,373-40;149,309141;163,342-31;163,342-31;188,296123;235,307-9;181,330-32;285,3026;185,336-45;155,67415;139,83354;-3,330278;13,416227;51,388229;13,416227;12,452189;204,144342;178,169321;180,33375;67,4066;73,315241;109,367207;121,263229;142,303200;204,144342;242,122297;162,276191;188,296123;242,122297;238,26161;396,320-51;293,151267;395,27536;423,202204;472,240108;412,236233;423,202204;441,190203;441,190203;
235,307-9;285,3026;12,452189;238,26161;396,320-51;395,27536;423,202204;472,240108;412,236233;423,202204;441,190203;441,190203;235,145409;208,307391;161,332310;84,413264;54,415277;84,413264;121,421228;50,424191;210,153523;208,307391;130,377261;129,413223;129,413223;196,238415;159,362222;186,35765;249,140505;237,261361;237,261361;325,135435;238,26161;307,3032;396,320-51;396,320-51;303,183271;401,279-30;338,169298;427,275-25;347,66298;440,240146;404,332-87;454,252109;447,197192;469,194116;
12,452189;423,202204;472,240108;412,236233;423,202204;441,190203;441,190203;208,307391;84,413264;54,415277;84,413264;121,421228;210,153523;208,307391;129,413223;129,413223;196,238415;249,140505;325,135435;338,169298;347,66298;440,240146;454,252109;447,197192;142,154531;254,295397;187,299409;83,449226;161,303404;232,95517;210,153523;177,352342;260,394170;250,83516;249,140505;212,377313;275,117468;241,160421;427,347110;340,41773;359,38094;261,171346;325,272335;331,197273;387,37483;327,22354;369,153257;429,265-38;460,126268;457,144295;436,262133;552,149216;533,239149;
12,452189;423,202204;412,236233;423,202204;441,190203;441,190203;208,307391;54,415277;210,153523;208,307391;249,140505;325,135435;338,169298;440,240146;447,197192;142,154531;254,295397;187,299409;83,449226;232,95517;210,153523;177,352342;260,394170;250,83516;249,140505;212,377313;275,117468;241,160421;427,347110;261,171346;325,272335;331,197273;387,37483;369,153257;460,126268;457,144295;436,262133;552,149216;533,239149;202,97530;216,285440;212,334390;81,385326;111,383313;132,436267;168,192516;174,324433;145,337400;71,360345;214,429189;195,449214;380,405120;275,117468;275,117468;325,135435;254,295397;343,482157;372,436127;336,139427;325,272335;391,42347;439,147352;353,323183;343,91377;398,359-7;502,284100;516,260133;546,42374;515,239158;528,24386;555,136220;583,173191;548,24981;
12,452189;412,236233;210,153523;249,140505;325,135435;142,154531;254,295397;187,299409;232,95517;210,153523;177,352342;260,394170;250,83516;249,140505;212,377313;241,160421;325,272335;387,37483;460,126268;457,144295;552,149216;533,239149;202,97530;216,285440;212,334390;81,385326;111,383313;132,436267;168,192516;174,324433;145,337400;71,360345;214,429189;195,449214;380,405120;325,135435;254,295397;343,482157;372,436127;336,139427;325,272335;391,42347;439,147352;398,359-7;502,284100;516,260133;546,42374;515,239158;528,24386;555,136220;583,173191;548,24981;197,119535;182,171520;225,193471;234,273439;216,323395;199,254462;120,451280;353,131497;132,436267;343,482157;215,417298;384,43961;275,251343;433,343225;391,42347;375,121424;410,82413;408,204402;420,163344;508,30443;506,111377;461,337214;470,350196;484,296101;518,45410;583,89294;516,149238;548,211126;545,71316;
12,452189;210,153523;142,154531;254,295397;187,299409;210,153523;260,394170;212,377313;387,37483;533,239149;216,285440;212,334390;132,436267;168,192516;174,324433;214,429189;195,449214;380,405120;254,295397;343,482157;372,436127;336,139427;391,42347;583,173191;548,24981;182,171520;225,193471;234,273439;216,323395;199,254462;120,451280;132,436267;343,482157;215,417298;384,43961;391,42347;375,121424;408,204402;508,30443;518,45410;583,89294;149,301460;155,340425;134,389398;123,439344;111,450333;215,485175;200,228463;179,292497;207,562125;318,170508;180,410336;354,136561;324,179469;235,311389;221,461183;407,4678;383,300287;344,354348;363,392157;486,38476;469,113437;406,236378;394,45444;411,294276;495,84461;516,170394;512,368257;428,37256;394,45444;554,-9445;564,63394;563,229294;528,337223;556,114323;591,122262;
210,153523;142,154531;210,153523;260,394170;212,377313;212,334390;168,192516;174,324433;343,482157;583,173191;182,171520;225,193471;216,323395;343,482157;215,417298;408,204402;508,30443;518,45410;149,301460;155,340425;134,389398;123,439344;215,485175;179,292497;207,562125;318,170508;180,410336;354,136561;324,179469;383,300287;344,354348;486,38476;469,113437;406,236378;411,294276;495,84461;516,170394;512,368257;554,-9445;564,63394;563,229294;528,337223;556,114323;591,122262;182,133565;155,340425;116,371410;95,472383;159,502316;146,577196;176,575183;215,281492;269,320451;61,466388;188,578117;343,132569;155,340425;134,389398;116,480365;204,569172;292,56232;367,82543;229,473284;408,51925;486,38476;369,217420;342,376241;466,455141;419,51675;512,368257;471,442160;455,156427;445,198456;523,25460;496,392119;623,89382;548,272246;530,284247;601,98336;623,89382;
210,153523;142,154531;210,153523;212,334390;168,192516;174,324433;343,482157;182,171520;216,323395;343,482157;508,30443;518,45410;149,301460;155,340425;123,439344;179,292497;318,170508;180,410336;354,136561;344,354348;486,38476;469,113437;406,236378;495,84461;516,170394;512,368257;554,-9445;563,229294;528,337223;556,114323;182,133565;155,340425;116,371410;95,472383;159,502316;176,575183;215,281492;269,320451;61,466388;343,132569;155,340425;116,480365;204,569172;292,56232;367,82543;229,473284;408,51925;486,38476;369,217420;342,376241;419,51675;512,368257;455,156427;445,198456;523,25460;623,89382;548,272246;530,284247;601,98336;623,89382;314,105586;182,133565;244,198505;171,333457;116,371410;80,450396;61,466388;230,521232;315,82595;151,579266;197,583165;242,570158;225,155516;147,393408;365,54069;354,54319;227,224495;222,387386;220,428331;339,219441;325,300413;509,469105;492,520-13;447,40495;424,190474;427,345309;508,457187;468,20488;475,34484;446,306316;501,490-5;504,26475;503,224412;515,47033;546,-78469;604,179315;558,381129;577,69404;
----Iteration 5----
-95,39071;-52,360100;-95,39071;-95,39071;-76,276247;-95,39071;-107,319148;-21,270239;-112,315171;-114,337180;12,298236;-52,360100;-52,360100;57,252238;-31,40866;22,272227;57,252238;12,298236;55,268265;135,216250;135,216250;211,215211;
12,298236;-31,40866;12,298236;135,216250;135,216250;211,215211;-114,382128;-21,404118;-21,404118;-2,354254;-2,354254;-142,369147;30,365138;8,36696;61,290270;30,365138;31,357167;70,288240;111,266276;209,322172;135,216250;170,335190;183,168269;188,242220;249,21293;244,24494;209,322172;
-31,40866;135,216250;135,216250;-21,404118;-21,404118;-2,354254;-2,354254;30,365138;8,36696;61,290270;30,365138;70,288240;111,266276;209,322172;135,216250;170,335190;183,168269;209,322172;-52,359239;-75,366235;-83,418165;-83,426146;-2,354254;54,233304;57,215277;54,233304;26,341238;9,351304;1,365144;79,318226;30,365138;170,335190;75,360192;145,196267;170,335190;174,122284;170,335190;259,278244;279,280215;252,298233;284,291148;264,234232;236,310186;279,280215;279,280215;279,280215;
-21,404118;-21,404118;61,290270;170,335190;-83,418165;-83,426146;9,351304;170,335190;75,360192;170,335190;170,335190;259,278244;279,280215;284,291148;279,280215;279,280215;279,280215;91,248331;91,248331;-38,377301;-48,385165;161,189330;163,334238;109,458111;109,458111;170,335190;55,379255;203,343159;101,384156;218,37666;277,271300;262,225317;259,334167;255,330241;218,37666;277,271300;288,265223;
-83,418165;-83,426146;259,278244;279,280215;284,291148;279,280215;279,280215;279,280215;55,379255;203,343159;277,271300;262,225317;259,334167;255,330241;277,271300;288,265223;140,258384;61,247415;50,353348;77,374327;0,358333;-94,429172;51,317406;70,301414;-71,381272;27,379312;0,385229;91,440123;88,325350;97,322393;196,205344;239,239333;253,43537;121,510116;209,46323;239,239333;213,243328;194,409199;283,388138;277,271300;255,330241;237,439135;239,239333;230,342294;356,262227;
277,271300;255,330241;277,271300;50,353348;77,374327;51,317406;70,301414;88,325350;97,322393;121,510116;209,46323;194,409199;283,388138;277,271300;255,330241;237,439135;230,342294;72,294412;69,337376;107,362347;-86,424224;3,457199;139,492145;106,278453;50,353348;107,362347;21,402373;-86,424224;41,429201;145,260450;250,315408;84,410319;114,407241;139,492145;148,462126;250,315408;293,43773;219,385152;355,210354;234,342200;283,388138;360,176320;322,269344;333,356181;293,43773;333,356181;368,296254;353,226302;372,174306;383,121232;
51,317406;70,301414;194,409199;72,294412;-86,424224;3,457199;106,278453;21,402373;-86,424224;41,429201;145,260450;250,315408;84,410319;250,315408;293,43773;355,210354;360,176320;293,43773;368,296254;353,226302;372,174306;106,278453;153,277409;69,354392;21,402373;21,402373;182,515179;162,323394;213,254475;34,395388;140,410292;260,319398;271,323390;158,532176;288,50568;290,455100;289,245415;278,307397;288,316335;292,423167;249,439158;322,253384;331,299369;290,311384;272,400356;333,406188;318,408147;331,299369;393,396213;407,297252;372,174306;392,227300;
106,278453;21,402373;250,315408;250,315408;355,210354;360,176320;368,296254;353,226302;372,174306;106,278453;153,277409;21,402373;21,402373;182,515179;213,254475;34,395388;260,319398;271,323390;158,532176;288,50568;289,245415;278,307397;331,299369;290,311384;272,400356;333,406188;318,408147;331,299369;393,396213;407,297252;372,174306;392,227300;95,385437;-74,453280;102,538199;193,512229;180,236523;158,237481;178,274464;216,490266;175,553158;147,535168;134,367434;21,402373;10,449324;196,205489;269,201471;234,262457;221,337401;240,275454;209,320405;221,337401;267,436323;258,478220;309,466216;290,209453;293,327367;332,263407;331,299369;414,356241;335,413112;335,413112;332,263407;450,281261;450,281261;436,330215;
250,315408;250,315408;368,296254;260,319398;271,323390;288,50568;289,245415;278,307397;331,299369;290,311384;272,400356;331,299369;393,396213;407,297252;95,385437;180,236523;216,490266;175,553158;134,367434;269,201471;234,262457;221,337401;240,275454;209,320405;221,337401;267,436323;258,478220;309,466216;290,209453;293,327367;332,263407;331,299369;414,356241;332,263407;450,281261;450,281261;436,330215;233,272476;216,223490;198,292465;122,406416;67,485338;216,490266;186,550208;116,559200;152,394416;223,524264;167,289494;164,447374;250,545243;194,310473;150,469329;269,201471;293,281410;246,428341;263,463266;278,247456;340,417265;332,263407;293,327367;309,466216;348,227391;340,417265;402,406194;361,217377;436,330215;374,412205;379,229345;394,275328;430,228267;430,228267;445,322240;
260,319398;393,396213;95,385437;180,236523;134,367434;269,201471;234,262457;221,337401;240,275454;209,320405;221,337401;290,209453;450,281261;450,281261;233,272476;216,223490;198,292465;167,289494;194,310473;269,201471;278,247456;402,406194;445,322240;7,350505;50,384494;90,511361;140,506376;195,467423;166,323438;224,599214;283,251455;209,466377;327,550270;299,588170;289,213454;308,197452;305,429391;277,461379;231,470354;343,365395;368,517270;376,370337;368,445293;394,315440;392,334321;394,315440;386,437228;370,473114;400,330389;424,384257;477,185277;443,368285;420,295289;443,368285;467,318259;467,318259;
----Iteration 6----
151,137318;132,153310;168,168296;141,199295;76,41229;107,333248;107,376114;143,200277;141,199295;141,199295;157,250261;109,296197;141,199295;157,250261;157,250261;157,250261;157,250261;
151,137318;132,153310;168,168296;141,199295;107,333248;107,376114;143,200277;141,199295;141,199295;157,250261;109,296197;141,199295;157,250261;157,250261;157,250261;157,250261;-28,483-24;-31,502-76;-31,502-76;132,153310;-28,483-24;123,181307;156,363155;-28,483-24;158,230273;79,339259;57,397189;57,397189;107,376114;99,47251;84,220317;57,397189;61,371229;98,455107;132,153310;174,281239;104,43172;167,344192;99,47251;143,200277;157,250261;170,221256;205,201267;
168,168296;107,333248;157,250261;157,250261;157,250261;157,250261;157,250261;-28,483-24;-31,502-76;-31,502-76;-28,483-24;-28,483-24;79,339259;99,47251;98,455107;174,281239;104,43172;167,344192;99,47251;157,250261;-39,505-73;-21,505-128;125,230329;84,306307;108,237384;63,370293;99,47251;-18,486-76;68,251351;63,370293;63,370293;120,199379;126,407219;159,186361;130,380228;124,206350;109,376241;155,287312;170,241290;222,322222;238,366183;148,377239;126,407219;205,215283;184,375170;222,232245;238,366183;
157,250261;157,250261;157,250261;157,250261;157,250261;99,47251;98,455107;99,47251;157,250261;125,230329;108,237384;99,47251;68,251351;120,199379;126,407219;130,380228;109,376241;155,287312;170,241290;222,322222;238,366183;148,377239;126,407219;238,366183;80,207391;125,230329;103,316314;98,358310;76,51514;115,187402;46,264408;105,392308;105,392308;118,45679;120,199379;134,50040;165,408217;105,392308;105,392308;192,429196;164,191369;145,207361;155,336268;196,440112;220,223345;230,407151;286,320247;318,305203;286,320247;286,320247;318,305203;
157,250261;157,250261;157,250261;157,250261;157,250261;99,47251;98,455107;99,47251;157,250261;108,237384;99,47251;120,199379;126,407219;130,380228;109,376241;155,287312;238,366183;148,377239;126,407219;238,366183;80,207391;76,51514;115,187402;46,264408;105,392308;105,392308;118,45679;120,199379;134,50040;165,408217;105,392308;105,392308;192,429196;164,191369;145,207361;155,336268;196,440112;220,223345;230,407151;286,320247;318,305203;286,320247;286,320247;318,305203;62,189403;33,171416;73,285387;123,309369;73,323342;51,408310;83,393266;83,393266;76,51514;81,327332;88,361330;128,50711;94,388316;174,411208;134,50040;149,364322;170,477-64;155,469-30;152,202358;150,403218;192,429196;197,238337;220,223345;155,336268;161,440213;246,435127;185,243334;275,316255;275,316255;289,339226;275,316255;289,377181;
108,237384;120,199379;115,187402;120,199379;134,50040;192,429196;164,191369;145,207361;286,320247;318,305203;286,320247;286,320247;318,305203;73,285387;123,309369;81,327332;88,361330;128,50711;174,411208;134,50040;149,364322;152,202358;192,429196;197,238337;161,440213;185,243334;275,316255;275,316255;289,339226;275,316255;289,377181;65,365412;66,373354;38,379365;73,407352;174,411208;79,54977;73,407352;149,416320;149,416320;153,447199;60,56549;108,211416;74,437259;142,443207;203,158375;157,408315;206,487175;118,53174;222,232346;183,343331;247,409302;206,487175;266,377315;257,470132;257,470132;381,363186;315,393164;370,359194;314,429126;315,393164;314,429126;370,359194;351,375166;402,344150;402,344150;
108,237384;115,187402;192,429196;123,309369;174,411208;192,429196;161,440213;289,377181;65,365412;66,373354;38,379365;73,407352;174,411208;79,54977;73,407352;149,416320;149,416320;153,447199;60,56549;108,211416;74,437259;142,443207;157,408315;206,487175;183,343331;247,409302;206,487175;266,377315;257,470132;257,470132;381,363186;315,393164;370,359194;315,393164;370,359194;351,375166;402,344150;402,344150;-1,177483;34,410363;-1,430352;35,480314;74,437259;157,472191;158,501141;129,54492;110,434323;74,437259;134,497209;164,171393;86,322475;108,355357;160,393338;149,416320;74,437259;225,323358;266,377315;206,487175;216,297382;244,291371;333,438131;266,377315;293,351278;315,393164;331,372212;370,359194;374,342241;381,363186;
65,365412;73,407352;79,54977;73,407352;149,416320;149,416320;153,447199;60,56549;108,211416;157,408315;206,487175;206,487175;266,377315;257,470132;257,470132;381,363186;370,359194;370,359194;351,375166;402,344150;402,344150;34,410363;-1,430352;35,480314;157,472191;158,501141;129,54492;110,434323;134,497209;86,322475;149,416320;225,323358;266,377315;206,487175;216,297382;244,291371;333,438131;266,377315;331,372212;370,359194;374,342241;381,363186;27,252487;67,378385;134,497209;158,501141;136,358405;78,382377;-1,430352;-22,499357;81,453301;134,497209;164,530119;203,201413;125,477257;234,184415;244,291371;248,405344;218,488135;258,446292;287,459122;256,50694;273,411313;324,378280;286,331289;347,418169;421,321258;382,339261;426,280279;421,321258;441,237327;
149,416320;149,416320;157,408315;206,487175;206,487175;257,470132;257,470132;381,363186;370,359194;370,359194;402,344150;402,344150;35,480314;157,472191;134,497209;86,322475;149,416320;225,323358;206,487175;216,297382;244,291371;333,438131;370,359194;374,342241;381,363186;27,252487;134,497209;136,358405;-22,499357;81,453301;134,497209;164,530119;125,477257;244,291371;248,405344;218,488135;258,446292;287,459122;273,411313;324,378280;347,418169;421,321258;382,339261;426,280279;421,321258;441,237327;109,216489;102,296486;10,460389;59,456458;-3,483365;-71,512316;134,497209;104,533157;178,580103;102,296486;6,366472;104,533157;78,440466;68,509263;259,248419;143,444372;160,457268;220,467213;178,510157;217,52497;189,53186;271,312350;322,342348;277,507106;315,308350;368,377316;322,342348;401,221366;396,287342;470,252293;370,359194;558,116421;481,124343;
381,363186;370,359194;370,359194;402,344150;402,344150;86,322475;225,323358;216,297382;244,291371;370,359194;374,342241;381,363186;27,252487;136,358405;164,530119;244,291371;248,405344;258,446292;273,411313;421,321258;382,339261;421,321258;109,216489;102,296486;10,460389;59,456458;-71,512316;178,580103;102,296486;6,366472;78,440466;259,248419;220,467213;178,510157;217,52497;189,53186;271,312350;322,342348;277,507106;315,308350;368,377316;322,342348;396,287342;470,252293;370,359194;558,116421;-5,267536;-27,268494;-42,487433;-90,528288;158,589230;193,63556;-5,267536;91,387429;-42,487433;191,58131;249,102534;119,381418;176,507376;187,482375;103,544271;270,55678;210,56559;446,134481;187,482375;407,133483;298,264405;254,277402;324,405302;276,430292;350,500198;438,211431;404,254384;351,426281;395,332287;465,232410;419,243418;470,156413;470,252293;454,283327;481,153463;505,232304;505,232304;467,254349;557,209357;
----Iteration 7----
57,50058;186,303286;168,285298;215,316237;215,316237;203,489252;220,275258;238,498212;238,498212;203,489252;273,478223;
186,303286;168,285298;203,489252;238,498212;238,498212;203,489252;273,478223;262,338279;294,486205;294,486205;246,534186;294,486205;371,413179;349,414137;
186,303286;168,285298;203,489252;238,498212;238,498212;203,489252;273,478223;262,338279;294,486205;294,486205;246,534186;294,486205;371,413179;349,414137;131,356301;115,393278;254,278283;289,360228;273,391262;279,500122;289,360228;347,357201;328,373193;326,455135;311,419159;335,458109;
203,489252;238,498212;238,498212;203,489252;273,478223;262,338279;294,486205;294,486205;246,534186;294,486205;371,413179;349,414137;254,278283;273,391262;279,500122;328,373193;326,455135;311,419159;335,458109;48,462262;-95,543157;74,437283;173,153350;233,352309;160,376336;210,383270;152,408305;250,258297;198,318322;277,413244;311,419159;273,391262;303,400222;386,370227;386,370227;335,458109;371,413179;432,361252;
203,489252;238,498212;238,498212;203,489252;273,478223;294,486205;294,486205;246,534186;294,486205;279,500122;326,455135;335,458109;48,462262;-95,543157;74,437283;160,376336;277,413244;303,400222;386,370227;386,370227;335,458109;432,361252;204,216381;215,220373;224,334344;147,428288;-10,490302;43,471321;172,405315;243,318372;230,419308;295,375329;295,375329;292,394277;311,454165;369,377282;343,380259;381,427217;479,318262;479,318262;479,318262;497,306261;
203,489252;238,498212;238,498212;203,489252;273,478223;294,486205;294,486205;246,534186;294,486205;279,500122;326,455135;335,458109;-95,543157;160,376336;386,370227;386,370227;335,458109;432,361252;204,216381;215,220373;224,334344;147,428288;-10,490302;43,471321;172,405315;243,318372;230,419308;295,375329;295,375329;292,394277;311,454165;369,377282;343,380259;381,427217;479,318262;479,318262;479,318262;497,306261;243,318372;-10,490302;-15,531281;36,483359;288,413308;204,444287;138,521282;295,375329;334,376327;295,375329;304,400255;334,376327;295,47276;338,386280;464,328252;369,377282;464,328252;456,376167;435,327289;464,332179;510,290212;
203,489252;238,498212;238,498212;203,489252;273,478223;294,486205;294,486205;246,534186;294,486205;279,500122;326,455135;335,458109;-95,543157;160,376336;386,370227;386,370227;335,458109;432,361252;224,334344;230,419308;295,375329;295,375329;311,454165;369,377282;343,380259;381,427217;479,318262;479,318262;479,318262;497,306261;-15,531281;36,483359;288,413308;204,444287;138,521282;295,375329;334,376327;295,375329;334,376327;295,47276;464,328252;369,377282;464,328252;456,376167;435,327289;464,332179;510,290212;305,296379;316,293429;272,321415;60,426388;52,468421;36,483359;-50,54576;319,275402;327,267397;171,358389;196,364341;229,443319;177,479287;141,502334;162,55060;183,5654;7,58530;341,410325;426,341271;426,341271;469,413108;447,255406;464,290297;464,276330;471,384133;555,243235;510,290212;531,37884;547,34268;555,243235;
203,489252;238,498212;238,498212;203,489252;273,478223;294,486205;294,486205;246,534186;294,486205;279,500122;335,458109;-95,543157;335,458109;432,361252;224,334344;230,419308;295,375329;295,375329;369,377282;343,380259;381,427217;479,318262;479,318262;479,318262;497,306261;-15,531281;288,413308;138,521282;295,375329;334,376327;295,375329;334,376327;464,328252;369,377282;464,328252;435,327289;305,296379;316,293429;272,321415;60,426388;52,468421;327,267397;171,358389;229,443319;141,502334;162,55060;183,5654;341,410325;426,341271;426,341271;447,255406;471,384133;555,243235;531,37884;547,34268;555,243235;324,285424;50,461461;31,522306;44,595138;71,484387;52,530288;204,477359;178,481354;162,510316;259,527136;241,55539;198,488293;329,464207;348,275379;407,349284;333,49476;417,283336;349,406255;359,451141;490,277357;525,290323;440,390123;481,440109;470,385241;490,315312;531,37884;481,440109;496,39873;527,249246;570,251201;571,212201;
273,478223;294,486205;294,486205;294,486205;335,458109;335,458109;432,361252;369,377282;343,380259;381,427217;479,318262;479,318262;479,318262;497,306261;288,413308;464,328252;369,377282;464,328252;435,327289;316,293429;272,321415;52,468421;229,443319;183,5654;341,410325;426,341271;426,341271;447,255406;471,384133;555,243235;547,34268;555,243235;324,285424;50,461461;44,595138;71,484387;204,477359;178,481354;162,510316;329,464207;407,349284;417,283336;349,406255;359,451141;490,277357;525,290323;481,440109;470,385241;490,315312;481,440109;570,251201;571,212201;239,336443;89,443458;165,495362;160,536341;93,571317;181,61891;316,293429;316,293429;195,369406;237,399385;262,523297;242,564230;371,348398;251,405369;268,489317;269,557295;377,310390;314,507159;330,492160;403,360372;364,378375;403,401252;531,435124;401,455140;426,303316;413,407128;436,51384;488,356133;544,251298;544,251298;560,220264;
432,361252;381,427217;479,318262;479,318262;479,318262;497,306261;464,328252;464,328252;435,327289;272,321415;426,341271;426,341271;447,255406;555,243235;547,34268;555,243235;71,484387;204,477359;178,481354;329,464207;407,349284;417,283336;349,406255;490,277357;525,290323;481,440109;470,385241;490,315312;481,440109;570,251201;571,212201;239,336443;165,495362;160,536341;93,571317;181,61891;195,369406;237,399385;262,523297;242,564230;371,348398;251,405369;269,557295;403,360372;403,401252;531,435124;426,303316;436,51384;544,251298;544,251298;560,220264;190,353497;202,595302;134,641212;209,293477;112,469471;119,546338;192,615141;361,300451;160,536341;231,597138;378,382396;347,461355;313,517344;231,597138;436,51384;406,273387;430,513164;465,457191;436,51384;490,315312;496,426192;474,48586;542,375134;546,313249;500,401152;
----Iteration 8----
-235,262199;-259,312225;-220,31790;-162,35034;-231,32040;-161,442-9;-220,31790;-144,316149;-143,430-10;-177,308180;-135,217239;-121,38926;-93,4233;-51,29477;-27,3483;-48,3436;-18,90184;11,186151;-25,29612;-13,236177;169,-59-1;232,-40-11;231,-36-20;188,-757;231,-36-20;
-259,312225;-161,442-9;-144,316149;-135,217239;-93,4233;-27,3483;-48,3436;-18,90184;11,186151;-13,236177;-259,312225;-266,350204;-266,350204;-186,47631;-268,254230;-217,247251;-215,336147;-197,306209;-211,332186;-119,44057;-65,380116;-70,409-71;-106,432-24;-23,311186;-23,311186;-65,380116;-62,39995;128,261116;-62,39995;-13,368-33;-21,33673;11,186151;17,53135;136,273101;143,30799;179,23412;179,23412;219,-5325;208,14945;201,197-88;225,181-17;250,81-3;
143,30799;225,181-17;250,81-3;-262,380238;9,441205;-221,232272;-124,327257;-209,340239;-221,356235;4,482184;-12,137251;-100,196298;31,445136;70,252213;31,445136;117,209223;61,339250;108,187241;167,204238;105,35353;138,34878;143,30799;138,34878;186,232218;204,194204;219,288188;255,56140;
9,441205;61,339250;-41,374295;-5,384270;9,434254;9,434254;7,501163;-37,456265;-26,461194;43,51793;85,181297;9,434254;46,53672;85,181297;11,262363;45,372256;47,497184;73,440117;114,308277;149,288288;89,43985;165,309209;267,245238;205,337142;282,291221;195,304154;205,337142;180,431155;272,298128;225,339113;267,245238;395,123174;371,160119;
61,339250;-41,374295;-5,384270;9,434254;9,434254;7,501163;-37,456265;43,51793;9,434254;46,53672;45,372256;47,497184;149,288288;267,245238;205,337142;282,291221;205,337142;180,431155;272,298128;225,339113;267,245238;395,123174;99,169394;25,322352;31,362295;-79,495258;-13,475218;43,51793;149,164409;39,273398;-7,390293;125,245366;127,318303;24,466246;140,514139;140,514139;49,350294;147,439225;170,512126;149,288288;236,476107;198,264282;219,232268;197,395212;267,245238;316,41395;349,406104;349,406104;347,206246;404,169159;404,169159;
-5,384270;9,434254;9,434254;9,434254;149,288288;267,245238;282,291221;272,298128;267,245238;395,123174;99,169394;25,322352;31,362295;149,164409;39,273398;-7,390293;125,245366;24,466246;49,350294;147,439225;170,512126;149,288288;198,264282;219,232268;197,395212;267,245238;316,41395;349,406104;349,406104;347,206246;404,169159;404,169159;49,142457;149,164409;-3,312391;-43,413340;-28,472320;-20,525259;83,554222;35,591214;35,591214;-3,312391;-36,481298;114,178382;-43,413340;51,560180;146,562152;201,232361;145,320308;81,379276;170,512126;234,278251;197,439174;238,105309;237,440145;316,41395;246,498140;347,206246;254,374244;330,276187;316,41395;349,406104;390,228197;489,195116;478,191124;474,23868;
-5,384270;149,288288;282,291221;99,169394;25,322352;31,362295;149,164409;39,273398;-7,390293;125,245366;49,350294;147,439225;170,512126;149,288288;198,264282;197,395212;316,41395;349,406104;349,406104;347,206246;404,169159;404,169159;49,142457;149,164409;-3,312391;-43,413340;-28,472320;-20,525259;83,554222;35,591214;35,591214;-3,312391;-36,481298;114,178382;-43,413340;146,562152;201,232361;145,320308;81,379276;170,512126;234,278251;197,439174;238,105309;237,440145;316,41395;246,498140;347,206246;254,374244;330,276187;316,41395;349,406104;390,228197;489,195116;478,191124;474,23868;17,227460;-24,277439;-79,403365;-76,459350;-71,501287;63,192441;-48,537253;151,60259;108,214388;13,352372;8,518252;65,589201;201,232361;110,470255;203,52095;236,186327;269,48476;269,48476;322,252294;282,291221;248,398154;303,441123;299,254227;292,365162;373,95290;385,178248;349,406104;442,238106;411,294153;431,129210;442,238106;442,133202;432,27761;442,133202;489,195116;
149,288288;282,291221;99,169394;25,322352;31,362295;149,164409;125,245366;49,350294;147,439225;170,512126;149,288288;197,395212;316,41395;349,406104;349,406104;404,169159;404,169159;49,142457;149,164409;-3,312391;-43,413340;-28,472320;-20,525259;83,554222;35,591214;35,591214;-3,312391;-36,481298;114,178382;-43,413340;146,562152;201,232361;145,320308;81,379276;170,512126;197,439174;237,440145;316,41395;246,498140;254,374244;330,276187;316,41395;349,406104;390,228197;489,195116;478,191124;474,23868;17,227460;-24,277439;-79,403365;-76,459350;-71,501287;63,192441;151,60259;108,214388;13,352372;65,589201;201,232361;110,470255;203,52095;269,48476;269,48476;322,252294;282,291221;248,398154;303,441123;292,365162;373,95290;385,178248;349,406104;442,238106;411,294153;431,129210;442,238106;442,133202;432,27761;442,133202;489,195116;-28,472320;-87,542335;18,572256;14,633220;-17,592245;47,307406;6,457303;160,66054;184,61028;284,274339;183,518124;234,60543;234,60543;221,366275;316,233323;230,332271;271,429149;248,47694;360,224296;299,278285;333,43756;315,44957;400,186214;390,356125;496,155165;496,155165;
149,288288;282,291221;99,169394;149,164409;170,512126;149,288288;197,395212;316,41395;349,406104;349,406104;404,169159;404,169159;49,142457;149,164409;-43,413340;-28,472320;83,554222;35,591214;35,591214;-36,481298;114,178382;-43,413340;146,562152;145,320308;81,379276;170,512126;197,439174;237,440145;316,41395;246,498140;254,374244;330,276187;316,41395;349,406104;390,228197;489,195116;478,191124;474,23868;17,227460;-24,277439;-76,459350;63,192441;151,60259;108,214388;65,589201;110,470255;203,52095;269,48476;269,48476;322,252294;282,291221;248,398154;303,441123;292,365162;373,95290;385,178248;349,406104;442,238106;411,294153;431,129210;442,238106;442,133202;432,27761;442,133202;489,195116;-28,472320;-87,542335;18,572256;14,633220;-17,592245;47,307406;6,457303;160,66054;184,61028;284,274339;183,518124;234,60543;234,60543;221,366275;316,233323;230,332271;271,429149;248,47694;360,224296;299,278285;333,43756;315,44957;400,186214;390,356125;496,155165;496,155165;-60,428378;-100,509376;-71,586296;-71,586296;-13,612241;129,646117;78,201429;-41,501326;57,296403;64,394392;39,564287;153,457263;112,577211;140,65883;278,255368;259,56477;259,56477;262,56171;275,53343;360,224296;328,47835;335,280177;385,178248;349,406104;400,186214;438,268116;502,115181;
282,291221;197,395212;316,41395;349,406104;349,406104;49,142457;83,554222;145,320308;237,440145;316,41395;246,498140;254,374244;330,276187;316,41395;349,406104;390,228197;489,195116;478,191124;474,23868;17,227460;-24,277439;63,192441;65,589201;110,470255;203,52095;269,48476;269,48476;322,252294;282,291221;248,398154;303,441123;292,365162;373,95290;385,178248;349,406104;442,238106;411,294153;431,129210;442,238106;442,133202;432,27761;442,133202;489,195116;18,572256;14,633220;-17,592245;47,307406;160,66054;184,61028;284,274339;183,518124;234,60543;234,60543;221,366275;316,233323;271,429149;248,47694;360,224296;299,278285;400,186214;496,155165;496,155165;-71,586296;-71,586296;-13,612241;129,646117;78,201429;57,296403;64,394392;39,564287;153,457263;112,577211;140,65883;278,255368;259,56477;259,56477;262,56171;275,53343;360,224296;328,47835;335,280177;385,178248;349,406104;400,186214;438,268116;502,115181;-81,419443;-34,570350;64,628235;168,64780;113,187456;77,267428;10,519383;259,308379;111,580205;135,614148;274,240413;162,399277;183,455250;175,583167;279,232377;221,471179;292,5574;317,210332;280,313289;249,352272;308,52652;357,166316;375,232262;335,45558;423,391125;418,152235;428,350146;461,183196;441,24357;
----Iteration 9----
-96,60142;-125,55156;-204,197112;-160,22263;-101,246-65;-58,32144;-167,18865;9,10387;-38,127102;-102,217-9;39,219-65;33,91137;20,10779;286,-8874;72,92100;134,-35-4;92,100-81;252,-4527;108,4056;241,-5-16;267,-6452;156,44-21;286,-8874;267,-6452;202,-39-1;
286,-8874;286,-8874;-128,147192;116,278106;-66,23315;79,318149;86,280170;84,306187;-45,31297;-166,169237;50,3573;-2,53248;227,202141;-36,96201;150,27746;150,27746;236,-111129;172,321-25;150,27746;253,86-25;210,265-110;236,-111129;351,458;351,458;365,5442;296,7519;
-66,23315;79,318149;86,280170;84,306187;-45,31297;-166,169237;50,3573;-2,53248;227,202141;236,-111129;172,321-25;236,-111129;351,458;351,458;365,5442;75,323-37;-45,31297;-2,53248;91,223235;137,322-52;-2,53248;117,147177;220,30378;207,205148;202,270148;196,298136;197,101237;220,30378;273,267-34;207,205148;313,-57104;351,458;320,990;314,-80113;327,7687;366,0101;366,0101;
79,318149;84,306187;-166,169237;50,3573;227,202141;172,321-25;351,458;351,458;365,5442;91,223235;137,322-52;220,30378;202,270148;196,298136;197,101237;220,30378;351,458;366,0101;366,0101;-33,70336;-24,116321;19,138272;-37,149312;91,223235;43,271216;83,365-28;-5,100329;38,122280;72,337189;156,32073;156,32073;114,164258;197,101237;143,290205;259,30441;171,71250;203,139200;221,224182;222,123208;333,240104;282,270-7;219,53237;232,166140;277,-99152;335,-29119;284,258-7;314,3112;306,81137;350,-2112;335,11896;
202,270148;196,298136;-37,149312;143,290205;203,139200;221,224182;222,123208;219,53237;51,140336;71,142307;126,282206;4,417132;58,129343;67,399176;153,207272;115,378280;125,262212;199,198276;179,267158;234,377127;205,45302;213,15274;349,29576;334,33828;342,33355;349,29576;370,259128;424,232160;374,237145;
-37,149312;51,140336;71,142307;58,129343;153,207272;115,378280;199,198276;205,45302;370,259128;424,232160;374,237145;183,184286;-57,476150;-36,386230;32,413149;149,341235;149,341235;6,465152;156,375233;265,421145;252,408181;221,56280;219,400212;199,198276;234,340222;281,43942;272,305146;311,43729;302,44724;321,267164;327,323107;338,38353;313,214193;317,297117;354,348101;313,214193;429,301100;406,249103;424,247105;429,301100;
51,140336;58,129343;115,378280;205,45302;370,259128;424,232160;-57,476150;6,465152;156,375233;221,56280;219,400212;234,340222;321,267164;313,214193;354,348101;313,214193;429,301100;406,249103;424,247105;429,301100;181,186296;118,397278;44,464182;72,179327;85,192291;282,454179;147,46438;208,43316;203,202287;170,347277;261,446197;327,460132;203,202287;234,340222;242,179262;224,212230;291,444133;335,452127;244,199245;242,179262;346,264155;343,39591;329,233177;308,286200;315,289146;385,231162;336,355120;404,264126;399,303113;415,239158;459,194234;461,24894;448,218183;
51,140336;58,129343;115,378280;205,45302;221,56280;219,400212;234,340222;313,214193;313,214193;181,186296;118,397278;282,454179;208,43316;203,202287;170,347277;261,446197;327,460132;203,202287;234,340222;242,179262;291,444133;335,452127;244,199245;242,179262;329,233177;308,286200;459,194234;448,218183;167,128347;85,218335;100,379290;282,454179;261,446197;87,534191;76,530199;173,39326;156,410245;214,489187;139,521130;208,43316;118,397278;280,503122;280,503122;235,497169;198,240294;201,394246;280,503122;242,179262;244,199245;327,460132;306,221241;290,323186;435,516113;327,460132;481,48194;392,219186;438,53592;491,48480;473,113193;510,468108;466,356174;496,205143;477,221115;
115,378280;118,397278;282,454179;170,347277;261,446197;327,460132;242,179262;291,444133;335,452127;242,179262;459,194234;448,218183;100,379290;282,454179;261,446197;87,534191;76,530199;156,410245;214,489187;139,521130;118,397278;280,503122;280,503122;235,497169;201,394246;280,503122;242,179262;327,460132;306,221241;435,516113;327,460132;481,48194;392,219186;438,53592;491,48480;473,113193;510,468108;466,356174;496,205143;161,337363;228,438228;228,438228;179,485244;87,534191;236,145334;210,257375;216,338302;271,113297;237,346284;247,422236;285,163281;269,331240;436,493122;333,323238;287,313250;435,516113;528,47793;560,463123;533,50728;521,435136;577,45648;
459,194234;87,534191;76,530199;280,503122;280,503122;235,497169;280,503122;435,516113;481,48194;438,53592;491,48480;473,113193;510,468108;161,337363;87,534191;210,257375;436,493122;435,516113;528,47793;533,50728;577,45648;201,486270;131,529221;185,586130;67,541203;103,551178;238,292360;263,389298;215,435311;348,463289;201,486270;303,57075;407,58043;353,317322;326,365325;299,490252;353,317322;400,404226;500,446179;393,299252;414,307234;442,471128;414,307234;439,244232;453,294216;569,466150;469,344190;509,262187;552,435172;519,284173;574,43769;586,42244;
