----Iteration 0----
x_Moead=[1618, 1618, 1407, 1392, 1307, 1601, 1823, 1779, 1627, 1823, 1744, 1779, 1843, 1795, 1843, 2098, 1307, 1555, 1491, 1510, 1491, 1552, 1601, 1656, 1858, 1905, 1905, 2065, 2027, 2132, 2074, 2107, 1506, 1386, 1349, 1510, 1499, 1547, 1520, 1564, 1545, 1545, 1558, 1540, 1565, 1672, 1747, 1712, 1740, 1780, 1700, 1740, 1740, 1900, 1823, 1810, 2027, 1912, 1996, 1912, 2100, 2130, 2094, 2131, 2230, 2195]
y_Moead=[168, 168, 301, 334, 375, 680, 143, 180, 195, 143, 189, 180, 157, 161, 157, 345, 375, 452, 299, 491, 299, 716, 680, 387, 110, 438, 438, 199, 410, 265, 396, 366, 290, 356, 395, 491, 574, 597, 682, 691, 223, 223, 461, 798, 568, 629, 499, 614, 161, 150, 350, 587, 587, 67, 143, 480, 12, 441, 436, 441, 226, 331, 408, 211, 309, 282]
z_Moead=[1704, 1704, 1832, 1833, 1813, 1130, 1658, 1669, 1666, 1658, 1658, 1669, 1641, 1649, 1641, 1235, 1813, 1748, 1872, 1689, 1872, 1177, 1130, 1582, 1665, 1209, 1209, 1590, 1214, 1497, 1485, 1220, 1903, 1877, 1808, 1689, 1657, 1613, 1502, 1486, 1906, 1906, 1718, 1465, 1473, 1347, 1272, 1374, 1754, 1683, 1571, 1325, 1325, 1700, 1658, 1436, 1656, 1184, 1224, 1184, 1568, 1455, 1460, 1573, 1435, 1457]
----Iteration 1----
x_Moead=[1834, 1397, 1799, 1816, 1834, 1799, 1822, 1836, 1979, 1850, 1970, 1850, 1953, 2027, 2052, 2027, 2027, 2052, 2052, 2068, 1426, 1535, 1426, 1433, 1741, 1432, 1825, 1628, 1799, 1788, 1845, 1832, 1825, 1816, 1930, 1969, 1933, 1836, 1902, 1953, 1977, 1918, 1969, 2034, 1952, 2046, 2045]
y_Moead=[97, 370, 326, -167, 97, 326, 329, 307, -45, 95, -29, 95, 136, 109, 13, -82, -82, 13, 13, -30, 308, 296, 308, 360, 351, 307, 317, 128, 326, -12, 293, 333, 317, -167, 35, 38, 94, 307, 294, 136, -51, 183, 38, 97, 171, 9, -8]
z_Moead=[1613, 1425, 1679, 1693, 1613, 1679, 1629, 1557, 1645, 1608, 1631, 1608, 1454, 1389, 1554, 1635, 1635, 1554, 1554, 1463, 1757, 1805, 1757, 1693, 1599, 1751, 1622, 1708, 1679, 1772, 1596, 1583, 1622, 1693, 1682, 1656, 1639, 1557, 1559, 1454, 1691, 1481, 1656, 1476, 1473, 1566, 1587]
----Iteration 3----
x_Moead=[1210, 1466, 1424, 1171, 1415, 1210, 1450, 1731, 1731, 1764, 1760, 1764, 1477, 1276, 1454, 1731, 1240, 1458, 1718, 1804, 1769, 1823, 1868, 1826, 1868, 2031, 2057, 2079, 2153]
y_Moead=[813, 726, 570, 823, 828, 813, 827, 631, 631, 649, 605, 649, 463, 745, 851, 631, 788, 845, 638, 648, 705, 618, 681, 587, 681, 712, 713, 682, 724]
z_Moead=[1705, 1330, 1923, 1727, 1456, 1705, 1489, 1911, 1911, 1861, 1871, 1861, 1941, 1679, 1379, 1911, 1710, 1421, 1907, 1850, 1784, 1824, 1788, 1815, 1788, 1748, 1742, 1777, 1704]
----Iteration 2----
x_Moead=[1374, 1327, 1350, 1348, 1328, 1350, 1399, 1331, 1392, 1441, 1442, 1727, 1773, 1817, 1817, 1805, 1808, 1870, 1817, 1399, 1327, 1327, 1328, 1349, 1443, 1634, 1435, 1495, 1435, 1515, 1736, 1693, 1525, 1732, 1653, 1683, 1807, 1817, 1710, 1725, 1852, 1858, 1934, 1890, 1934, 1934, 2103]
y_Moead=[512, 692, 589, 637, 732, 682, 545, 729, 588, 640, 631, 572, 618, 588, 588, 600, 322, 289, 588, 545, 692, 692, 732, 596, 679, 687, 502, 548, 644, 680, 283, 515, 635, 273, 558, 563, 590, 225, 511, 526, 85, 237, 548, 248, 548, 218, 384]
z_Moead=[1891, 1868, 1794, 1870, 1687, 1705, 1844, 1675, 1794, 1713, 1672, 1570, 1428, 1435, 1435, 1398, 1717, 1683, 1435, 1844, 1868, 1868, 1687, 1825, 1670, 1578, 1813, 1730, 1761, 1666, 1891, 1648, 1585, 1908, 1635, 1586, 1405, 1848, 1646, 1598, 1826, 1797, 1569, 1678, 1569, 1685, 1658]
----Iteration 4----
x_Moead=[1563, 1573, 1532, 1644, 1602, 1782, 1665, 1690, 1666, 1646, 1673, 1786, 1738, 1690, 1825, 1690, 1766, 1825, 1783, 1825]
y_Moead=[622, 777, 563, 694, 755, 503, 620, 616, 663, 688, 659, 513, 557, 616, 539, 616, 556, 539, 582, 539]
z_Moead=[1836, 1775, 1867, 1729, 1802, 1896, 1787, 1846, 1757, 1737, 1766, 1879, 1907, 1846, 1854, 1846, 1826, 1854, 1812, 1854]
----Iteration 6----
x_Moead=[1782, 1782, 1442, 1782, 1729, 1782, 1818, 1900, 1454, 1722, 1717, 1793, 1782, 1876, 1961, 1849, 1969, 2046, 1926, 1960, 2022, 2007, 2022, 2036, 1323, 1442, 1571, 1680, 1664, 1331, 1559, 1628, 1502, 1693, 1680, 1765, 1631, 1617, 1743, 1740, 1775, 1793, 1957, 1859, 1875, 1875, 1933, 1919, 1986, 1959, 2015, 2015, 2040]
y_Moead=[360, 360, 200, 330, 293, 330, 300, 482, 400, 432, 429, 86, 330, 332, 510, 182, 406, 354, 444, 321, 457, 397, 457, 421, 281, 442, 456, 518, 561, 252, 498, 337, 417, 501, 518, 226, 256, 366, 288, 363, 595, 86, 549, 229, 186, 186, 299, 349, 498, 278, 207, 207, 434]
z_Moead=[1733, 1733, 2154, 1916, 1988, 1916, 1840, 1667, 2009, 1864, 1898, 1974, 1916, 1827, 1645, 1924, 1711, 1613, 1732, 1726, 1652, 1695, 1652, 1611, 2078, 2037, 1962, 1867, 1868, 2093, 1990, 2016, 2005, 1911, 1867, 2147, 2054, 1988, 1928, 1787, 1695, 1974, 1592, 1894, 1893, 1893, 1828, 1800, 1635, 1743, 1731, 1731, 1608]
----Iteration 5----
x_Moead=[1610, 1637, 1725, 1590, 1637, 2031, 1543, 1448, 1543, 1576, 1681, 1821, 1927, 1840, 1927, 1887, 2026, 2048, 2074, 1439, 1389, 1593, 1471, 1511, 1447, 1463, 1650, 1376, 1681, 1541, 1458, 1650, 1560, 1626, 1690, 1717, 1717, 1688, 1718, 1691, 1973, 1947, 1950, 1931, 1872, 1973, 1999, 2031, 2032, 2031, 2064, 2058]
y_Moead=[666, 680, 654, 715, 680, 249, 691, 829, 691, 742, 659, 605, 489, 569, 489, 515, 399, 240, 220, 509, 648, 674, 788, 828, 904, 860, 236, 584, 659, 771, 887, 236, 794, 750, 210, 647, 647, 683, 612, 655, 328, 264, 421, 526, 555, 328, 385, 249, 283, 249, 367, 263]
z_Moead=[1304, 1259, 1184, 1289, 1259, 1447, 1440, 1393, 1440, 1238, 1620, 1530, 1299, 1099, 1299, 1331, 1324, 1424, 1401, 1671, 1668, 1481, 1441, 1402, 1327, 1314, 1625, 1711, 1620, 1455, 1362, 1625, 1198, 1236, 1593, 1458, 1458, 1245, 1235, 1257, 1530, 1547, 1533, 1289, 1156, 1530, 1369, 1447, 1425, 1447, 1349, 1402]
----Iteration 7----
x_Moead=[1723, 1580, 1580, 1557, 1716, 1779, 1595, 1515, 1513, 1580, 1580, 1487, 1587, 1677, 1716, 1715, 1810, 1691, 1789, 1790, 1811, 1518, 1539, 1443, 1411, 1458, 1476, 1458, 1801, 1493, 1494, 1411, 1518, 1466, 1465, 1587, 1651, 1682, 1649, 1802, 1671, 1611, 1738, 1680, 1774, 1789, 1789, 1715, 1828, 1829, 1908, 1856, 1873, 1951]
y_Moead=[306, 771, 771, 445, 348, 496, 317, 838, 469, 771, 771, 472, 443, 736, 647, 730, 235, 427, 707, 615, 189, 408, 707, 869, 890, 899, 559, 899, 293, 444, 740, 890, 408, 767, 818, 832, 544, 732, 764, 279, 430, 504, 630, 379, 553, 707, 674, 730, 521, 712, 391, 486, 721, 364]
z_Moead=[1959, 1723, 1723, 2081, 2020, 1819, 2105, 1631, 1983, 1723, 1723, 2015, 2111, 1686, 1845, 1640, 1982, 1911, 1711, 1722, 1936, 2169, 1930, 1744, 1793, 1702, 2093, 1702, 2140, 2188, 1953, 1793, 2169, 2002, 1710, 1655, 1915, 1788, 1746, 2122, 2069, 1954, 1895, 2055, 1909, 1711, 1725, 1640, 1737, 1705, 1923, 1906, 1689, 1897]
----Iteration 8----
x_Moead=[1275, 1076, 1624, 1843, 1874, 1849, 1843, 2024, 1299, 1314, 1061, 1779, 1807, 1740, 1820, 1721, 1920, 1730, 1811, 1870, 1887, 1945, 1829, 1874, 1910, 1961, 1990, 1990, 2172, 1978, 2105]
y_Moead=[762, 693, 600, 608, 266, 314, 608, 280, 742, 754, 462, 737, 694, 727, 685, 386, 334, 541, 691, 381, 377, 526, 592, 266, 530, 546, 302, 435, 267, 438, 279]
z_Moead=[1568, 1735, 1773, 1492, 2034, 2053, 1492, 1648, 1660, 1622, 1888, 1609, 1410, 1673, 1450, 2134, 2014, 1863, 1585, 1999, 1997, 1884, 1645, 2034, 1876, 1686, 2000, 1983, 1808, 1936, 1746]
----Iteration 9----
x_Moead=[1551, 1657, 1657, 669, 1508, 1370, 1374, 1630, 1498, 1342, 1513, 1426, 1551, 1649, 1656, 1658, 1658, 1032, 1097, 1049, 1099, 521, 981, 663, 1238, 1040, 1040, 1501, 1409, 1160, 1238, 1496, 1419, 1299, 1355, 1525, 1395, 1632, 1594, 1494, 1643, 1621, 1635, 1633, 1505, 1650, 1680, 1530, 1715, 1672, 1681, 1744, 1715]
y_Moead=[354, 161, 131, 823, 207, 322, 512, 86, 421, 593, 375, 440, 354, 129, 66, 253, 253, 115, 249, 319, 280, 595, 801, 807, 665, 747, 747, 195, 261, 668, 665, 236, 539, 586, 553, 176, 570, 82, 175, 466, 113, 335, 136, 241, 374, 217, 316, 366, 289, 272, 240, 262, 289]
z_Moead=[1389, 1488, 1559, 1116, 1657, 1600, 1539, 1647, 1549, 1518, 1515, 1538, 1389, 1579, 1624, 1448, 1448, 1741, 1701, 1679, 1659, 1614, 1352, 1218, 1559, 1326, 1326, 1703, 1655, 1455, 1559, 1718, 1536, 1546, 1531, 1630, 1519, 1654, 1637, 1524, 1629, 1384, 1604, 1598, 1580, 1560, 1413, 1568, 1368, 1414, 1486, 1385, 1368]
----End of Run----
