----Iteration 1----
memory=146.625,146.625,146.8828125,148.02734375,148.28515625,149.05859375,149.83203125,150.08984375,151.12109375,152.41015625
time=1.202488899230957,1.3419687747955322,1.385965347290039,1.6221253871917725,1.342820405960083,1.4418938159942627,1.3977055549621582,1.3551151752471924,1.4904603958129883,1.9071872234344482
----Iteration 2----
memory=146.625,146.625,147.3984375,148.02734375,148.80078125,149.31640625,149.83203125,150.08984375,151.37890625,152.41015625
time=1.3632457256317139,1.353621006011963,1.5506834983825684,1.4964537620544434,1.6341629028320312,1.2751545906066895,1.3234071731567383,1.3697624206542969,1.4392516613006592,2.0275521278381348
----Iteration 0----
memory=146.625,146.625,147.65625,148.02734375,148.80078125,149.31640625,149.83203125,150.60546875,151.37890625,152.41015625
time=1.4138031005859375,1.4308488368988037,1.577970027923584,1.3450934886932373,1.6999647617340088,1.2942941188812256,1.340226650238037,1.4952006340026855,1.4570131301879883,2.4057071208953857
----Iteration 3----
memory=153.95703125,153.95703125,154.21484375,154.47265625,154.47265625,154.98828125,155.50390625,156.01953125,156.01953125,156.53515625
time=1.8440594673156738,1.8505430221557617,2.092027425765991,2.389683723449707,2.271223306655884,2.253441572189331,2.2635185718536377,1.7964134216308594,2.1139771938323975,2.181029796600342
----Iteration 4----
memory=153.95703125,153.95703125,154.21484375,154.47265625,154.47265625,154.98828125,155.50390625,156.01953125,156.01953125,156.53515625
time=1.8907153606414795,2.006364345550537,1.993896484375,2.0794708728790283,2.242828845977783,2.1677563190460205,2.068756103515625,2.0679759979248047,2.054255247116089,2.1260745525360107
----Iteration 5----
memory=157.30859375,157.30859375,157.30859375,157.56640625,157.56640625,157.82421875,158.08203125,158.33984375,158.59765625,158.85546875
time=1.4494783878326416,1.862170696258545,1.9481029510498047,2.210892677307129,2.4087815284729004,2.1257240772247314,2.169229507446289,2.151137113571167,2.1902427673339844,2.511591911315918
----Iteration 7----
memory=157.30859375,157.30859375,157.30859375,157.56640625,157.56640625,157.82421875,158.08203125,158.59765625,158.59765625,158.85546875
time=1.6859145164489746,1.8395535945892334,2.1118357181549072,2.3203961849212646,2.2807557582855225,2.1009483337402344,2.126718044281006,2.072486639022827,2.228966474533081,2.3710672855377197
----Iteration 6----
memory=157.30859375,157.30859375,157.30859375,157.56640625,157.56640625,157.82421875,158.33984375,158.59765625,158.85546875,158.85546875
time=1.8160808086395264,2.008445978164673,2.137033462524414,2.1218411922454834,2.3268027305603027,2.343771457672119,2.1679558753967285,2.0282108783721924,2.4312245845794678,2.144998550415039
----Iteration 8----
memory=158.85546875,158.85546875,158.85546875,158.85546875,158.85546875,158.85546875,158.85546875,158.85546875,158.85546875,158.85546875
time=1.4178850650787354,1.4529213905334473,1.4049975872039795,1.719421625137329,1.7142012119293213,1.6258187294006348,1.5209338665008545,1.453765630722046,1.604163408279419,1.6610989570617676
----Iteration 9----
memory=158.85546875,158.85546875,158.85546875,158.85546875,158.85546875,158.85546875,158.85546875,158.85546875,158.85546875,158.85546875
time=1.531949758529663,1.4746031761169434,1.5005629062652588,1.7671141624450684,1.660245656967163,1.4553308486938477,1.5335514545440674,1.538485050201416,1.5799963474273682,1.3520643711090088
