----Iteration 1----
-120,457577;92,725278;5,386818;-60,353881;-84,785432;44,253917;-60,353881;-5,718333;17,259965;25,574535;92,725278;44,253917;94,355857;87,577440;92,561461;114,560394;
-84,785432;25,574535;87,577440;92,561461;114,560394;-165,509680;-33,687478;-165,509680;-164,800365;-150,704649;95,727333;-6,381959;124,723344;-36,723596;113,302985;18,610477;92,759312;241,413911;284,461728;284,461728;
-84,785432;25,574535;87,577440;92,561461;114,560394;95,727333;-6,381959;124,723344;113,302985;18,610477;92,759312;241,413911;284,461728;284,461728;-44,763581;-195,820386;-45,587700;-86,560733;-186,755662;-86,560733;-146,723764;-96,802368;-54,539779;-44,763581;6,756372;6,756372;-46,708680;-32,743499;-8,731611;84,560560;148,661304;238,685222;427,430714;161,684290;284,461728;427,430714;427,430714;427,430714;452,413689;454,413668;
95,727333;-6,381959;124,723344;113,302985;18,610477;92,759312;241,413911;284,461728;284,461728;-46,708680;-8,731611;148,661304;427,430714;161,684290;284,461728;427,430714;427,430714;427,430714;452,413689;454,413668;10,182999;-259,756976;-127,774920;-165,860731;0,834593;79,259989;-107,858657;9,2251073;-119,651956;1,804587;-35,620835;15,875510;81,573687;138,790241;123,587553;266,704267;253,725229;338,428751;359,279894;565,481648;523,509654;518,559658;477,583662;518,559658;
-6,381959;113,302985;18,610477;241,413911;-8,731611;10,182999;-259,756976;-127,774920;-165,860731;0,834593;79,259989;-107,858657;9,2251073;-119,651956;1,804587;15,875510;138,790241;123,587553;266,704267;253,725229;477,583662;33,1591072;63,312984;-112,610983;-228,686971;-286,7621024;-280,784949;-374,830879;-174,815839;-165,860731;-99,5931016;35,483948;-23,717876;-37,743743;-51,780766;170,267956;73,400928;-16,651759;124,744462;51,760280;86,588620;172,759319;266,704267;464,385909;474,360933;697,515870;705,500899;697,515870;682,556872;590,575739;690,541901;705,500899;
-259,756976;0,834593;-119,651956;1,804587;15,875510;138,790241;266,704267;253,725229;477,583662;-228,686971;-286,7621024;170,267956;172,759319;266,704267;474,360933;682,556872;690,541901;89,3481065;-6,6101024;-286,7621024;-175,927770;84,5751195;-8,880949;-121,885759;-121,885759;60,760840;38,793598;115,4851042;189,560874;126,783497;105,774573;274,179977;274,179977;267,182955;341,596669;253,725229;293,627315;479,85938;475,154995;579,437914;579,437914;723,522910;596,582783;690,541901;607,580765;621,565758;
15,875510;690,541901;-175,927770;84,5751195;-8,880949;-121,885759;-121,885759;723,522910;690,541901;-13,6081271;67,6221228;118,7241120;84,5751195;325,8501050;160,914474;586,4271025;576,4521001;539,7431084;539,7431084;586,4271025;572,7741041;585,3591070;606,736954;586,4271025;606,736954;706,612887;710,606832;710,606832;710,606832;
-175,927770;-8,880949;-13,6081271;325,8501050;576,4521001;539,7431084;539,7431084;572,7741041;585,3591070;606,736954;606,736954;141,7741234;164,1009762;225,926945;191,963731;347,4551195;346,8451053;386,3501221;172,7351249;572,7741041;346,8451053;572,7741041;572,7741041;379,8761010;645,4101050;526,7941032;442,8021018;632,4501042;757,645957;610,723935;606,736954;572,7741041;641,715906;645,4101050;645,4101050;645,702887;796,555911;
325,8501050;539,7431084;539,7431084;572,7741041;141,7741234;225,926945;346,8451053;172,7351249;572,7741041;346,8451053;572,7741041;572,7741041;757,645957;572,7741041;796,555911;150,8211225;186,8931194;149,900954;204,931942;233,1020816;323,5481258;207,6811326;226,7221291;190,8711155;237,962826;423,4901253;328,6971161;499,8531013;468,8661049;436,8991045;423,4901253;492,8501015;609,6951081;548,8381039;548,8381039;580,914917;576,7611022;727,5921112;723,6831044;611,7371013;686,856907;723,5291180;727,5921112;781,755894;732,739936;765,526942;797,714857;
539,7431084;539,7431084;572,7741041;141,7741234;172,7351249;572,7741041;572,7741041;572,7741041;572,7741041;150,8211225;186,8931194;207,6811326;226,7221291;190,8711155;328,6971161;468,8661049;436,8991045;609,6951081;548,8381039;548,8381039;727,5921112;723,6831044;686,856907;723,5291180;727,5921112;438,6041333;105,8021239;141,8741208;125,9001181;445,9461036;466,9411039;392,6241324;150,8211225;526,4961295;290,8431223;387,8891080;246,1112941;575,5121253;419,965978;419,965978;416,8531072;508,8971023;508,967957;589,961908;589,5151245;732,6501086;521,8511016;648,5941193;593,8671010;666,935926;718,785963;831,754973;691,918901;758,7811040;804,771986;793,802960;767,820936;
----Iteration 2----
-254,291568;-156,60586;-195,278510;-52,343504;-102,363473;-52,343504;-9,368266;115,332468;157,263521;131,320507;134,296445;
12,496559;26,463595;-23,435763;-23,435763;4,412744;16,475560;-17,465676;116,432695;123,429717;84,453649;161,406661;163,360676;252,269696;
-23,435763;-23,435763;4,412744;123,429717;-143,92774;40,127765;122,74728;282,266725;117,507685;117,507685;117,507685;117,507685;175,446690;159,465713;231,330673;214,427714;214,427714;231,330673;293,309658;304,403596;322,375640;338,287702;
45,543752;-35,577617;180,515825;-43,519851;204,475718;232,495655;232,495655;266,455678;278,448795;356,399822;395,394768;369,440817;395,394768;400,344764;
180,515825;204,475718;232,495655;232,495655;278,448795;369,440817;-148,559835;-14,543899;-14,543899;126,554825;48,574785;31,601782;31,601782;81,598734;126,554825;126,554825;144,537789;172,530796;238,454830;200,510700;270,452870;245,490626;336,351885;271,468742;252,470679;245,490626;355,414818;387,412858;453,390864;453,390864;472,326907;432,394788;
180,515825;278,448795;369,440817;126,554825;81,598734;126,554825;126,554825;172,530796;238,454830;200,510700;270,452870;245,490626;336,351885;271,468742;252,470679;245,490626;355,414818;387,412858;453,390864;453,390864;472,326907;-62,543949;45,579908;61,567947;126,554825;0,606849;75,621799;70,402911;92,594802;92,594802;73,365973;163,537853;168,512853;172,530796;157,576796;324,317915;165,509877;180,515825;198,546716;274,345941;241,472703;240,504744;336,351885;451,383869;497,411850;497,411850;497,411850;497,411850;497,411850;
369,440817;81,598734;270,452870;336,351885;355,414818;387,412858;453,390864;453,390864;472,326907;45,579908;61,567947;0,606849;75,621799;92,594802;92,594802;324,317915;198,546716;274,345941;336,351885;451,383869;497,411850;497,411850;497,411850;497,411850;497,411850;-4,576949;16,654841;51,709777;51,709777;-17,716716;-108,4581045;11,517985;125,678612;253,404967;134,469978;45,579908;185,580832;187,632660;223,544924;202,621656;322,324934;322,324934;255,542964;232,601704;324,317915;313,407889;324,317915;369,498815;423,449810;511,362866;510,412792;510,412792;477,425778;511,362866;524,363808;
92,594802;92,594802;16,654841;51,709777;51,709777;-17,716716;125,678612;253,404967;185,580832;187,632660;223,544924;255,542964;81,4891080;81,5461072;-146,5831047;-1,5671024;-30,646939;-57,669958;80,708780;5,718697;113,591997;117,586970;191,5371077;78,628897;150,673769;150,673769;274,438965;217,626702;217,626702;295,536862;235,552791;247,606750;247,606750;320,414936;326,502805;286,569703;286,569703;295,536862;496,385931;390,475805;373,499840;484,391979;518,424930;624,463924;567,468914;
92,594802;92,594802;51,709777;51,709777;253,404967;185,580832;223,544924;255,542964;-146,5831047;-30,646939;-57,669958;80,708780;113,591997;117,586970;191,5371077;78,628897;150,673769;150,673769;274,438965;217,626702;217,626702;295,536862;235,552791;247,606750;247,606750;286,569703;286,569703;295,536862;484,391979;149,5801083;54,5921040;54,5921040;4,762881;-15,721916;-6,752890;159,5541046;41,712911;18,743847;285,3891004;160,566996;216,710733;216,710733;199,616785;216,710733;327,534902;279,604790;485,339966;391,531883;516,534806;622,485920;636,484947;
255,542964;-146,5831047;-30,646939;-57,669958;113,591997;117,586970;191,5371077;78,628897;484,391979;149,5801083;54,5921040;54,5921040;4,762881;-15,721916;-6,752890;159,5541046;41,712911;18,743847;160,566996;149,5801083;31,6351044;31,702920;159,5541046;64,5951029;89,768827;292,5361033;224,578993;341,514988;217,733815;264,666749;257,668731;490,619835;422,589849;490,619835;645,512953;611,604801;645,512953;671,517865;602,616783;667,522897;641,599774;664,502968;660,537918;667,522897;
----Iteration 0----
-135,109580;-220,240627;-194,253587;-290,255699;-60,364535;-146,155597;-427,218724;65,536474;58,533521;-176,328585;-227,205666;-163,266586;58,533521;-210,170654;107,540435;-105,1871;-105,1871;128,352308;107,540435;107,540435;254,496173;254,535165;
-105,1871;-105,1871;23,426743;100,472706;-60,7849;-280,260761;-60,7849;13,-55802;13,-55802;112,234799;240,606604;112,234799;240,606604;258,598653;258,598653;282,378696;254,290740;263,337731;273,347722;282,378696;
-105,1871;-105,1871;240,606604;240,606604;258,598653;258,598653;282,378696;273,347722;282,378696;-280,230818;-91,395800;-92,425806;59,530760;104,536738;-91,395800;-18,518773;60,521742;188,623636;-50,23862;123,577703;59,530760;210,624563;157,536705;157,536705;169,615676;228,301813;258,598653;248,171849;283,558656;269,361764;331,420654;364,345705;320,431558;
-109,338967;-97,395909;242,657685;-78,436874;101,566797;-19,591754;286,649683;131,277948;242,657685;242,657685;265,313910;263,634714;286,649683;265,313910;295,579793;413,427711;328,564634;289,598540;458,452683;339,338823;384,424779;372,465801;398,356713;458,452683;413,483639;458,452683;418,327697;
242,657685;286,649683;131,277948;242,657685;242,657685;265,313910;263,634714;286,649683;265,313910;295,579793;328,564634;289,598540;458,452683;384,424779;372,465801;458,452683;458,452683;107,1591004;29,3101057;-65,437931;-91,4491020;-88,456983;59,549876;17,557830;280,580770;234,634801;286,649683;-33,344943;130,286950;131,277948;176,452886;265,313910;180,480857;240,590719;286,649683;289,598540;266,316866;328,564634;328,564634;266,316866;298,311856;362,515817;286,649683;341,353840;427,386785;548,434629;424,446751;362,517611;441,434702;461,354740;492,514651;503,471633;515,465585;
107,1591004;29,3101057;-91,4491020;424,446751;492,514651;503,471633;515,465585;29,3101057;33,3381028;79,541974;51,5561008;137,665854;171,633853;239,650722;55,3381026;33,3671009;-103,4211059;79,541974;324,672717;145,244984;129,628910;144,656872;239,650722;324,672717;368,613821;368,613821;355,638847;376,393977;448,425959;390,534915;403,529886;403,529886;426,593684;533,314880;448,425959;456,517705;445,634649;576,417724;559,461743;559,461743;
29,3101057;-91,4491020;29,3101057;79,541974;51,5561008;137,665854;171,633853;-103,4211059;79,541974;145,244984;144,656872;368,613821;368,613821;355,638847;376,393977;448,425959;390,534915;403,529886;403,529886;426,593684;448,425959;50,5861014;134,603966;307,757692;313,715735;71,3901043;133,633972;152,634924;274,776719;171,2061016;171,2061016;171,2061016;368,613821;259,627870;488,346940;359,543902;394,685718;366,670739;405,383975;460,492942;467,669676;462,671589;519,347914;464,466908;488,537795;519,347914;563,368900;473,646681;578,467783;678,437729;542,592657;629,434772;678,437729;690,431681;
79,541974;137,665854;-103,4211059;79,541974;368,613821;368,613821;355,638847;448,425959;390,534915;403,529886;403,529886;448,425959;134,603966;307,757692;313,715735;71,3901043;133,633972;152,634924;274,776719;171,2061016;171,2061016;171,2061016;368,613821;259,627870;359,543902;394,685718;366,670739;460,492942;467,669676;462,671589;464,466908;488,537795;563,368900;473,646681;578,467783;678,437729;629,434772;678,437729;70,3911068;73,4081013;68,6541034;123,658955;9,698949;288,731795;274,776719;307,757692;83,4181004;313,2981009;134,603966;169,556971;178,652922;151,664930;290,633855;341,717715;432,726695;418,404981;364,638755;432,726695;368,613821;462,671589;470,425957;467,669676;511,650658;577,319916;589,446759;561,648662;566,348946;514,530786;605,578631;615,387782;663,549576;697,430764;711,445696;
137,665854;368,613821;368,613821;448,425959;390,534915;403,529886;403,529886;448,425959;134,603966;307,757692;313,715735;133,633972;274,776719;368,613821;259,627870;359,543902;394,685718;460,492942;464,466908;488,537795;563,368900;578,467783;678,437729;678,437729;68,6541034;123,658955;288,731795;274,776719;307,757692;134,603966;178,652922;151,664930;290,633855;341,717715;432,726695;418,404981;432,726695;368,613821;470,425957;511,650658;589,446759;561,648662;514,530786;605,578631;663,549576;697,430764;226,5321097;180,5521088;182,5891057;8,6981017;24,711958;64,730911;298,757759;274,776719;282,3201082;390,3671017;186,610965;192,610949;198,649942;275,666850;432,726695;390,3671017;434,432963;393,521915;364,662854;445,651800;469,704702;470,425957;581,356956;489,413934;475,681766;497,673730;592,308944;544,318979;537,381892;522,469826;517,635669;621,603607;590,298954;656,440796;621,603607;697,430764;663,549576;728,492537;738,451720;728,492537;
448,425959;390,534915;403,529886;403,529886;448,425959;134,603966;133,633972;274,776719;259,627870;359,543902;460,492942;464,466908;488,537795;578,467783;678,437729;678,437729;68,6541034;123,658955;288,731795;274,776719;134,603966;432,726695;418,404981;432,726695;470,425957;589,446759;514,530786;605,578631;663,549576;226,5321097;180,5521088;182,5891057;8,6981017;298,757759;274,776719;186,610965;192,610949;198,649942;275,666850;432,726695;434,432963;393,521915;364,662854;469,704702;470,425957;581,356956;489,413934;475,681766;544,318979;522,469826;621,603607;590,298954;656,440796;621,603607;663,549576;728,492537;738,451720;728,492537;54,4971195;54,4971195;56,692999;116,732968;234,790780;55,4751229;98,4781177;68,6541034;388,766740;249,4821136;304,4511086;81,6491005;130,643963;232,732936;460,709813;388,766740;287,4581126;366,5271036;320,5201081;411,5001019;499,698730;533,366991;423,634869;570,696718;541,282996;569,430867;579,346966;649,610583;618,386803;581,356956;598,388950;664,344874;696,335849;769,491573;758,430768;
----Iteration 3----
-66,240857;-256,308832;-264,338785;-264,338785;-79,217871;-289,345901;-287,324962;-255,285829;-206,305784;-256,308832;-139,205879;-158,298790;-166,251910;-139,205879;-178,395737;-56,245767;-53,471611;-19,403610;-139,205879;-30,464650;-116,296660;51,363539;82,217710;97,198685;
-287,324962;14,294991;-36,311967;-77,354953;-77,354953;-126,414837;30,2821030;-64,357943;-69,407947;-54,582818;12,551802;55,268985;30,2821030;-42,361916;55,268985;117,274944;52,555722;52,555722;55,268985;16,361867;155,308900;76,324862;178,604718;224,580694;134,230925;155,308900;242,598664;117,274944;155,308900;224,580694;242,598664;242,598664;
26,654942;59,685899;26,654942;59,685899;32,618937;76,639923;176,3271088;-4,531946;19,772917;46,730922;196,1881092;189,3501074;162,504962;76,639923;176,3271088;140,4461128;241,688722;238,678761;189,3501074;202,702738;189,3501074;340,624721;365,620718;374,584744;340,624721;
26,654942;26,654942;32,618937;19,772917;46,730922;140,4461128;238,678761;-18,633956;69,673934;81,720926;123,724887;-138,5071027;169,668871;223,715721;140,4461128;168,647886;190,710782;198,1891172;315,3431088;149,6031024;214,734753;295,5031126;266,702726;346,543989;303,689698;296,3021123;361,438902;469,663809;494,608787;
26,654942;26,654942;19,772917;46,730922;140,4461128;69,673934;81,720926;123,724887;140,4461128;168,647886;315,3431088;149,6031024;214,734753;295,5031126;296,3021123;469,663809;494,608787;36,642977;104,769909;161,758843;230,3721207;36,642977;69,673934;287,633921;369,732808;316,3471074;388,712883;413,713790;370,5541029;370,5541029;465,712765;408,5711014;469,663809;469,663809;519,4451001;480,603957;493,628820;528,475964;
19,772917;46,730922;81,720926;469,663809;494,608787;104,769909;161,758843;230,3721207;369,732808;388,712883;413,713790;408,5711014;469,663809;469,663809;519,4451001;480,603957;493,628820;528,475964;123,778890;209,4281257;37,684944;161,758843;243,6451127;332,754852;365,5381134;332,6791067;547,751739;413,713790;371,6071069;361,645930;371,6071069;371,6071069;390,613982;514,764776;478,4121009;514,764776;478,4121009;519,4451001;634,709713;586,606880;586,606880;634,709713;576,596889;593,702740;634,709713;
19,772917;104,769909;230,3721207;388,712883;519,4451001;480,603957;528,475964;123,778890;209,4281257;243,6451127;332,754852;365,5381134;332,6791067;547,751739;371,6071069;371,6071069;371,6071069;514,764776;478,4121009;514,764776;478,4121009;519,4451001;634,709713;634,709713;634,709713;230,4111199;141,5051200;26,5631158;206,752958;123,778890;124,820857;88,844834;169,4081318;217,3351255;209,4281257;378,5251179;380,710971;189,766858;337,5491183;380,710971;311,803632;408,793661;409,6711064;469,745826;514,764776;458,645936;550,752738;371,6071069;505,733788;598,721751;529,4401003;500,3441007;576,703804;659,553848;660,663664;625,620910;660,663664;708,573803;640,667858;708,573803;
388,712883;519,4451001;480,603957;528,475964;243,6451127;332,754852;332,6791067;371,6071069;371,6071069;371,6071069;519,4451001;169,4081318;378,5251179;409,6711064;458,645936;371,6071069;529,4401003;500,3441007;660,663664;625,620910;660,663664;708,573803;640,667858;708,573803;167,4641295;84,4901227;160,6771110;288,8051040;265,8831000;139,894788;310,848611;194,4471282;294,4381296;194,6371133;414,7111062;259,957711;301,4411249;355,5051205;365,4341248;315,837954;338,847650;378,5251179;351,6211208;441,817641;390,821617;395,4781146;462,6231042;418,6621029;447,5101145;488,5551144;621,774775;523,794733;553,398987;548,789844;639,738819;674,622893;632,741819;
519,4451001;528,475964;243,6451127;519,4451001;169,4081318;529,4401003;500,3441007;660,663664;660,663664;640,667858;84,4901227;160,6771110;265,8831000;294,4381296;194,6371133;301,4411249;355,5051205;365,4341248;315,837954;351,6211208;488,5551144;553,398987;639,738819;674,622893;632,741819;230,4671303;62,5941224;152,6601112;194,9841015;331,1034777;258,8781058;282,8781047;307,4271273;269,5101220;395,6061186;255,895965;254,963875;364,1006737;363,1002751;355,5051205;368,952747;469,5301169;498,889880;434,5731136;500,770899;518,851863;491,8291109;623,847819;518,851863;594,848896;563,351989;627,647934;615,788852;623,847819;608,370939;681,619893;623,847819;674,622893;681,619893;714,623875;681,619893;
519,4451001;519,4451001;529,4401003;660,663664;660,663664;640,667858;365,4341248;351,6211208;488,5551144;639,738819;674,622893;632,741819;194,9841015;331,1034777;282,8781047;364,1006737;363,1002751;498,889880;491,8291109;623,847819;594,848896;627,647934;615,788852;623,847819;608,370939;681,619893;623,847819;674,622893;681,619893;714,623875;681,619893;216,5041326;264,5171315;318,5351311;271,9261059;282,8781047;232,9671037;176,1012971;335,991865;364,1006737;342,4891255;324,6461164;359,7491148;313,9911011;465,983779;439,6021240;422,6371204;471,941822;482,5091207;481,5321210;422,6371204;518,7921131;592,884871;517,909877;535,875985;518,891842;611,808891;592,884871;623,847819;630,844819;591,501993;743,586869;
----Iteration 4----
-345,625615;-381,649705;-413,651665;-316,604566;-179,635427;170,414703;170,414703;196,458641;127,460718;137,433730;113,538570;113,538570;137,433730;164,482663;113,538570;220,498621;220,498621;220,498621;
127,460718;137,433730;137,433730;164,482663;220,498621;220,498621;220,498621;169,394734;-294,669748;-104,660495;120,477749;18,505799;154,518584;128,444780;76,587520;161,425753;146,515705;132,564652;132,564652;153,458722;117,572563;215,432692;184,515641;184,515641;204,475710;248,393652;272,394602;283,372604;
-104,660495;146,515705;184,515641;184,515641;248,393652;272,394602;283,372604;-224,724802;-27,521983;-191,699593;-148,693627;-12,581838;14,482903;-27,521983;-79,622840;82,610698;23,564878;90,475960;82,610698;146,515705;218,502801;145,586735;171,540686;236,509799;236,509799;236,509799;286,352695;296,358642;
-224,724802;-27,521983;-12,581838;-27,521983;-79,622840;82,610698;90,475960;82,610698;145,586735;-138,5341004;-44,5651002;-253,614939;-206,655913;-427,726842;-72,4531037;-140,596920;12,633837;-189,611894;31,487947;40,569922;-46,791695;-4,749723;90,475960;145,586735;21,706674;130,469948;82,610698;56,656747;169,428912;169,428912;183,515891;82,610698;240,535801;222,600720;247,518857;235,637672;264,482904;318,442749;
-27,521983;-12,581838;-27,521983;-79,622840;145,586735;-44,5651002;-427,726842;-72,4531037;-140,596920;12,633837;-189,611894;31,487947;40,569922;-46,791695;-4,749723;145,586735;183,515891;240,535801;222,600720;247,518857;264,482904;-66,4111080;-88,5661155;-96,5891099;-193,6641029;-465,693890;-277,802684;-66,4111080;-465,693890;-277,802684;-15,4101111;-101,740831;-19,4411035;-75,5611126;-44,5651002;-59,777801;-6,4931010;109,512942;-27,521983;72,641822;94,738724;133,478964;111,702771;182,495922;220,543807;243,682719;243,682719;320,513731;354,463804;285,518667;398,452826;
-79,622840;-44,5651002;-140,596920;12,633837;-189,611894;40,569922;-46,791695;-4,749723;222,600720;-88,5661155;-96,5891099;-193,6641029;-465,693890;-465,693890;-101,740831;-75,5611126;-44,5651002;-59,777801;109,512942;72,641822;94,738724;133,478964;111,702771;243,682719;243,682719;398,452826;-113,5561199;-118,5711182;-220,6901109;-426,843873;-382,864859;-31,4391190;-204,873794;-379,890728;11,4171151;-22,4851188;5,4591108;11,4171151;61,5371064;-85,572989;162,592904;94,738724;61,727750;141,4351046;111,702771;156,4191064;150,678805;149,4221042;157,4391033;157,4391033;187,614828;295,691684;243,682719;263,462935;245,552901;368,517931;294,563865;348,676677;326,545909;393,657687;
-46,791695;-4,749723;-88,5661155;-96,5891099;-193,6641029;-101,740831;-59,777801;94,738724;-113,5561199;-118,5711182;-220,6901109;-31,4391190;-204,873794;-379,890728;11,4171151;-22,4851188;11,4171151;162,592904;94,738724;61,727750;156,4191064;295,691684;368,517931;348,676677;393,657687;-107,4381258;-213,6871131;-240,7521109;-107,4381258;-72,5311234;-225,846990;-260,884951;-71,5301202;-22,4851188;-179,6071159;-13,843609;37,4131153;-56,5651160;39,6691013;-8,712949;28,769626;-11,787570;130,4651113;130,4651113;64,5461080;130,4651113;161,5981004;170,3701080;178,5621051;190,623844;266,717830;350,714659;418,497962;352,583865;417,561915;428,490984;400,633777;400,622790;
-96,5891099;94,738724;-113,5561199;-118,5711182;-220,6901109;94,738724;156,4191064;295,691684;348,676677;-213,6871131;-240,7521109;-225,846990;-179,6071159;39,6691013;-8,712949;130,4651113;130,4651113;64,5461080;130,4651113;161,5981004;170,3701080;178,5621051;266,717830;350,714659;418,497962;352,583865;417,561915;428,490984;400,633777;400,622790;-79,5341212;-121,5761248;-241,7481123;-204,7481057;-206,935979;-392,972962;-254,1038908;-217,7611032;-206,935979;16,4871228;-38,5671193;-15,1082833;66,4411182;-10,5331277;-185,7081034;-60,849924;-109,1011882;-89,913866;113,5011066;266,717830;54,890835;220,4221030;199,724922;293,734782;220,4221030;217,570881;266,717830;368,5431008;276,612819;311,751647;416,663743;420,590838;
-113,5561199;-118,5711182;-220,6901109;-213,6871131;-240,7521109;-179,6071159;39,6691013;-8,712949;418,497962;417,561915;428,490984;400,633777;400,622790;-79,5341212;-121,5761248;-241,7481123;-204,7481057;-206,935979;-206,935979;16,4871228;-38,5671193;-15,1082833;66,4411182;-10,5331277;-60,849924;-109,1011882;54,890835;199,724922;368,5431008;416,663743;420,590838;16,4041367;-139,8081056;-232,8971023;-80,1051872;-82,5271315;-249,5971171;-139,8081056;-213,10541001;-46,1060865;34,1056802;-32,4831371;-254,6991125;-149,956959;114,3641280;40,6071098;-106,8121038;-117,874950;208,4831138;-16,6831093;-33,739993;2,863906;232,970746;232,970746;174,3811202;35,6381105;76,858873;184,765859;297,963762;201,3981154;266,6641017;269,740852;281,6191087;297,963762;352,760816;339,4691037;394,685895;297,963762;379,777768;421,735732;
418,497962;428,490984;-79,5341212;-121,5761248;-241,7481123;-38,5671193;-15,1082833;-10,5331277;-139,8081056;-82,5271315;-139,8081056;-213,10541001;34,1056802;-32,4831371;-149,956959;114,3641280;40,6071098;-106,8121038;-117,874950;208,4831138;-16,6831093;-33,739993;2,863906;232,970746;232,970746;174,3811202;35,6381105;76,858873;184,765859;297,963762;201,3981154;269,740852;281,6191087;297,963762;352,760816;297,963762;379,777768;421,735732;55,3901351;7,4691355;-108,5991234;-134,6721198;-254,7851196;-175,9851110;-155,10261003;-34,1092910;17,4571390;40,4891333;-338,8251156;-354,8271165;-157,7391204;-174,8961053;-36,1054931;69,4081306;-102,7201102;-41,841952;148,1089794;53,6011167;39,1006875;150,1019845;153,3571212;159,4981201;213,5091105;227,737961;297,963762;276,968759;271,3931184;281,6191087;375,7161057;524,652879;472,720952;514,678916;524,652879;
----Iteration 5----
-44,552518;-44,552518;-17,562454;-17,562454;-172,497624;13,589332;13,589332;-44,552518;311,346435;55,561326;468,412307;357,489389;332,300483;510,340445;332,300483;334,167628;468,412307;468,412307;479,366290;
-68,319699;445,656646;418,639694;498,654671;565,686578;547,703628;
498,654671;565,686578;547,703628;-114,858417;38,431783;-57,772532;101,374782;-57,772532;190,446776;190,446776;471,712652;466,736632;466,736632;515,714589;493,695700;561,654644;629,641639;678,652615;
498,654671;471,712652;466,736632;466,736632;493,695700;678,652615;-40,785657;-58,979489;-73,998514;-47,909444;266,611939;360,641753;341,781743;380,758686;389,855481;437,820471;309,511794;380,693718;445,811429;395,620714;471,712652;466,736632;397,846439;628,711637;629,800591;629,800591;648,666646;655,782615;634,715630;628,647660;655,627641;
-58,979489;-73,998514;266,611939;341,781743;-20,977496;-73,998514;-66,1001431;269,570885;218,773890;-5,958471;242,685913;391,932418;332,630809;298,568863;404,714788;288,747796;400,770750;400,770750;435,707786;445,717777;494,743751;627,660714;680,885713;704,924636;
266,611939;269,570885;242,685913;445,717777;494,743751;704,924636;111,817935;97,915928;237,859906;318,908743;315,923694;225,696934;493,1014539;348,745882;424,747808;367,837749;386,696810;429,782800;400,786789;473,707788;494,743751;503,705792;654,980649;698,919738;687,959665;
266,611939;97,915928;237,859906;225,696934;348,745882;654,980649;687,959665;243,745924;214,758934;124,932880;121,947831;288,751902;133,916898;124,932880;326,729898;260,850859;209,892874;155,884972;369,717909;479,776878;619,986543;534,1119687;511,1070722;570,983586;566,1003625;656,974613;680,967701;606,825855;736,942772;790,899694;754,873749;757,901684;790,899694;
266,611939;97,915928;237,859906;654,980649;124,932880;288,751902;133,916898;124,932880;209,892874;155,884972;369,717909;479,776878;534,1119687;511,1070722;566,1003625;606,825855;736,942772;790,899694;754,873749;757,901684;790,899694;244,793936;177,904884;118,8621095;75,1003874;369,717909;479,776878;155,908954;124,932880;297,1123743;588,1023595;441,737893;423,868883;448,966843;513,1109703;401,743905;450,859833;520,1046709;468,753889;624,998616;521,748872;729,950808;713,977718;732,957771;780,855773;757,901684;734,825825;768,908679;
97,915928;288,751902;133,916898;209,892874;155,884972;369,717909;479,776878;534,1119687;511,1070722;606,825855;790,899694;790,899694;177,904884;118,8621095;75,1003874;369,717909;479,776878;155,908954;297,1123743;588,1023595;441,737893;423,868883;448,966843;513,1109703;401,743905;450,859833;520,1046709;468,753889;521,748872;729,950808;780,855773;734,825825;768,908679;118,8621095;108,8741060;118,8621095;81,9111045;78,926996;29,941970;93,1080812;126,1011826;513,1109703;81,9111045;285,872983;127,941922;257,1078795;199,1165768;502,1158685;285,872983;589,1043564;441,737893;597,975824;736,877821;691,848850;764,911816;738,997799;734,825825;737,1021796;743,985738;743,985738;
97,915928;534,1119687;118,8621095;75,1003874;155,908954;297,1123743;513,1109703;118,8621095;108,8741060;118,8621095;81,9111045;78,926996;29,941970;93,1080812;513,1109703;81,9111045;285,872983;257,1078795;199,1165768;502,1158685;285,872983;737,1021796;1,980963;1,980963;238,1052850;72,1060818;513,1109703;165,8681054;180,8881024;333,8331002;325,1055799;564,1094709;532,1134678;452,765986;563,1074740;615,839925;741,1004762;661,819934;814,949845;714,1046735;711,1039772;733,966922;783,920876;740,1028759;771,1001848;811,975793;783,920876;811,975793;841,970766;822,855800;
----Iteration 7----
-97,638555;0,645435;79,630539;72,642384;72,585892;99,562873;
72,585892;99,562873;-68,628928;73,690861;109,595764;106,648868;164,579872;164,579872;164,579872;164,579872;199,544891;
72,585892;73,690861;106,648868;199,544891;-74,806808;-53,787848;-4,655928;20,740772;20,740772;37,738806;83,545976;83,545976;75,677819;75,677819;120,664808;120,664808;120,650842;199,544891;178,642884;158,666781;216,508938;178,642884;
73,690861;-53,787848;37,738806;-33,785815;-34,815821;-34,815821;-44,828774;46,779732;31,694973;89,671980;37,763796;46,779732;59,758770;59,758770;46,779732;95,710825;59,758770;103,685834;150,676826;285,670973;285,670973;306,6421000;
-53,856892;-53,856892;103,3671031;96,4061036;-69,808900;-7,862843;85,860788;-37,807850;145,839813;42,780839;145,839813;145,839813;193,792763;368,7731007;354,778945;354,778945;
-46,782997;-11,875907;-11,875907;378,870978;342,7621078;380,7791063;479,822935;488,682966;487,712972;487,712972;488,682966;
378,870978;342,7621078;380,7791063;488,682966;487,712972;487,712972;488,682966;131,7651074;278,895967;227,915935;247,918865;331,845985;179,7091131;249,8261012;378,870978;378,870978;395,7681059;429,7941043;487,824937;460,781970;457,717999;476,837886;505,761963;505,761963;531,715914;529,670936;531,715914;
342,7621078;380,7791063;131,7651074;179,7091131;395,7681059;429,7941043;487,824937;460,781970;505,761963;505,761963;211,9761011;101,9211058;123,8971082;318,933952;318,933952;263,8591044;250,6091173;301,8981029;318,9121024;291,9421002;411,8161051;401,8481046;379,8881008;443,5691176;418,8191004;420,908968;475,6471072;432,875954;476,866942;558,765899;540,7531000;516,786855;559,735893;
211,9761011;101,9211058;123,8971082;318,933952;318,933952;263,8591044;301,8981029;318,9121024;291,9421002;401,8481046;379,8881008;443,5691176;420,908968;432,875954;476,866942;540,7531000;159,7131135;101,9211058;157,10011037;279,6371202;414,4561201;116,9101054;308,959989;432,4051236;399,4241263;397,7101199;401,8481046;361,8991020;378,950940;397,7101199;488,862959;501,5001174;444,8721041;476,866942;524,8171119;568,790964;598,725899;598,725899;
211,9761011;318,933952;318,933952;157,10011037;308,959989;378,950940;157,9801109;238,9601124;284,9811007;374,5051318;352,6571370;343,7721278;337,7451323;197,9781042;317,9421030;363,961944;374,5051318;310,8411150;344,9311007;414,7821225;491,5031337;460,7411242;458,9121104;463,933927;492,904886;495,4891293;460,7411242;503,9001103;545,6591215;545,8581131;523,891881;523,891881;572,8621027;630,7321022;630,7321022;
----Iteration 6----
-121,331733;-121,331733;-157,586407;-134,551431;85,425700;-194,640454;40,456656;40,456656;153,201737;86,429686;340,300712;340,300712;290,317688;296,308714;296,308714;
85,425700;-194,640454;86,429686;-37,530816;-7,534765;-324,677669;-379,645671;0,342799;-32,608774;-33,481783;61,579618;88,501664;61,579618;203,246786;90,257813;107,507624;67,514646;325,339783;153,459630;112,467642;336,359782;336,359782;336,359782;336,359782;380,355717;336,359782;
-324,677669;-379,645671;-32,608774;61,579618;61,579618;-51,587810;-30,572799;-30,572799;-12,632759;-251,750602;-75,660516;-59,637650;-59,637650;8,605732;281,559795;46,588682;84,583597;301,556831;391,512840;379,524811;427,486888;
-251,750602;-196,863581;-52,756596;192,679804;-52,756596;143,713764;321,657745;192,679804;346,555912;371,649865;375,623831;326,651748;458,539947;422,565899;326,651748;413,570903;458,539947;
371,649865;458,539947;458,539947;150,675843;-251,888743;61,795822;44,872823;217,805819;212,843790;229,799771;229,799771;231,771691;472,596944;497,574903;472,596944;468,681835;505,635869;497,574903;497,574903;
458,539947;458,539947;217,805819;212,843790;229,799771;229,799771;472,596944;497,574903;472,596944;468,681835;497,574903;497,574903;116,734905;225,6211043;116,734905;126,709929;44,845863;29,933856;55,924857;22,920875;116,734905;244,6461018;114,943781;90,922839;395,544960;395,544960;225,6211043;245,6451028;229,807666;212,843790;327,5061091;275,779730;488,644936;440,678892;441,753873;491,659917;556,705778;517,712811;516,637876;517,712811;
497,574903;497,574903;497,574903;29,933856;55,924857;22,920875;114,943781;90,922839;245,6451028;327,5061091;491,659917;556,705778;-12,6991029;-15,7231015;176,830963;135,854967;103,900922;244,6711070;185,743965;90,922839;159,935807;123,926821;392,5641069;490,704954;478,7101002;481,862840;517,836888;490,704954;517,836888;517,836888;
114,943781;176,830963;135,854967;103,900922;478,7101002;481,862840;517,836888;517,836888;517,836888;179,6421151;168,5961186;221,6461112;32,764999;32,764999;135,854967;135,854967;-141,944853;48,958831;198,5971129;317,6431122;478,7101002;178,875892;180,1004687;443,7551069;176,830963;170,833919;226,981680;256,956617;452,6761094;291,936890;534,808854;387,932712;476,6771044;454,7091052;440,900802;515,734976;465,7001030;613,748940;515,734976;517,836888;
478,7101002;517,836888;517,836888;517,836888;179,6421151;168,5961186;198,5971129;317,6431122;478,7101002;443,7551069;226,981680;452,6761094;291,936890;534,808854;454,7091052;440,900802;613,748940;517,836888;254,7101115;296,7141076;118,898986;118,898986;122,956956;155,1010860;175,1030809;296,7141076;443,7551069;184,838981;167,8821000;193,1075801;260,1038679;443,7551069;375,6241110;452,6761094;300,885968;226,917980;361,950688;470,766939;440,900802;489,7001068;515,798906;507,6571023;487,941786;566,742981;506,869844;566,742981;564,704999;674,708955;674,708955;716,680949;655,720934;
478,7101002;517,836888;517,836888;517,836888;179,6421151;168,5961186;317,6431122;478,7101002;443,7551069;452,6761094;534,808854;454,7091052;613,748940;517,836888;254,7101115;122,956956;155,1010860;175,1030809;443,7551069;193,1075801;260,1038679;443,7551069;375,6241110;452,6761094;226,917980;489,7001068;515,798906;507,6571023;487,941786;566,742981;506,869844;566,742981;564,704999;674,708955;674,708955;716,680949;655,720934;220,6151167;317,6431122;392,8051104;122,956956;230,1099775;180,1111737;394,6951106;33,9301015;155,1010860;255,1086728;392,8051104;338,9121000;410,981941;273,1033650;452,6761094;451,943979;388,1012836;410,981941;489,7001068;487,859969;484,920922;506,951734;507,6571023;486,1023833;597,722960;617,734957;578,893751;644,812810;743,697901;661,814793;674,708955;722,669934;715,721861;742,681931;
----Iteration 8----
-259,-291011;-63,583827;-224,851624;-265,-31008;-124,739797;-107,726730;-223,151966;-65,730691;-140,-208970;-153,588799;-109,586812;20,587711;-77,565858;69,561680;-61,604599;62,564680;69,561680;69,561680;
-224,851624;-152,793644;-140,796640;-232,899636;-169,822686;2,781890;2,781890;21,2031159;85,6281040;124,678917;194,645935;124,678917;124,678917;74,695893;124,678917;124,678917;218,658864;245,652816;202,670825;
-232,899636;-169,822686;-109,880673;47,4101188;38,803935;138,682989;242,5281176;331,6631108;221,773974;392,6651070;467,671942;406,669980;
242,5281176;331,6631108;392,6651070;406,669980;-6,8171162;280,7601151;305,896952;225,5141214;283,9071034;261,8221140;295,4661149;305,896952;329,897902;305,896952;306,873949;420,819951;510,704960;485,748838;512,706865;512,731792;
283,9071034;236,8881087;190,9121111;384,9891029;249,9941055;332,10131005;163,9541084;223,9531107;384,9891029;409,9951014;384,9891029;432,9701031;542,8761258;594,7661155;615,7571111;
223,9531107;185,9341134;441,10371098;546,9271348;671,7751301;671,7751301;657,8831306;757,7001320;789,7271310;816,7101264;
441,10371098;546,9271348;657,8831306;816,7101264;327,10721220;249,10991230;414,10831129;572,8291311;450,9991107;441,10371098;458,9901065;458,9901065;471,9851036;725,7901313;674,8791179;767,7701290;725,7901313;669,8231331;735,8281173;718,7971300;767,7701290;767,7701290;810,7641324;815,7891275;
441,10371098;546,9271348;657,8831306;327,10721220;414,10831129;572,8291311;441,10371098;725,7901313;767,7701290;725,7901313;669,8231331;735,8281173;718,7971300;767,7701290;767,7701290;810,7641324;815,7891275;571,8521314;524,9551326;518,9971283;333,10301263;333,10301263;437,11101116;518,9971283;281,11611293;572,8291311;454,10631083;548,10181232;504,10261234;582,9841290;622,9881230;698,9821238;730,9331154;895,7341359;898,7541307;965,6991284;
546,9271348;657,8831306;414,10831129;669,8231331;810,7641324;815,7891275;524,9551326;437,11101116;281,11611293;582,9841290;622,9881230;698,9821238;730,9331154;895,7341359;898,7541307;965,6991284;562,8971331;562,8971331;311,10681287;386,11401270;342,11481272;617,9041299;777,8211324;617,8841333;563,10031261;555,10301321;454,10741273;437,11101116;743,8611301;607,9701245;582,9841290;622,9881230;563,10031261;804,8671239;830,8981215;904,7181345;904,7181345;926,6931305;853,7761277;898,7541307;861,8581268;830,8981215;979,7551266;
546,9271348;669,8231331;437,11101116;281,11611293;622,9881230;698,9821238;895,7341359;386,11401270;342,11481272;555,10301321;454,10741273;437,11101116;743,8611301;622,9881230;904,7181345;904,7181345;655,8531342;476,9651361;437,11031315;315,11611249;360,11801199;627,8471378;424,11451196;618,10061335;508,10891195;660,9441313;536,10491292;649,10331094;841,8271328;762,9861208;910,8431299;844,9021287;962,8541296;973,8211340;910,8841298;962,8541296;979,8101277;
----Iteration 9----
-79,506167;-244,547-69;-79,506167;-35,477357;130,168447;2,461368;-51,481268;-80,542151;-55,50589;2,461368;-35,477357;42,421368;230,316391;42,421368;130,168447;171,147459;183,407327;206,456310;179,393431;211,406306;
-55,50589;230,316391;179,393431;34,69237;-6,73237;-46,75532;90,641190;90,641190;81,220509;-6,73237;241,472378;-6,73237;159,403421;93,600474;85,643459;102,631450;111,606457;111,606457;128,617383;128,617383;220,388481;220,388481;220,388481;
-55,50589;-6,73237;-46,75532;-6,73237;-6,73237;-49,74978;-38,7726;-121,387580;-10,73562;33,71821;71,692443;242,457486;221,431494;142,626574;158,674467;184,656491;242,457486;258,570389;242,457486;296,611333;296,611333;340,603331;
-6,73237;-46,75532;-6,73237;-6,73237;-49,74978;-38,7726;-121,387580;-10,73562;33,71821;242,457486;221,431494;142,626574;242,457486;242,457486;340,603331;19,726345;33,71821;168,353610;168,353610;189,660455;184,709523;242,457486;220,576425;291,622398;266,409450;301,573375;287,651390;266,409450;314,668342;266,409450;321,578356;340,547416;358,680273;
-3,465648;165,654645;201,716583;118,861445;167,845486;129,915425;164,824532;201,716583;233,676614;283,695504;385,800432;385,800432;307,760437;385,800432;385,800432;
201,716583;129,915425;164,824532;201,716583;233,676614;210,740556;14,784540;137,930285;46,763586;162,712738;225,688681;233,676614;180,744556;343,796471;225,688681;225,688681;321,810519;395,819442;395,819442;233,676614;298,899509;475,869412;457,859438;437,771439;
129,915425;164,824532;46,763586;162,712738;343,796471;321,810519;395,819442;395,819442;298,899509;475,869412;457,859438;-4,766634;164,824532;175,774543;114,936341;27,795603;272,1014232;159,965312;164,824532;272,1014232;213,761716;245,729690;245,729690;245,729690;439,963140;273,666578;345,756525;336,927345;407,978185;391,650574;422,905316;347,874458;407,978185;427,918312;395,740572;438,773446;501,851436;
46,763586;162,712738;-4,766634;27,795603;213,761716;245,729690;245,729690;245,729690;439,963140;273,666578;391,650574;395,740572;7,529753;7,529753;-34,611772;27,795603;47,489753;253,663675;300,940545;434,1034413;300,940545;315,645633;354,631617;395,929553;427,1037391;484,912452;428,637552;433,587548;484,912452;451,923530;523,898436;539,633414;
162,712738;-4,766634;27,795603;213,761716;245,729690;245,729690;245,729690;391,650574;395,740572;-34,611772;27,795603;47,489753;354,631617;395,929553;428,637552;433,587548;451,923530;8,535797;29,731745;14,791618;33,592772;194,751730;444,982458;252,1123406;-63,795728;350,1080399;194,751730;117,765641;282,673673;282,673673;457,975482;317,663708;306,698634;354,631617;356,943569;470,1052404;578,1078319;470,1052404;416,610577;500,913462;533,1114337;406,639570;450,561559;481,1034448;653,972422;595,1011384;653,972422;619,984429;594,1001454;
213,761716;395,929553;451,923530;8,535797;194,751730;444,982458;252,1123406;-63,795728;350,1080399;194,751730;282,673673;282,673673;457,975482;317,663708;306,698634;356,943569;470,1052404;578,1078319;470,1052404;416,610577;533,1114337;481,1034448;653,972422;595,1011384;653,972422;619,984429;594,1001454;78,738773;-108,826684;193,875642;238,904613;267,962560;267,962560;300,1083447;271,1102442;196,715755;222,914619;363,648675;248,787709;356,943569;301,1060444;363,648675;356,943569;421,1086370;400,667632;521,1052339;578,1078319;584,814491;520,866574;578,1078319;534,860537;595,1011384;582,923492;664,814488;604,779500;697,953404;653,972422;
