----Iteration 0----
memory=146.625,146.625,147.65625,148.02734375,148.80078125,149.31640625,149.83203125,150.86328125,151.37890625,152.92578125
time=1.3841948509216309,1.3909924030303955,1.7181475162506104,1.4544389247894287,1.4238958358764648,1.375058650970459,1.4441654682159424,1.473031759262085,1.523256540298462,2.5001463890075684
----Iteration 1----
memory=146.625,146.625,147.3984375,148.02734375,148.80078125,149.31640625,149.83203125,150.86328125,151.37890625,153.18359375
time=1.316530704498291,1.2332220077514648,1.5873973369598389,1.7125563621520996,1.545288324356079,1.4478421211242676,1.3748841285705566,1.5599150657653809,1.6903481483459473,2.4795546531677246
----Iteration 3----
memory=153.95703125,153.95703125,154.21484375,154.47265625,154.47265625,154.98828125,155.50390625,156.01953125,156.01953125,156.53515625
time=1.8521840572357178,1.9515347480773926,2.026087999343872,2.180856227874756,2.164128303527832,2.206947088241577,2.2885079383850098,2.035858154296875,1.85939621925354,2.236168146133423
----Iteration 2----
memory=153.95703125,153.95703125,154.21484375,154.47265625,154.47265625,154.98828125,155.50390625,156.01953125,156.01953125,156.53515625
time=1.7767555713653564,2.1244075298309326,2.0671188831329346,2.0585854053497314,2.2550110816955566,2.170044183731079,2.333806276321411,2.182305097579956,2.0271754264831543,2.201231002807617
----Iteration 4----
memory=153.95703125,153.95703125,154.47265625,154.47265625,154.73046875,155.50390625,155.76171875,156.01953125,156.01953125,157.05078125
time=2.0943188667297363,2.0071160793304443,2.2777624130249023,2.1516339778900146,2.2591662406921387,2.1231656074523926,2.087566375732422,2.0644633769989014,2.1215145587921143,2.036778450012207
----Iteration 6----
memory=157.30859375,157.30859375,157.30859375,157.56640625,157.56640625,157.82421875,158.33984375,158.59765625,158.85546875,158.85546875
time=1.7762441635131836,2.047760486602783,2.108124256134033,2.266270637512207,2.3405914306640625,2.024421215057373,2.1605288982391357,2.302743911743164,2.265641927719116,2.4056942462921143
----Iteration 5----
memory=157.30859375,157.30859375,157.30859375,157.56640625,157.56640625,157.82421875,158.08203125,158.59765625,158.85546875,158.85546875
time=1.5876071453094482,1.8297126293182373,1.9728827476501465,2.138684034347534,2.5262088775634766,2.2961835861206055,2.280134677886963,2.501267433166504,2.4953620433807373,2.5833616256713867
----Iteration 7----
memory=157.30859375,157.30859375,157.56640625,157.56640625,157.82421875,158.08203125,158.59765625,158.85546875,158.85546875,158.85546875
time=2.048579692840576,2.0810508728027344,2.232797384262085,2.194209098815918,2.2967727184295654,2.2069876194000244,2.2309181690216064,2.455214262008667,2.672172784805298,1.4094009399414062
----Iteration 8----
memory=158.85546875,158.85546875,158.85546875,158.85546875,158.85546875,158.85546875,158.85546875,158.85546875,158.85546875,159.11328125
time=1.6071255207061768,1.640230655670166,1.6231021881103516,1.964512586593628,1.7671680450439453,1.4756746292114258,1.630502462387085,1.593421220779419,1.7982802391052246,0.812075138092041
----Iteration 9----
memory=158.85546875,158.85546875,158.85546875,158.85546875,158.85546875,158.85546875,158.85546875,158.85546875,158.85546875,159.37109375
time=1.4675171375274658,1.5598366260528564,1.6459531784057617,1.7103667259216309,1.7663555145263672,1.6638572216033936,1.5627799034118652,1.5410618782043457,1.4828479290008545,1.088857889175415
