----Iteration 1----
x_Moead=[539, 539, 572, 141, 172, 572, 572, 572, 572, 150, 186, 207, 226, 190, 328, 468, 436, 609, 548, 548, 727, 723, 686, 723, 727, 438, 105, 141, 125, 445, 466, 392, 150, 526, 290, 387, 246, 575, 419, 419, 416, 508, 508, 589, 589, 732, 521, 648, 593, 666, 718, 831, 691, 758, 804, 793, 767]
y_Moead=[743, 743, 774, 774, 735, 774, 774, 774, 774, 821, 893, 681, 722, 871, 697, 866, 899, 695, 838, 838, 592, 683, 856, 529, 592, 604, 802, 874, 900, 946, 941, 624, 821, 496, 843, 889, 1112, 512, 965, 965, 853, 897, 967, 961, 515, 650, 851, 594, 867, 935, 785, 754, 918, 781, 771, 802, 820]
z_Moead=[1084, 1084, 1041, 1234, 1249, 1041, 1041, 1041, 1041, 1225, 1194, 1326, 1291, 1155, 1161, 1049, 1045, 1081, 1039, 1039, 1112, 1044, 907, 1180, 1112, 1333, 1239, 1208, 1181, 1036, 1039, 1324, 1225, 1295, 1223, 1080, 941, 1253, 978, 978, 1072, 1023, 957, 908, 1245, 1086, 1016, 1193, 1010, 926, 963, 973, 901, 1040, 986, 960, 936]
----Iteration 2----
x_Moead=[255, -146, -30, -57, 113, 117, 191, 78, 484, 149, 54, 54, 4, -15, -6, 159, 41, 18, 160, 149, 31, 31, 159, 64, 89, 292, 224, 341, 217, 264, 257, 490, 422, 490, 645, 611, 645, 671, 602, 667, 641, 664, 660, 667]
y_Moead=[542, 583, 646, 669, 591, 586, 537, 628, 391, 580, 592, 592, 762, 721, 752, 554, 712, 743, 566, 580, 635, 702, 554, 595, 768, 536, 578, 514, 733, 666, 668, 619, 589, 619, 512, 604, 512, 517, 616, 522, 599, 502, 537, 522]
z_Moead=[964, 1047, 939, 958, 997, 970, 1077, 897, 979, 1083, 1040, 1040, 881, 916, 890, 1046, 911, 847, 996, 1083, 1044, 920, 1046, 1029, 827, 1033, 993, 988, 815, 749, 731, 835, 849, 835, 953, 801, 953, 865, 783, 897, 774, 968, 918, 897]
----Iteration 0----
x_Moead=[448, 390, 403, 403, 448, 134, 133, 274, 259, 359, 460, 464, 488, 578, 678, 678, 68, 123, 288, 274, 134, 432, 418, 432, 470, 589, 514, 605, 663, 226, 180, 182, 8, 298, 274, 186, 192, 198, 275, 432, 434, 393, 364, 469, 470, 581, 489, 475, 544, 522, 621, 590, 656, 621, 663, 728, 738, 728, 54, 54, 56, 116, 234, 55, 98, 68, 388, 249, 304, 81, 130, 232, 460, 388, 287, 366, 320, 411, 499, 533, 423, 570, 541, 569, 579, 649, 618, 581, 598, 664, 696, 769, 758]
y_Moead=[425, 534, 529, 529, 425, 603, 633, 776, 627, 543, 492, 466, 537, 467, 437, 437, 654, 658, 731, 776, 603, 726, 404, 726, 425, 446, 530, 578, 549, 532, 552, 589, 698, 757, 776, 610, 610, 649, 666, 726, 432, 521, 662, 704, 425, 356, 413, 681, 318, 469, 603, 298, 440, 603, 549, 492, 451, 492, 497, 497, 692, 732, 790, 475, 478, 654, 766, 482, 451, 649, 643, 732, 709, 766, 458, 527, 520, 500, 698, 366, 634, 696, 282, 430, 346, 610, 386, 356, 388, 344, 335, 491, 430]
z_Moead=[959, 915, 886, 886, 959, 966, 972, 719, 870, 902, 942, 908, 795, 783, 729, 729, 1034, 955, 795, 719, 966, 695, 981, 695, 957, 759, 786, 631, 576, 1097, 1088, 1057, 1017, 759, 719, 965, 949, 942, 850, 695, 963, 915, 854, 702, 957, 956, 934, 766, 979, 826, 607, 954, 796, 607, 576, 537, 720, 537, 1195, 1195, 999, 968, 780, 1229, 1177, 1034, 740, 1136, 1086, 1005, 963, 936, 813, 740, 1126, 1036, 1081, 1019, 730, 991, 869, 718, 996, 867, 966, 583, 803, 956, 950, 874, 849, 573, 768]
----Iteration 3----
x_Moead=[519, 519, 529, 660, 660, 640, 365, 351, 488, 639, 674, 632, 194, 331, 282, 364, 363, 498, 491, 623, 594, 627, 615, 623, 608, 681, 623, 674, 681, 714, 681, 216, 264, 318, 271, 282, 232, 176, 335, 364, 342, 324, 359, 313, 465, 439, 422, 471, 482, 481, 422, 518, 592, 517, 535, 518, 611, 592, 623, 630, 591, 743]
y_Moead=[445, 445, 440, 663, 663, 667, 434, 621, 555, 738, 622, 741, 984, 1034, 878, 1006, 1002, 889, 829, 847, 848, 647, 788, 847, 370, 619, 847, 622, 619, 623, 619, 504, 517, 535, 926, 878, 967, 1012, 991, 1006, 489, 646, 749, 991, 983, 602, 637, 941, 509, 532, 637, 792, 884, 909, 875, 891, 808, 884, 847, 844, 501, 586]
z_Moead=[1001, 1001, 1003, 664, 664, 858, 1248, 1208, 1144, 819, 893, 819, 1015, 777, 1047, 737, 751, 880, 1109, 819, 896, 934, 852, 819, 939, 893, 819, 893, 893, 875, 893, 1326, 1315, 1311, 1059, 1047, 1037, 971, 865, 737, 1255, 1164, 1148, 1011, 779, 1240, 1204, 822, 1207, 1210, 1204, 1131, 871, 877, 985, 842, 891, 871, 819, 819, 993, 869]
----Iteration 4----
x_Moead=[418, 428, -79, -121, -241, -38, -15, -10, -139, -82, -139, -213, 34, -32, -149, 114, 40, -106, -117, 208, -16, -33, 2, 232, 232, 174, 35, 76, 184, 297, 201, 269, 281, 297, 352, 297, 379, 421, 55, 7, -108, -134, -254, -175, -155, -34, 17, 40, -338, -354, -157, -174, -36, 69, -102, -41, 148, 53, 39, 150, 153, 159, 213, 227, 297, 276, 271, 281, 375, 524, 472, 514, 524]
y_Moead=[497, 490, 534, 576, 748, 567, 1082, 533, 808, 527, 808, 1054, 1056, 483, 956, 364, 607, 812, 874, 483, 683, 739, 863, 970, 970, 381, 638, 858, 765, 963, 398, 740, 619, 963, 760, 963, 777, 735, 390, 469, 599, 672, 785, 985, 1026, 1092, 457, 489, 825, 827, 739, 896, 1054, 408, 720, 841, 1089, 601, 1006, 1019, 357, 498, 509, 737, 963, 968, 393, 619, 716, 652, 720, 678, 652]
z_Moead=[962, 984, 1212, 1248, 1123, 1193, 833, 1277, 1056, 1315, 1056, 1001, 802, 1371, 959, 1280, 1098, 1038, 950, 1138, 1093, 993, 906, 746, 746, 1202, 1105, 873, 859, 762, 1154, 852, 1087, 762, 816, 762, 768, 732, 1351, 1355, 1234, 1198, 1196, 1110, 1003, 910, 1390, 1333, 1156, 1165, 1204, 1053, 931, 1306, 1102, 952, 794, 1167, 875, 845, 1212, 1201, 1105, 961, 762, 759, 1184, 1087, 1057, 879, 952, 916, 879]
----Iteration 5----
x_Moead=[97, 534, 118, 75, 155, 297, 513, 118, 108, 118, 81, 78, 29, 93, 513, 81, 285, 257, 199, 502, 285, 737, 1, 1, 238, 72, 513, 165, 180, 333, 325, 564, 532, 452, 563, 615, 741, 661, 814, 714, 711, 733, 783, 740, 771, 811, 783, 811, 841, 822]
y_Moead=[915, 1119, 862, 1003, 908, 1123, 1109, 862, 874, 862, 911, 926, 941, 1080, 1109, 911, 872, 1078, 1165, 1158, 872, 1021, 980, 980, 1052, 1060, 1109, 868, 888, 833, 1055, 1094, 1134, 765, 1074, 839, 1004, 819, 949, 1046, 1039, 966, 920, 1028, 1001, 975, 920, 975, 970, 855]
z_Moead=[928, 687, 1095, 874, 954, 743, 703, 1095, 1060, 1095, 1045, 996, 970, 812, 703, 1045, 983, 795, 768, 685, 983, 796, 963, 963, 850, 818, 703, 1054, 1024, 1002, 799, 709, 678, 986, 740, 925, 762, 934, 845, 735, 772, 922, 876, 759, 848, 793, 876, 793, 766, 800]
----Iteration 7----
x_Moead=[211, 318, 318, 157, 308, 378, 157, 238, 284, 374, 352, 343, 337, 197, 317, 363, 374, 310, 344, 414, 491, 460, 458, 463, 492, 495, 460, 503, 545, 545, 523, 523, 572, 630, 630]
y_Moead=[976, 933, 933, 1001, 959, 950, 980, 960, 981, 505, 657, 772, 745, 978, 942, 961, 505, 841, 931, 782, 503, 741, 912, 933, 904, 489, 741, 900, 659, 858, 891, 891, 862, 732, 732]
z_Moead=[1011, 952, 952, 1037, 989, 940, 1109, 1124, 1007, 1318, 1370, 1278, 1323, 1042, 1030, 944, 1318, 1150, 1007, 1225, 1337, 1242, 1104, 927, 886, 1293, 1242, 1103, 1215, 1131, 881, 881, 1027, 1022, 1022]
----Iteration 6----
x_Moead=[478, 517, 517, 517, 179, 168, 317, 478, 443, 452, 534, 454, 613, 517, 254, 122, 155, 175, 443, 193, 260, 443, 375, 452, 226, 489, 515, 507, 487, 566, 506, 566, 564, 674, 674, 716, 655, 220, 317, 392, 122, 230, 180, 394, 33, 155, 255, 392, 338, 410, 273, 452, 451, 388, 410, 489, 487, 484, 506, 507, 486, 597, 617, 578, 644, 743, 661, 674, 722, 715, 742]
y_Moead=[710, 836, 836, 836, 642, 596, 643, 710, 755, 676, 808, 709, 748, 836, 710, 956, 1010, 1030, 755, 1075, 1038, 755, 624, 676, 917, 700, 798, 657, 941, 742, 869, 742, 704, 708, 708, 680, 720, 615, 643, 805, 956, 1099, 1111, 695, 930, 1010, 1086, 805, 912, 981, 1033, 676, 943, 1012, 981, 700, 859, 920, 951, 657, 1023, 722, 734, 893, 812, 697, 814, 708, 669, 721, 681]
z_Moead=[1002, 888, 888, 888, 1151, 1186, 1122, 1002, 1069, 1094, 854, 1052, 940, 888, 1115, 956, 860, 809, 1069, 801, 679, 1069, 1110, 1094, 980, 1068, 906, 1023, 786, 981, 844, 981, 999, 955, 955, 949, 934, 1167, 1122, 1104, 956, 775, 737, 1106, 1015, 860, 728, 1104, 1000, 941, 650, 1094, 979, 836, 941, 1068, 969, 922, 734, 1023, 833, 960, 957, 751, 810, 901, 793, 955, 934, 861, 931]
----Iteration 8----
x_Moead=[546, 669, 437, 281, 622, 698, 895, 386, 342, 555, 454, 437, 743, 622, 904, 904, 655, 476, 437, 315, 360, 627, 424, 618, 508, 660, 536, 649, 841, 762, 910, 844, 962, 973, 910, 962, 979]
y_Moead=[927, 823, 1110, 1161, 988, 982, 734, 1140, 1148, 1030, 1074, 1110, 861, 988, 718, 718, 853, 965, 1103, 1161, 1180, 847, 1145, 1006, 1089, 944, 1049, 1033, 827, 986, 843, 902, 854, 821, 884, 854, 810]
z_Moead=[1348, 1331, 1116, 1293, 1230, 1238, 1359, 1270, 1272, 1321, 1273, 1116, 1301, 1230, 1345, 1345, 1342, 1361, 1315, 1249, 1199, 1378, 1196, 1335, 1195, 1313, 1292, 1094, 1328, 1208, 1299, 1287, 1296, 1340, 1298, 1296, 1277]
----Iteration 9----
x_Moead=[213, 395, 451, 8, 194, 444, 252, -63, 350, 194, 282, 282, 457, 317, 306, 356, 470, 578, 470, 416, 533, 481, 653, 595, 653, 619, 594, 78, -108, 193, 238, 267, 267, 300, 271, 196, 222, 363, 248, 356, 301, 363, 356, 421, 400, 521, 578, 584, 520, 578, 534, 595, 582, 664, 604, 697, 653]
y_Moead=[761, 929, 923, 535, 751, 982, 1123, 795, 1080, 751, 673, 673, 975, 663, 698, 943, 1052, 1078, 1052, 610, 1114, 1034, 972, 1011, 972, 984, 1001, 738, 826, 875, 904, 962, 962, 1083, 1102, 715, 914, 648, 787, 943, 1060, 648, 943, 1086, 667, 1052, 1078, 814, 866, 1078, 860, 1011, 923, 814, 779, 953, 972]
z_Moead=[716, 553, 530, 797, 730, 458, 406, 728, 399, 730, 673, 673, 482, 708, 634, 569, 404, 319, 404, 577, 337, 448, 422, 384, 422, 429, 454, 773, 684, 642, 613, 560, 560, 447, 442, 755, 619, 675, 709, 569, 444, 675, 569, 370, 632, 339, 319, 491, 574, 319, 537, 384, 492, 488, 500, 404, 422]
----End of Run----
