----Iteration 2----
memory=146.625,146.625,146.8828125,148.02734375,148.28515625,149.05859375,149.83203125,150.08984375,151.12109375,152.41015625
time=1.1947128772735596,1.1861259937286377,1.5332767963409424,1.443481206893921,1.458533525466919,1.4937570095062256,1.3307130336761475,1.437687635421753,1.3927106857299805,1.8699066638946533
----Iteration 0----
memory=146.625,146.625,147.3984375,148.02734375,148.80078125,149.31640625,149.83203125,150.34765625,151.37890625,152.41015625
time=1.3108675479888916,1.319427490234375,1.675459623336792,1.4158053398132324,1.5793354511260986,1.3859491348266602,1.288776159286499,1.48065185546875,1.4262378215789795,1.793973445892334
----Iteration 1----
memory=146.625,146.625,147.3984375,148.02734375,148.54296875,149.05859375,149.83203125,150.08984375,151.37890625,152.41015625
time=1.1675398349761963,1.4861366748809814,1.5545496940612793,1.50919508934021,1.4450805187225342,1.295464038848877,1.329239845275879,1.4296116828918457,1.463679552078247,2.252303123474121
----Iteration 3----
memory=153.95703125,153.95703125,153.95703125,154.47265625,154.47265625,154.73046875,155.24609375,155.76171875,156.01953125,156.01953125
time=1.712813138961792,1.870915412902832,1.963113784790039,2.1283857822418213,2.0534768104553223,2.213285446166992,1.9600183963775635,2.1212313175201416,1.9672563076019287,1.9463253021240234
----Iteration 4----
memory=153.95703125,153.95703125,154.21484375,154.47265625,154.47265625,154.98828125,155.50390625,155.76171875,156.01953125,156.27734375
time=1.935542345046997,1.7189075946807861,1.9712865352630615,2.199500322341919,2.10267972946167,2.246208429336548,2.164015531539917,2.023725986480713,1.903590202331543,2.013899564743042
----Iteration 5----
memory=153.95703125,153.95703125,154.21484375,154.47265625,154.47265625,154.98828125,155.50390625,155.76171875,156.01953125,156.27734375
time=1.9242072105407715,1.7516541481018066,2.0153870582580566,2.0225675106048584,2.0527498722076416,2.078970432281494,1.9711644649505615,2.013507127761841,1.940117597579956,2.116795778274536
----Iteration 6----
memory=157.30859375,157.30859375,157.30859375,157.56640625,157.56640625,157.82421875,158.08203125,158.59765625,158.59765625,158.85546875
time=1.6425676345825195,1.9241993427276611,2.040322780609131,2.0985705852508545,2.316708564758301,2.232593297958374,1.974247932434082,2.168292760848999,2.1463100910186768,2.298800468444824
----Iteration 7----
memory=157.30859375,157.30859375,157.30859375,157.56640625,157.56640625,157.82421875,158.08203125,158.59765625,158.59765625,158.85546875
time=1.8893415927886963,1.8069813251495361,1.9939765930175781,2.2849955558776855,2.2133982181549072,2.369403600692749,2.1421444416046143,2.059976100921631,2.263754367828369,2.3890795707702637
----Iteration 8----
memory=158.85546875,158.85546875,158.85546875,158.85546875,158.85546875,158.85546875,158.85546875,158.85546875,158.85546875,158.85546875
time=1.2766661643981934,1.474595069885254,1.4451472759246826,1.53688645362854,1.6755993366241455,1.480851650238037,1.4798271656036377,1.5929131507873535,1.551002025604248,1.4614176750183105
----Iteration 9----
memory=158.85546875,158.85546875,158.85546875,158.85546875,158.85546875,158.85546875,158.85546875,158.85546875,158.85546875,158.85546875
time=1.4640100002288818,1.3873460292816162,1.4385173320770264,1.5866212844848633,1.7072629928588867,1.4188339710235596,1.442201852798462,1.5051207542419434,1.5094027519226074,1.5283937454223633
