----Iteration 0----
1264,-98971;1264,-98971;1242,-85993;1242,-85993;1242,-85993;1265,-1151011;1038,-2641175;1078,-2741195;1271,255886;1078,-2741195;1242,-85993;917,131960;1264,299918;1242,-85993;1268,245912;1271,255886;1284,-2101022;1283,220847;1332,179841;1246,-2261043;1271,255886;1346,113827;1465,41962;1465,41962;1384,112782;1416,82968;1416,82968;1460,131776;1465,41962;1465,41962;
1355,-2081228;1355,-2081228;1340,-1451177;1553,-1881198;1603,-1141031;1582,3641086;1568,971118;1568,971118;1568,971118;1595,-131002;1595,-131002;
1340,-1451177;1582,3641086;1568,971118;1568,971118;1568,971118;1320,-2751281;1352,-2301265;1204,-841245;1197,425983;1250,-1161250;1204,-841245;1402,-2461264;1197,425983;1314,-1601207;1496,1801098;1456,-2251261;1582,3641086;1456,-2251261;1558,-1611250;1609,3211084;1582,3641086;1496,1801098;1559,-1751244;1582,3641086;1664,3321051;1664,3321051;1644,3351027;
1582,3641086;1582,3641086;1609,3211084;1582,3641086;1582,3641086;1664,3321051;1664,3321051;1327,3811286;1185,5031050;1190,5061043;1297,4951231;1366,4611081;1366,4611081;1370,3711327;1302,3931296;1554,3821077;1554,3821077;1569,3541196;1569,3541196;1582,3641086;1702,251388;1602,3201148;1664,3321051;1613,3081137;1646,3791049;1734,11436;1664,3321051;1754,1311254;1725,1951162;
1370,3711327;1569,3541196;1569,3541196;1702,251388;1602,3201148;1613,3081137;1734,11436;1370,3711327;1324,5021243;1266,5471271;1249,301529;1370,3711327;1296,5451227;1351,4481240;1588,1591486;1349,4511400;1449,4201175;1475,4051316;1507,3441248;1525,3901195;1609,4341100;1442,4641207;1779,-421428;1752,-161391;1691,4021065;1814,-531476;1715,771337;1739,3721094;1713,231352;1771,1381293;1782,3031138;1765,2741182;1894,2681203;
1370,3711327;1370,3711327;1266,5471271;1370,3711327;1588,1591486;1349,4511400;1449,4201175;1475,4051316;1507,3441248;1442,4641207;1814,-531476;1739,3721094;1782,3031138;1765,2741182;1894,2681203;1215,681567;1335,6781153;1342,5951257;1367,5801261;1342,5951257;1490,5481167;1592,-561536;1588,1591486;1374,6271212;1367,5801261;1509,2721560;1385,5681197;1531,5141168;1564,4581161;1624,4061219;1623,4511165;1708,4291104;1739,3721094;1814,-531476;1749,3371186;1710,4141175;1838,1391464;1894,2361219;1725,3711153;1864,1421387;1914,2801178;
1349,4511400;1475,4051316;1894,2681203;1342,5951257;1367,5801261;1342,5951257;1490,5481167;1374,6271212;1367,5801261;1509,2721560;1385,5681197;1531,5141168;1564,4581161;1624,4061219;1623,4511165;1749,3371186;1710,4141175;1838,1391464;1894,2361219;1864,1421387;1385,4361407;1380,5531363;1313,6401240;1333,6521215;1618,1681704;1497,3151718;1385,4361407;1346,6351185;1497,3151718;1401,4121503;1385,4361407;1472,5151253;1515,7061161;1618,1681704;1518,3951396;1547,4691311;1658,1281534;1658,1281534;1712,1891359;1626,4611139;1713,1591431;1890,3161279;1703,4451161;1718,4321160;1989,-781617;1995,81607;2014,3801181;1983,581506;1970,2151272;2014,3801181;
1367,5801261;1490,5481167;1374,6271212;1367,5801261;1385,5681197;1624,4061219;1710,4141175;1864,1421387;1380,5531363;1618,1681704;1497,3151718;1497,3151718;1515,7061161;1618,1681704;1518,3951396;1547,4691311;1703,4451161;1718,4321160;1989,-781617;1995,81607;2014,3801181;1983,581506;2014,3801181;1156,2341884;1152,2831872;1407,3011832;1392,3341833;1497,3151718;1380,5531363;1307,3751813;1345,6471284;1359,6701234;1469,6761167;1508,5241549;1515,7061161;1447,2951839;1489,3861654;1653,1351711;1546,2761733;1654,5161173;1601,6801130;1823,1431658;1779,1801669;1627,1951666;1584,4011357;1630,4421202;1823,1431658;1744,1891658;1779,1801669;1843,1571641;1795,1611649;1914,631580;1843,1571641;2014,3801181;2014,3291329;2030,3131317;2057,3701222;2098,3451235;2063,3491227;
1374,6271212;1385,5681197;1618,1681704;1618,1681704;1547,4691311;1703,4451161;1989,-781617;1995,81607;1156,2341884;1407,3011832;1392,3341833;1307,3751813;1345,6471284;1359,6701234;1508,5241549;1653,1351711;1654,5161173;1601,6801130;1823,1431658;1779,1801669;1627,1951666;1584,4011357;1823,1431658;1744,1891658;1779,1801669;1843,1571641;1795,1611649;1843,1571641;2098,3451235;1313,2921875;1320,3521863;1307,3751813;1378,3351792;1555,4521748;1325,7041302;1491,2991872;1346,3811770;1510,4911689;1508,5241549;1417,5651388;1373,6691275;1491,2991872;1552,7161177;1601,6801130;1671,1291728;1671,1291728;1530,5511532;1656,3871582;1679,5051229;1858,1101665;1810,4071280;1905,4381209;1905,4381209;2065,1991590;2027,4101214;2132,2651497;2074,3961485;2107,3661220;
1618,1681704;1618,1681704;1407,3011832;1392,3341833;1307,3751813;1601,6801130;1823,1431658;1779,1801669;1627,1951666;1823,1431658;1744,1891658;1779,1801669;1843,1571641;1795,1611649;1843,1571641;2098,3451235;1307,3751813;1555,4521748;1491,2991872;1510,4911689;1491,2991872;1552,7161177;1601,6801130;1656,3871582;1858,1101665;1905,4381209;1905,4381209;2065,1991590;2027,4101214;2132,2651497;2074,3961485;2107,3661220;1506,2901903;1386,3561877;1349,3951808;1510,4911689;1499,5741657;1547,5971613;1520,6821502;1564,6911486;1545,2231906;1545,2231906;1558,4611718;1540,7981465;1565,5681473;1672,6291347;1747,4991272;1712,6141374;1740,1611754;1780,1501683;1700,3501571;1740,5871325;1740,5871325;1900,671700;1823,1431658;1810,4801436;2027,121656;1912,4411184;1996,4361224;1912,4411184;2100,2261568;2130,3311455;2094,4081460;2131,2111573;2230,3091435;2195,2821457;
----Iteration 1----
942,-29893;908,-2351152;122,61752;123,82735;908,-2351152;821,-201015;821,-201015;821,-201015;123,82735;899,-44960;901,-1171163;908,-2351152;899,-44960;901,-1171163;899,-44960;899,-44960;1304,-2691285;1465,-3301351;
479,164878;201,179692;479,164878;997,-171145;985,701154;1170,-1901423;1040,-361137;1064,-431176;1549,-2011378;1545,-901295;1516,-781258;1531,-871289;1544,-1271302;
201,179692;985,701154;1170,-1901423;1040,-361137;1064,-431176;1549,-2011378;856,451178;829,911167;777,971138;1170,-1901423;990,1761130;1098,-1411434;922,361182;1020,-121163;1032,91156;1006,1231129;1040,-361137;1431,-1971440;1549,-2011378;1559,-1251357;1608,-451317;1575,-1251344;1621,-731339;
990,1761130;1006,1231129;1559,-1251357;1621,-731339;1079,-671448;1205,-151306;892,1391213;1091,711277;987,1951181;786,196720;1180,121277;990,1761130;1063,931280;1554,-801457;1559,-1251357;1614,-331351;1677,-2001261;1674,-991231;1714,-771187;1677,-2001261;1677,-2001261;1707,-301156;
987,1951181;1099,1791587;986,1991168;1138,1381513;1168,1531460;1151,1901480;1449,-771530;1436,-491570;1673,-71444;1623,-581496;1582,-501487;1673,-71444;1720,561416;1710,731377;1816,121292;
1099,1791587;1673,-71444;1673,-71444;1720,561416;1710,731377;1257,2731562;1232,2851572;1309,321553;1232,2851572;1332,2241542;1250,3021522;1274,2891504;1282,1251598;1465,2551474;1437,-161551;1809,-2361607;1673,-71444;1635,461540;1777,-741599;1729,-331625;1698,851340;1756,-351538;1806,291253;1802,-1221580;1822,241326;1902,-451470;1918,-351435;
1257,2731562;1274,2891504;1809,-2361607;1729,-331625;1806,291253;1822,241326;1902,-451470;1918,-351435;1375,-1531638;1251,3031609;1251,3031609;1353,3231412;1484,2731511;1351,2421579;1368,2881364;1436,2611517;1556,1131618;1758,-1931679;1617,2371600;1725,1071570;1621,1821584;1722,1351558;1869,-2021594;1852,-1981596;1804,821613;1844,-1051596;1869,-2021594;1921,-751444;1918,-351435;2001,-601416;1967,-761429;1951,-861464;1951,-861464;1952,-191422;
1257,2731562;1274,2891504;1729,-331625;1902,-451470;1918,-351435;1251,3031609;1251,3031609;1353,3231412;1484,2731511;1368,2881364;1436,2611517;1758,-1931679;1617,2371600;1869,-2021594;1852,-1981596;1844,-1051596;1869,-2021594;1921,-751444;1918,-351435;2001,-601416;1967,-761429;1951,-861464;1951,-861464;1952,-191422;1575,21688;1417,1711738;1336,2141761;1208,3111626;1200,3201628;1200,3201628;1361,2711651;1459,2721513;1681,-2691722;1633,-541717;1575,21688;1573,2041616;1617,2371600;1633,2471573;1617,2371600;1646,1961594;1587,2001632;1724,1591588;1646,1961594;1744,1251607;1834,971613;1744,1251607;1798,1551587;1869,-2021594;1812,1241562;1886,-2191570;1968,-1841556;2001,-601416;1908,801438;1973,-2101558;1975,-111411;2001,-601416;
1575,21688;1681,-2691722;1633,-541717;1575,21688;1834,971613;1681,-2691722;1664,-2181721;1480,2331793;1344,3501597;1278,3571512;1397,3701425;1474,-231796;1511,1801759;1529,3361577;1647,-2431764;1527,241773;1799,3261679;1715,-1251707;1816,-1671693;1769,-1191704;1834,971613;1799,3261679;1822,3291629;1836,3071557;1851,-2991668;1864,-2081667;1979,-451645;1850,951608;1898,-1901659;1970,-291631;1899,541602;1850,951608;1953,1361454;1907,551530;2027,1091389;2052,131554;2027,-821635;2027,-821635;2052,131554;2052,131554;2068,-301463;
1834,971613;1397,3701425;1799,3261679;1816,-1671693;1834,971613;1799,3261679;1822,3291629;1836,3071557;1979,-451645;1850,951608;1970,-291631;1850,951608;1953,1361454;2027,1091389;2052,131554;2027,-821635;2027,-821635;2052,131554;2052,131554;2068,-301463;1426,3081757;1535,2961805;1426,3081757;1433,3601693;1741,3511599;1432,3071751;1825,3171622;1628,1281708;1799,3261679;1788,-121772;1845,2931596;1832,3331583;1825,3171622;1816,-1671693;1930,351682;1969,381656;1933,941639;1836,3071557;1902,2941559;1953,1361454;1977,-511691;1918,1831481;1969,381656;2034,971476;1952,1711473;2046,91566;2045,-81587;
----Iteration 3----
991,2471216;1023,2381229;1014,3071003;1039,2191289;1240,1221286;1139,2111015;1258,1171315;1225,1511209;1266,276986;1381,-2591212;1374,-1901145;1517,-441057;1477,-811075;
1039,2191289;1258,1171315;1266,276986;1517,-441057;1477,-811075;1069,2921207;1041,3961073;1045,2611251;1088,3551036;1285,349893;1154,2501071;1285,349893;1324,2331107;1258,1171315;1341,2071290;1319,2481077;1362,-811387;1440,201375;1324,2331107;1452,621339;1453,-2931273;1452,621339;1489,-1411180;1549,-1581136;1588,-2091087;
1117,4731146;1087,4331162;1376,3941036;1121,4111109;1326,2801297;1181,3071225;1371,2471274;1363,3801190;1466,171481;1365,2751155;1510,1181465;1413,3491066;1548,2401360;1623,2091430;1614,1861447;1623,2091430;1623,2091430;
1376,3941036;1466,171481;1238,5221386;1238,5221386;1238,5221386;1286,611515;1286,4921415;1226,5281435;1238,5221386;1289,4521344;1341,4281266;1342,4331072;1479,-281523;1622,3871422;1607,1731471;1622,3871422;1673,3831452;
1238,5221386;1238,5221386;1238,5221386;1286,4921415;1226,5281435;1238,5221386;1186,6121662;1186,6121662;1269,5211428;1186,6121662;1186,6121662;1282,5101718;1269,5211428;1204,5851291;1339,4871739;1468,3601815;1580,2451700;1583,2881670;1684,4751650;1801,4721629;
1339,4871739;1468,3601815;1580,2451700;1684,4751650;1801,4721629;1355,4861684;1318,5811714;1308,6041675;1131,6241712;1129,6721706;1197,7831672;1197,7831672;1408,3851688;1308,5841704;1363,6281259;1228,5511729;1264,7151510;1555,3761761;1309,5431733;1562,2351813;1363,3961730;1369,6271253;1661,3461677;1661,3461677;1661,3461677;1741,5981596;1684,4751650;1758,5701596;1752,4561663;1841,5901568;1799,5621614;
1468,3601815;1684,4751650;1801,4721629;1131,6241712;1129,6721706;1197,7831672;1197,7831672;1264,7151510;1562,2351813;1661,3461677;1661,3461677;1661,3461677;1684,4751650;1752,4561663;1279,6311658;1197,7831672;1279,6311658;1562,2351813;1498,5201802;1470,5941755;1359,6291641;1581,4111772;1491,6271702;1431,6981419;1643,6061733;1445,6451550;1673,6251581;1807,6061601;1851,6231599;1894,5871618;1894,5871618;
1801,4721629;1264,7151510;1752,4561663;1470,5941755;1431,6981419;1643,6061733;1807,6061601;1851,6231599;1894,5871618;1894,5871618;1339,5881782;1339,5881782;1465,6641764;1210,8131705;1560,5351878;1575,2651846;1502,6721706;1451,6841557;1368,7361374;1466,7261330;1665,3991799;1621,4031839;1713,5421786;1649,5611722;1715,6671456;1713,5421786;1704,5541768;1749,6311663;1795,6141627;1761,6371620;1801,4721629;1778,4251642;1851,6231599;1894,5871618;1945,5591625;1967,4811538;
1465,6641764;1210,8131705;1502,6721706;1451,6841557;1466,7261330;1715,6671456;1424,5701923;1171,8231727;1415,8281456;1519,6771677;1210,8131705;1465,6641764;1450,8271489;1731,6311911;1731,6311911;1488,7201518;1764,6491861;1760,6051871;1764,6491861;1845,5831727;1803,5971774;1845,5831727;1962,6241707;1993,6611665;1962,6241707;1993,6611665;
1210,8131705;1466,7261330;1424,5701923;1171,8231727;1415,8281456;1210,8131705;1450,8271489;1731,6311911;1731,6311911;1764,6491861;1760,6051871;1764,6491861;1477,4631941;1276,7451679;1454,8511379;1731,6311911;1240,7881710;1458,8451421;1718,6381907;1804,6481850;1769,7051784;1823,6181824;1868,6811788;1826,5871815;1868,6811788;2031,7121748;2057,7131742;2079,6821777;2153,7241704;
----Iteration 2----
714,-4361200;671,-761381;634,-481342;653,221331;912,-21191;816,-5251323;673,-3361218;826,-5271353;1205,1451160;884,-5251241;1100,-8061347;1205,1451160;1176,-6421243;1280,-3921167;1188,1381186;1350,-6281210;1258,-3651121;1298,261069;1350,-641051;1370,-1061078;1370,-6011194;1350,-6281210;
720,981428;700,1601440;1239,2561387;838,-801427;812,-871442;1260,2541426;1021,-6601427;1282,1251190;1268,1591155;1301,1281172;1301,1281172;1388,-571171;1665,-5351152;1614,-4951253;1475,-2741216;1512,-3541336;1638,-4551247;1577,-3851336;
1665,-5351152;1512,-3541336;1577,-3851336;840,-5481511;840,-5481511;754,1811489;1188,3651397;1088,-2411465;1188,3651397;1323,3431434;1323,3431434;1253,2981458;1357,2521407;1407,2131387;1358,921430;1426,2501383;1427,-1281311;1427,-1281311;1599,-601289;1641,-4171343;1626,-851290;1653,-4271345;1638,-951292;1709,-3831073;1721,-3931075;
1357,2521407;1407,2131387;1358,921430;1426,2501383;1599,-601289;1626,-851290;1638,-951292;1709,-3831073;1721,-3931075;1068,-2691536;866,1481566;1078,4351480;1088,4331510;1218,4251428;1256,3811440;1341,2911508;1239,4221502;1269,4401363;1255,3901481;1335,4311412;1352,3781460;1357,2521407;1426,2501383;1376,2891403;1434,4021321;1510,651374;1656,-1721392;1626,-851290;1541,-11500;1611,-701291;1669,-3391344;1649,-921285;
1358,921430;1426,2501383;1599,-601289;1721,-3931075;866,1481566;1078,4351480;1088,4331510;1341,2911508;1239,4221502;1255,3901481;1335,4311412;1352,3781460;1426,2501383;1434,4021321;1656,-1721392;1541,-11500;1611,-701291;1295,3041530;1212,3231516;1259,4441453;1257,4791441;1217,4871411;1322,1021543;1341,2911508;1341,2911508;1385,3221427;1362,4491389;1326,4601371;1346,2541502;1385,3221427;1369,4341281;1411,4141375;1574,-1261387;1421,4121405;1627,-1621415;1608,-901364;1514,911438;1563,1491388;1565,1431396;1650,-771314;1525,2141311;1633,-1651397;1552,1581369;1677,-1451358;1565,1431396;1716,-3181306;1656,-1721392;
1352,3781460;1362,4491389;1133,2261614;1102,1891656;1133,2261614;1298,2341582;1298,2341582;1299,3431541;1265,3661534;1303,4481514;1260,4311549;1280,5381396;1303,4481514;1274,3131583;1351,4931508;1303,4481514;1353,2861563;1435,3331481;1407,4481451;1465,4121440;1438,4291402;1478,3821439;1438,4291402;1588,2111470;1505,3571440;1589,3261418;1694,1861537;1601,3161420;1819,-931420;1771,-571393;1803,-1241424;1819,-931420;
1351,4931508;1589,3261418;1694,1861537;1601,3161420;1351,4931508;1343,5071514;1334,5181515;1328,5801431;1351,4931508;1328,5801431;1441,2041646;1353,3951806;1370,5301504;1343,5311457;1334,5181515;1334,5181515;1439,3851653;1373,3461770;1440,4331651;1464,3711469;1489,4781453;1510,5311449;1544,3171576;1610,2971570;1589,3261418;1600,3351349;1622,941553;1629,3001386;1751,1101533;1785,1521523;1629,3001386;1751,1101533;1927,1921509;
1343,5071514;1334,5181515;1441,2041646;1353,3951806;1370,5301504;1334,5181515;1334,5181515;1439,3851653;1373,3461770;1440,4331651;1489,4781453;1510,5311449;1600,3351349;1412,2701744;1372,5801466;1300,6431425;1428,2261731;1428,2261731;1375,5051761;1343,5071514;1459,4491563;1568,5081427;1485,5071484;1568,5081427;1590,4751487;1568,5081427;1830,2931601;1802,1741630;1802,1741630;1830,2931601;1942,3281581;
1412,2701744;1428,2261731;1428,2261731;1830,2931601;1830,2931601;1942,3281581;1374,5121891;1327,6921868;1350,5891794;1348,6371870;1328,7321687;1350,6821705;1399,5451844;1331,7291675;1392,5881794;1441,6401713;1442,6311672;1409,4101777;1474,5831629;1457,6011635;1615,881718;1497,6231574;1727,5721570;1682,4621639;1773,6181428;1817,5881435;1823,3361632;1817,5881435;1805,6001398;1808,3221717;1752,5391449;1819,3261649;1942,3281581;1870,2891683;1817,5881435;1976,3051588;
1374,5121891;1327,6921868;1350,5891794;1348,6371870;1328,7321687;1350,6821705;1399,5451844;1331,7291675;1392,5881794;1441,6401713;1442,6311672;1727,5721570;1773,6181428;1817,5881435;1817,5881435;1805,6001398;1808,3221717;1870,2891683;1817,5881435;1399,5451844;1327,6921868;1327,6921868;1328,7321687;1349,5961825;1443,6791670;1634,6871578;1435,5021813;1495,5481730;1435,6441761;1515,6801666;1736,2831891;1693,5151648;1525,6351585;1732,2731908;1653,5581635;1683,5631586;1807,5901405;1817,2251848;1710,5111646;1725,5261598;1852,851826;1858,2371797;1934,5481569;1890,2481678;1934,5481569;1934,2181685;2103,3841658;
----Iteration 4----
591,214990;1076,1201164;1199,291168;1262,-731334;1173,1141192;1262,-731334;1173,1141192;1180,711161;1236,-541301;1262,-731334;1209,-291300;1262,-731334;1262,-731334;
591,214990;1076,1201164;1173,1141192;1173,1141192;1180,711161;686,1921004;591,214990;695,178966;1076,1201164;1052,1631146;1173,1141192;1348,101472;1348,101472;1377,-351489;1348,101472;1316,341424;1316,341424;
1348,101472;1348,101472;1377,-351489;1348,101472;1025,3441294;694,3861234;709,3451191;1046,3271244;1087,1981233;1067,2801197;1146,2591125;1371,-291567;1122,3261134;1287,2581090;1166,2691104;1358,591467;1335,981372;1333,1651138;1371,-291567;1378,1391321;1358,591467;1333,1651138;1364,531389;1364,531389;
1377,-351489;1025,3441294;1046,3271244;1067,2801197;1146,2591125;1371,-291567;1122,3261134;1287,2581090;1166,2691104;1358,591467;1371,-291567;1378,1391321;1358,591467;1364,531389;1364,531389;926,4531373;927,4281368;879,5021373;1125,-891595;1371,-291567;964,2951380;927,4281368;1138,1741471;1033,2991275;1033,2991275;1350,1041486;1166,2691104;1322,-211554;1478,2511254;1350,-61510;1467,2571205;1467,2571205;1371,-291567;1450,1831272;1491,2421235;
879,5021373;1478,2511254;1467,2571205;1467,2571205;1450,1831272;1491,2421235;956,4901467;956,4901467;1213,4661489;1249,4941454;1249,4941454;1054,4041537;1270,4771404;1419,-671596;1330,1091639;1302,2121590;1259,3931532;1299,4431492;1410,2921546;1319,3601377;1419,-671596;1431,-1021557;1375,361595;1463,801373;1484,1671298;1463,801373;
1286,6581501;1574,3321715;1444,5941562;1552,3631687;1628,5231351;1611,5141654;1632,4571620;1638,4571465;
1286,6581501;1574,3321715;1444,5941562;1628,5231351;1611,5141654;1632,4571620;1638,4571465;1286,6581501;1244,6811568;1411,6251598;1496,6071543;1444,5941562;1572,5881549;1574,3321715;1542,5681760;1567,6381531;1571,3681689;1666,3441697;1594,5741439;1714,3741422;1686,2941600;1714,3741422;1688,4411418;1714,3741422;
1286,6581501;1444,5941562;1286,6581501;1244,6811568;1411,6251598;1496,6071543;1444,5941562;1572,5881549;1542,5681760;1567,6381531;1594,5741439;1714,3741422;1714,3741422;1714,3741422;1359,6001647;1251,6341599;1315,6541524;1433,5891699;1315,6541524;1569,2921786;1528,3191799;1588,5681744;1588,5681744;1703,4541760;1652,5151751;1635,5521771;1619,5721576;1621,5531559;1705,4481768;1628,5651343;1703,4541760;1682,5011648;1737,3491623;
1635,5521771;1501,5051848;1278,7311533;1519,5801823;1461,6311743;1473,7091591;1558,6061798;1717,4181796;1591,6691596;1667,5971755;1598,6441700;1689,3611800;1627,6231536;1754,4481770;1717,4181796;1731,5321757;1697,5481755;1731,5321757;1727,5071785;1731,5321757;
1563,6221836;1573,7771775;1532,5631867;1644,6941729;1602,7551802;1782,5031896;1665,6201787;1690,6161846;1666,6631757;1646,6881737;1673,6591766;1786,5131879;1738,5571907;1690,6161846;1825,5391854;1690,6161846;1766,5561826;1825,5391854;1783,5821812;1825,5391854;
----Iteration 6----
941,72587;687,61018;508,1591488;540,291486;919,-3051510;871,-681556;937,-2681359;1146,-360524;1126,-4041232;1178,-5601225;1164,-394918;1133,-324956;1010,-304867;1226,-4131067;1576,-4921099;1565,-4581114;1644,-707985;
941,72587;687,61018;508,1591488;540,291486;919,-3051510;871,-681556;937,-2681359;1126,-4041232;1178,-5601225;1644,-707985;668,-1031584;526,541416;942,-2711489;586,481446;601,1301213;943,-3581520;834,-12591;843,-411009;629,-1501633;1135,-871095;1377,-2201203;1580,-4501174;
941,72587;508,1591488;540,291486;1644,-707985;586,481446;601,1301213;1580,-4501174;599,781406;535,571447;601,1301213;649,153934;608,421366;788,981073;971,-151670;1017,-981638;989,-711687;1159,-681361;847,-141164;979,57635;1285,-761310;1091,-34827;1192,-2761350;1292,-1021302;1315,-1261127;1285,-761310;1369,-1701199;1285,-761310;1292,-1021302;1563,-4321264;1458,-337919;1390,-2051228;1530,-3711339;1518,-3621232;1547,-3891249;1618,-6391021;
624,1631671;830,219994;976,269889;989,691673;954,261989;1079,-61745;1035,581800;1095,1861500;983,222920;1164,124884;1707,-811505;1707,-811505;1682,601526;1682,601526;1694,571731;1648,861568;
1035,581800;931,3581707;804,3881222;1131,2371727;1027,3601069;1227,2931011;1208,1561784;1242,2331043;1252,1631040;1455,461844;1496,81945;1495,341917;1661,1301748;1661,1301748;1729,1211792;
931,3581707;804,3881222;1131,2371727;1027,3601069;1496,81945;1495,341917;1661,1301748;1661,1301748;1729,1211792;1114,2401731;943,3221767;940,3821702;965,3391766;968,3391607;1131,2371727;1125,2871691;1278,3491491;1616,22004;1475,2241919;1507,3281169;1616,22004;1502,961795;1508,3031164;1569,-112030;1713,2871282;1508,3031164;1627,01880;1688,241819;1661,1301748;1729,1211792;1861,1411730;1861,1411730;1861,1411730;
943,3221767;965,3391766;1616,22004;1475,2241919;1616,22004;1569,-112030;1627,01880;1688,241819;1861,1411730;1861,1411730;1861,1411730;965,3391766;1316,2112029;1530,1372027;1485,592085;1290,3801738;1616,22004;1616,22004;1556,1801914;1412,4501657;1435,4951649;1627,-112018;1747,3931726;1638,-131894;1648,-561846;1782,3601733;1861,1411730;1782,3601733;1865,4391671;1877,4361350;1844,2881813;1848,2981796;1865,4391671;1848,2981796;1904,2161708;1844,2881813;
1616,22004;1616,22004;1569,-112030;1316,2112029;1530,1372027;1485,592085;1616,22004;1616,22004;1435,4951649;1627,-112018;1747,3931726;1782,3601733;1782,3601733;1865,4391671;1844,2881813;1848,2981796;1865,4391671;1848,2981796;1844,2881813;1321,2051996;1296,2552028;1360,2022122;1296,2552028;1296,2552028;1651,4731816;1135,5651620;1499,1042075;1442,2002154;1495,4161921;1542,662055;1676,4261875;1627,-112018;1627,-112018;1650,4611905;1676,4261875;1782,3301916;1772,3461785;1729,2931988;1924,4571585;1782,3301916;1818,3001840;1891,3271749;1924,4571585;1848,2981796;1900,4821667;1913,2381726;1928,4671568;
1316,2112029;1485,592085;1782,3601733;1782,3601733;1296,2552028;1360,2022122;1296,2552028;1296,2552028;1651,4731816;1135,5651620;1499,1042075;1442,2002154;1495,4161921;1542,662055;1650,4611905;1782,3301916;1772,3461785;1729,2931988;1782,3301916;1818,3001840;1891,3271749;1900,4821667;1360,2022122;1261,2442086;1454,4002009;1651,4731816;1661,4971815;1307,2252067;1508,4081980;1553,532069;1669,4911805;1691,1572042;1722,4321864;1717,4291898;1747,1651954;1793,861974;1782,3301916;1876,3321827;1961,5101645;1849,1821924;1969,4061711;2046,3541613;1926,4441732;1960,3211726;2022,4571652;2007,3971695;2022,4571652;2036,4211611;
1782,3601733;1782,3601733;1442,2002154;1782,3301916;1729,2931988;1782,3301916;1818,3001840;1900,4821667;1454,4002009;1722,4321864;1717,4291898;1793,861974;1782,3301916;1876,3321827;1961,5101645;1849,1821924;1969,4061711;2046,3541613;1926,4441732;1960,3211726;2022,4571652;2007,3971695;2022,4571652;2036,4211611;1323,2812078;1442,4422037;1571,4561962;1680,5181867;1664,5611868;1331,2522093;1559,4981990;1628,3372016;1502,4172005;1693,5011911;1680,5181867;1765,2262147;1631,2562054;1617,3661988;1743,2881928;1740,3631787;1775,5951695;1793,861974;1957,5491592;1859,2291894;1875,1861893;1875,1861893;1933,2991828;1919,3491800;1986,4981635;1959,2781743;2015,2071731;2015,2071731;2040,4341608;
----Iteration 5----
1067,1931169;894,2221091;1067,1931169;1095,1761204;1090,1871171;1212,366949;1160,-2061196;1090,1871171;1210,-1341159;1192,339965;1212,366949;1212,366949;1274,-81009;1281,-151038;1413,126590;1480,83843;1413,126590;1480,83843;
1212,366949;1212,366949;1212,366949;1480,83843;1480,83843;1177,370941;1177,370941;1112,1931270;1223,361962;1128,416940;1106,1861389;1212,366949;1212,366949;1149,1481300;1163,3271267;1149,1481300;1212,3621110;1227,2661257;1434,561206;1409,216810;1255,2241204;1447,168804;1475,210766;1439,921043;1561,-9921;1439,921043;1561,-9921;1561,-9921;
1106,1861389;1149,1481300;1163,3271267;1149,1481300;1212,3621110;1227,2661257;1072,2411286;1102,5181085;1137,5101119;1137,5101119;1137,5101119;1177,4841087;1195,801410;1109,1961316;1047,2441375;1214,561384;1149,1481300;1177,4841087;1227,2661257;1212,3621110;1288,2431274;1658,338951;1643,322953;1658,338951;1591,388967;1580,401953;1439,2291294;1526,2131285;1658,338951;1611,368977;1739,2461029;1759,2301057;1759,2301057;1739,2461029;
1106,1861389;1163,3271267;1212,3621110;1227,2661257;1109,1961316;1047,2441375;1227,2661257;1212,3621110;1288,2431274;1658,338951;1643,322953;1658,338951;1591,388967;1580,401953;1439,2291294;1526,2131285;1658,338951;1611,368977;1739,2461029;1759,2301057;1759,2301057;1739,2461029;1205,5511163;1233,681436;1308,1081416;1203,3201308;1372,821426;1342,911434;1401,561428;1363,5861066;1548,451816;1548,451816;1382,6171033;1464,1511392;1611,368977;1493,1671387;1562,411935;1626,384975;1678,2751063;1721,2681038;1591,388967;1674,2621066;1658,338951;1693,2911061;
1106,1861389;1163,3271267;1109,1961316;1047,2441375;1288,2431274;1658,338951;1643,322953;1658,338951;1439,2291294;1526,2131285;1658,338951;1739,2461029;1759,2301057;1759,2301057;1739,2461029;1205,5511163;1308,1081416;1203,3201308;1372,821426;1342,911434;1363,5861066;1382,6171033;1464,1511392;1493,1671387;1626,384975;1678,2751063;1721,2681038;1658,338951;1693,2911061;1219,361526;1203,3201308;1172,5551228;1124,5431234;1161,5811156;1445,651468;1362,6341096;1177,6541092;1454,1431396;1124,5431234;1277,5591157;1429,590971;1402,791511;1203,3201308;1186,4781202;1529,1901358;1484,2381285;1492,2971263;1515,1331383;1624,421979;1594,469900;1629,426872;1529,1901358;1629,426872;1529,1901358;1678,2751063;1713,2671097;1697,2951050;1736,881188;1739,326933;1759,2301057;
1658,338951;1643,322953;1658,338951;1658,338951;1739,2461029;1759,2301057;1759,2301057;1739,2461029;1363,5861066;1382,6171033;1626,384975;1678,2751063;1721,2681038;1658,338951;1693,2911061;1219,361526;1362,6341096;1177,6541092;1529,1901358;1624,421979;1594,469900;1629,426872;1529,1901358;1629,426872;1529,1901358;1678,2751063;1713,2671097;1697,2951050;1736,881188;1739,326933;1759,2301057;1329,-441575;1303,291557;1448,3931479;1492,4461394;1467,4681377;1391,5791255;1291,6391168;1362,6341096;1362,6341096;1463,3721523;1451,5071347;1494,3651515;1475,3691516;1461,4221448;1448,4371410;1467,4681377;1391,5791255;1449,5931031;1504,565881;1451,559999;1494,3651515;1528,1551514;1651,1421447;1614,2491352;1574,3401154;1594,469900;1651,1421447;1666,381902;1815,451221;1739,326933;1815,451221;1778,1771180;1815,451221;1795,1891054;
1448,3931479;1492,4461394;1463,3721523;1461,4221448;1651,1421447;1651,1421447;1511,4771361;1542,5301336;1544,3361593;1495,3961406;1471,5531446;1542,5301336;1612,5861289;1431,7741161;1555,1321590;1570,1721517;1612,5861289;1543,7511123;1536,3821518;1567,5251330;1612,5861289;1570,1721517;1702,2971426;1673,3321389;1610,6661304;1650,6401272;1637,6801259;1697,1121471;1653,6301213;1700,4881226;1725,6541184;1721,2931425;1911,91258;1864,3281164;1884,4681120;1897,-641328;1857,1581300;1878,2611280;1908,2511276;1921,452969;
1544,3361593;1431,7741161;1543,7511123;1536,3821518;1673,3321389;1610,6661304;1650,6401272;1637,6801259;1653,6301213;1700,4881226;1725,6541184;1884,4681120;1921,452969;1497,3761613;1481,4191614;1517,6031475;1432,7301290;1546,7411225;1601,911604;1501,5781549;1559,6481439;1604,1861596;1564,3581544;1501,5781549;1559,6481439;1378,7211415;1590,7151289;1586,4231467;1517,6031475;1605,6071453;1640,6691223;1632,3821481;1621,6291325;1637,6801259;1761,1851540;1692,3281388;1661,3441352;1890,4721111;1868,5181166;1813,4031170;1959,3101456;1927,2781501;1868,5181166;1957,3611244;2031,2491447;
1610,6661304;1637,6801259;1725,6541184;1378,7211415;1590,7151289;1640,6691223;1637,6801259;1868,5181166;1959,3101456;1927,2781501;1868,5181166;2031,2491447;1395,5001631;1565,6601468;1543,6911440;1448,8291393;1500,7561287;1565,6601468;1543,6911440;1576,7421238;1552,7741156;1771,2051544;1681,6591620;1565,6601468;1640,6691223;1598,7331170;1821,6051530;1927,4891299;1870,1601523;1840,5691099;1927,2781501;1927,4891299;1887,5151331;1856,5301129;2026,3991324;2048,2401424;2074,2201401;
1610,6661304;1637,6801259;1725,6541184;1590,7151289;1637,6801259;2031,2491447;1543,6911440;1448,8291393;1543,6911440;1576,7421238;1681,6591620;1821,6051530;1927,4891299;1840,5691099;1927,4891299;1887,5151331;2026,3991324;2048,2401424;2074,2201401;1439,5091671;1389,6481668;1593,6741481;1471,7881441;1511,8281402;1447,9041327;1463,8601314;1650,2361625;1376,5841711;1681,6591620;1541,7711455;1458,8871362;1650,2361625;1560,7941198;1626,7501236;1690,2101593;1717,6471458;1717,6471458;1688,6831245;1718,6121235;1691,6551257;1973,3281530;1947,2641547;1950,4211533;1931,5261289;1872,5551156;1973,3281530;1999,3851369;2031,2491447;2032,2831425;2031,2491447;2064,3671349;2058,2631402;
----Iteration 7----
1165,1421193;1357,-735969;1230,-202960;1165,1421193;1111,4821426;1371,-8561136;1281,-6991128;1202,-6191285;1344,-656889;
1111,4821426;1477,-3321153;1341,1891379;1446,-3531260;1423,-1371441;1423,-1371441;1469,-3501210;
1111,4821426;1477,-3321153;1341,1891379;1151,2461188;1341,1891379;1312,2201366;1312,2201366;1372,1681394;1398,1371452;1356,1801410;1481,-3771316;1452,451480;1501,-3501300;
1111,4821426;1460,1421736;1292,2551380;1265,3891329;1460,1421736;1463,2421710;1469,721719;1460,1421736;1429,2001720;1485,351539;1531,-851473;1528,1181463;1463,2421710;
1111,4821426;1336,3981657;1367,4181381;1386,3711411;1455,2341842;1590,3371835;1590,3371835;1590,3371835;1590,3371835;1590,3371835;1590,3371835;
1111,4821426;1367,4181381;997,4361632;1324,4451407;1322,4511404;1367,4181381;1568,3471963;1671,1941889;1616,4131912;1616,4131912;1627,3681929;1627,3681929;1662,3181888;1662,3181888;
1568,3471963;1616,4131912;1616,4131912;1563,6331629;1629,4061916;1569,5841653;1546,5531791;1585,5411652;1706,5011760;1716,3251888;1657,3741938;1723,3061959;1701,3412002;
1616,4131912;1616,4131912;1629,4061916;1657,3741938;1723,3061959;1357,4661894;1581,7401636;1564,4162043;1580,7711723;1578,3742040;1580,7711723;1634,7191721;1557,4452081;1716,3482020;1605,4701876;1652,6871749;1629,4061916;1697,5761835;1739,2101997;1647,6231850;1730,3231907;1726,5751866;1779,4961819;
1616,4131912;1616,4131912;1629,4061916;1723,3061959;1580,7711723;1580,7711723;1634,7191721;1557,4452081;1716,3482020;1605,4701876;1652,6871749;1629,4061916;1739,2101997;1647,6231850;1726,5751866;1779,4961819;1595,3172105;1270,6641846;1500,7781646;1515,8381631;1604,2462119;1513,4691983;1594,7581656;1433,5151981;1580,7711723;1580,7711723;1487,4722015;1324,7111786;1587,4432111;1673,3752050;1673,3752050;1571,6921787;1677,7361686;1716,6471845;1647,6231850;1674,6821743;1715,7301640;1810,2351982;1691,4271911;1789,7071711;1790,6151722;1832,3651917;1811,1891936;
1723,3061959;1580,7711723;1580,7711723;1557,4452081;1716,3482020;1779,4961819;1595,3172105;1515,8381631;1513,4691983;1580,7711723;1580,7711723;1487,4722015;1587,4432111;1677,7361686;1716,6471845;1715,7301640;1810,2351982;1691,4271911;1789,7071711;1790,6151722;1811,1891936;1518,4082169;1539,7071930;1443,8691744;1411,8901793;1458,8991702;1476,5592093;1458,8991702;1801,2932140;1493,4442188;1494,7401953;1411,8901793;1518,4082169;1466,7672002;1465,8181710;1587,8321655;1651,5441915;1682,7321788;1649,7641746;1802,2792122;1671,4302069;1611,5041954;1738,6301895;1680,3792055;1774,5531909;1789,7071711;1789,6741725;1715,7301640;1828,5211737;1829,7121705;1908,3911923;1856,4861906;1873,7211689;1951,3641897;
----Iteration 8----
1256,-73985;1278,-36896;909,861055;868,-491387;868,-491387;952,-221284;877,201273;1077,471003;1199,21216;1317,-1021262;1200,231199;1317,-1021262;1531,-6531156;1441,-2451255;
677,461510;880,-611507;660,501512;622,4381175;1090,141422;1067,941374;964,2411450;1336,2561339;981,2221423;1336,2561339;1368,2831305;1482,1661362;1368,2831305;1505,1041347;1577,-3021296;1515,2501309;1580,-4461248;
677,461510;880,-611507;660,501512;964,2411450;981,2221423;1505,1041347;1515,2501309;1164,-1331582;660,501512;636,4871197;1248,-1771636;1269,-1991760;963,231474;830,2571459;1268,4081310;1287,3771281;778,4041361;1303,-2031681;977,-1441606;1287,3771281;1323,-1891664;1248,-1771636;1493,3131388;1502,1091397;1469,3421400;1639,1461329;1487,-3811465;1620,531461;1686,51392;
636,4871197;1268,4081310;1493,3131388;1469,3421400;1686,51392;743,4511388;1272,-2361825;1296,3551439;833,4081418;1358,3291448;1358,3291448;1530,4001323;1430,3701337;1569,2321679;1552,4271306;1530,4001323;1619,-551674;1591,2591662;1596,201777;1603,2701418;1660,1891553;1671,111568;1660,2031300;1692,1461335;
743,4511388;1272,-2361825;1596,201777;1660,1891553;1277,-1761783;743,4511388;726,4701415;797,4261381;1549,2181696;1502,4121580;1517,3481457;1554,4941354;1704,861686;1654,3061692;1631,4561353;1618,-211749;1654,3061692;1683,4261327;1794,2571516;1746,2451522;1746,2451522;1721,2571532;1794,2571516;
1596,201777;1549,2181696;1502,4121580;1654,3061692;1654,3061692;1794,2571516;1746,2451522;1746,2451522;1721,2571532;1794,2571516;1097,-1921879;1102,1181870;817,1221717;1328,-1451878;1527,5481430;1608,5641362;1648,5121403;1608,5641362;1688,851748;1627,251759;1622,5031535;1692,5211387;1700,5111323;1692,5211387;1723,1501707;1715,2761637;1753,5031264;1688,851748;1688,851748;1690,5321399;1723,1501707;1737,2511667;1878,3251501;1878,3251501;1834,3551494;1878,3251501;
1596,201777;1502,4121580;1654,3061692;1654,3061692;1102,1181870;1688,851748;1627,251759;1622,5031535;1692,5211387;1692,5211387;1723,1501707;1688,851748;1688,851748;1690,5321399;1723,1501707;1737,2511667;1878,3251501;1878,3251501;1878,3251501;1346,-201872;863,2321767;1091,2431763;1397,3751643;1241,4221679;1374,3911683;1106,5241475;1408,-1051887;1588,2411735;1478,4291631;1611,6071440;1615,5591388;1688,851748;1426,3561730;1616,2561734;1654,3061692;1527,5371451;1650,2961700;1703,4861447;1801,5421367;1723,1501707;1728,2861695;1713,5131421;1811,1221709;1808,2001688;1865,4811504;1824,2921643;1825,4591548;1824,2921643;1956,3101458;
1502,4121580;1654,3061692;1654,3061692;1622,5031535;1737,2511667;1878,3251501;1878,3251501;1878,3251501;1397,3751643;1241,4221679;1374,3911683;1588,2411735;1478,4291631;1611,6071440;1426,3561730;1616,2561734;1654,3061692;1650,2961700;1728,2861695;1865,4811504;1825,4591548;1956,3101458;1160,5561654;1350,5031635;1568,5561516;1270,6861566;1123,4461869;1219,4271842;1212,5051656;1520,5971542;1389,3281967;1569,6231514;1612,5901379;1447,2632029;1460,2552066;1447,2632029;1359,4501654;1612,4761561;1699,1651837;1744,2431694;1798,5831453;1724,5091510;1798,5831453;1811,6161376;1798,5831453;1777,2171797;1871,3631597;1814,5331407;1849,1291753;1848,3111661;1849,1291753;1923,2271711;1848,4851506;1956,2711634;1911,3431481;
1219,4271842;1389,3281967;1569,6231514;1724,5091510;1811,6161376;1923,2271711;1054,4011901;1172,4681879;1327,6321582;1275,7621568;1221,3671903;1076,6931735;1127,3901904;1581,2312089;1626,1982066;1472,2712067;1804,6801459;1624,6001773;1843,6081492;1831,3981894;1874,2662034;1849,3142053;1886,4881580;1889,4101883;1885,5251448;1843,6081492;1895,3911742;2024,2801648;1946,4561583;1967,4381552;
1275,7621568;1076,6931735;1624,6001773;1843,6081492;1874,2662034;1849,3142053;1843,6081492;2024,2801648;1299,7421660;1314,7541622;1061,4621888;1779,7371609;1807,6941410;1740,7271673;1820,6851450;1721,3862134;1920,3342014;1730,5411863;1811,6911585;1870,3811999;1887,3771997;1945,5261884;1829,5921645;1874,2662034;1910,5301876;1961,5461686;1990,3022000;1990,4351983;2172,2671808;1978,4381936;2105,2791746;
----Iteration 9----
624,-3751251;405,2951101;669,170946;777,1261034;705,1631028;633,821061;647,1671044;931,-1481195;955,-1411154;633,821061;727,661108;745,139985;711,155983;1192,-4901313;817,-251187;955,-1411154;966,-1861219;942,451046;966,-1861219;955,-1411154;1185,31033;1218,901023;1189,1171006;1204,104986;
405,2951101;1192,-4901313;817,-251187;602,1231145;524,1321177;405,2951101;632,3121042;666,2741004;1176,-3681355;963,-1661305;806,-151285;1163,-3381333;1176,-3681355;1166,2281077;1209,-631253;1166,2281077;1253,2251094;1265,1931109;1319,1801086;
405,2951101;405,2951101;632,3121042;666,2741004;806,-151285;1166,2281077;1166,2281077;1253,2251094;1265,1931109;1319,1801086;1144,-2061369;625,-1351413;590,-851454;575,251242;568,1321212;617,1411179;573,1681172;568,1321212;1161,-3981448;1144,-2061369;1111,-1331380;924,51255;1200,2341025;1253,2251094;1297,-2291397;1126,-351236;1110,-181398;1253,2251094;1242,1781134;1277,-491313;1218,1591169;1494,-481060;1494,-721109;1490,-31035;1494,-721109;1490,-31035;
632,3121042;806,-151285;1265,1931109;1319,1801086;625,-1351413;590,-851454;1111,-1331380;924,51255;1297,-2291397;1110,-181398;1242,1781134;1218,1591169;1494,-481060;1494,-721109;1490,-31035;1494,-721109;1490,-31035;590,-851454;542,371469;566,1111387;632,3121042;721,-1811585;489,2471181;632,3121042;642,561386;707,2351253;1143,-1471476;1201,3001173;1258,2281097;1297,-2691419;1241,-4851469;1216,-2061515;1259,1391136;1247,-2101376;1456,611149;1291,1161196;1259,1391136;1259,1391136;1336,-2231354;1438,821204;1464,-351343;1512,-1411151;
1111,-1331380;924,51255;1297,-2291397;1110,-181398;542,371469;566,1111387;721,-1811585;642,561386;1143,-1471476;1297,-2691419;1216,-2061515;1247,-2101376;820,-701579;818,-541541;508,-51479;642,561386;508,-51479;645,3601227;653,3151208;763,2851248;907,536893;899,563864;940,-491504;940,-491504;642,561386;695,1041376;645,3601227;962,452896;915,503837;940,-491504;699,311333;839,2461293;1276,-2741504;1256,3031213;1336,11268;1274,2681168;1242,3041172;1377,2601198;1511,921226;1420,2241217;1388,2341242;1521,411253;1420,2241217;1546,-321375;
907,536893;899,563864;962,452896;915,503837;839,2461293;1511,921226;1420,2241217;1388,2341242;1521,411253;1420,2241217;1546,-321375;735,1851428;738,3271416;807,3571343;810,3191336;890,4411164;923,493914;910,4481081;1074,1611522;940,2351335;1128,3951236;1422,1781482;1204,3601233;1211,3761225;1422,1781482;1427,1771515;1304,3351245;1444,1731513;1380,2621257;1462,441638;1455,2161251;1546,-321375;1537,-401394;1580,-481377;
738,3271416;807,3571343;910,4481081;1128,3951236;1204,3601233;1211,3761225;1462,441638;712,2761504;659,4131460;736,3881270;940,534918;924,577897;1053,451976;995,533971;1314,2681459;1110,4461222;1314,2681459;1262,3251479;1211,3871110;1428,3561400;1428,3561400;1481,1921530;1547,2151476;1543,3001393;1604,1501529;1586,1251578;1543,3001393;
1462,441638;659,4131460;1110,4461222;1428,3561400;1428,3561400;1481,1921530;1547,2151476;1543,3001393;1586,1251578;1543,3001393;791,-1951661;692,3761506;613,4371497;837,4601243;982,5361213;1008,4421305;1155,5991116;1271,3681536;1481,1921530;1351,3211578;1347,4231452;1408,1311628;1373,3811403;1501,821599;1509,3261435;1513,2411518;1488,2991469;1551,3541389;1414,3571359;1628,1531532;1593,2201357;1657,1611488;1657,1311559;1627,2041383;
1547,2151476;1543,3001393;1543,3001393;1155,5991116;1513,2411518;1551,3541389;1628,1531532;1657,1611488;1657,1311559;775,-1361724;1054,221711;540,4651546;669,8231116;712,7841203;910,7481255;1259,321699;953,6771227;916,7221197;1508,2071657;1433,4481485;1020,6091034;1409,2531593;1370,3221600;1374,5121539;1350,5431522;1350,5431522;1469,2241598;1394,4631524;1630,861647;1498,4211549;1342,5931518;1513,3751515;1426,4401538;1378,5121472;1634,1161585;1673,2821360;1551,3541389;1649,1291579;1656,661624;1585,3301369;1658,2531448;1658,2531448;
1551,3541389;1657,1611488;1657,1311559;669,8231116;1508,2071657;1370,3221600;1374,5121539;1630,861647;1498,4211549;1342,5931518;1513,3751515;1426,4401538;1551,3541389;1649,1291579;1656,661624;1658,2531448;1658,2531448;1032,1151741;1097,2491701;1049,3191679;1099,2801659;521,5951614;981,8011352;663,8071218;1238,6651559;1040,7471326;1040,7471326;1501,1951703;1409,2611655;1160,6681455;1238,6651559;1496,2361718;1419,5391536;1299,5861546;1355,5531531;1525,1761630;1395,5701519;1632,821654;1594,1751637;1494,4661524;1643,1131629;1621,3351384;1635,1361604;1633,2411598;1505,3741580;1650,2171560;1680,3161413;1530,3661568;1715,2891368;1672,2721414;1681,2401486;1744,2621385;1715,2891368;
