----Iteration 7----
memory=230.36328125,248.046875,261.01953125,266.84375,275.9609375,280.04296875,285.69140625,292.25,297.27734375,296.78515625
time=30.43206810951233,25.58070158958435,28.392003297805786,27.78217339515686,24.18382453918457,21.366695880889893,24.06954312324524,22.583550214767456,24.488282203674316,20.205045461654663
----Iteration 0----
memory=223.7109375,247.71484375,257.5703125,261.29296875,273.21875,281.1484375,287.87109375,295.5078125,298.9453125,300.11328125
time=28.01941990852356,28.69973349571228,20.898998260498047,23.955246925354004,31.71992039680481,30.805661916732788,25.391822814941406,28.361276865005493,20.212913990020752,25.056978702545166
----Iteration 2----
memory=225.69140625,248.2734375,260.7421875,268.828125,277.2109375,283.21484375,291.83203125,296.87890625,299.296875,302.2421875
time=28.825945615768433,27.86709976196289,27.196468830108643,31.51467514038086,29.800931930541992,26.35537028312683,30.981281518936157,21.210829973220825,24.92781901359558,21.840265035629272
----Iteration 3----
memory=234.75,250.375,260.39453125,264.69140625,276.14453125,281.21875,290.69140625,295.828125,296.65625,303.984375
time=33.20103335380554,29.476322650909424,21.198954343795776,26.324268579483032,26.830076456069946,25.704758644104004,32.35763669013977,25.118059158325195,29.76972508430481,21.970288276672363
----Iteration 5----
memory=232.68359375,250.3515625,262.43359375,271.1171875,276.0390625,283.22265625,289.2578125,295.76953125,296.6953125,304.09765625
time=33.584755659103394,29.18893837928772,26.702306747436523,31.031896114349365,21.8542001247406,30.037218809127808,25.776700973510742,21.2839515209198,33.015704870224,22.511576652526855
----Iteration 4----
memory=231.30859375,248.5703125,260.16015625,266.6796875,276.90234375,282.03515625,291.015625,298.58984375,299.2421875,301.30859375
time=32.611045837402344,26.2384672164917,24.858269453048706,28.849542379379272,27.109006881713867,29.646185874938965,31.041234254837036,26.412192344665527,29.568468809127808,20.363579034805298
----Iteration 6----
memory=227.08984375,250.19921875,261.75,269.5625,276.640625,283.1875,288.828125,299.16796875,299.4375,299.01171875
time=28.44467520713806,32.380035400390625,24.715413808822632,30.661200761795044,27.083977937698364,28.80197310447693,23.351404905319214,30.47353219985962,28.346856355667114,22.450299501419067
----Iteration 1----
memory=236.7890625,255.2109375,260.1171875,270.08984375,278.078125,283.12890625,291.73046875,297.3671875,302.13671875,293.84765625
time=36.895259857177734,34.805840253829956,27.955869913101196,23.348167181015015,26.563109397888184,25.5734920501709,26.980910539627075,29.383795976638794,38.01069164276123,12.288311958312988
----Iteration 8----
memory=295.91015625,288.72265625,288.8359375,288.76171875,288.69921875,289.67578125,289.609375,290.265625,290.01953125,292.0703125
time=22.23534631729126,9.341063499450684,7.334458589553833,7.100755929946899,5.344230651855469,6.502951383590698,5.978193521499634,5.7007081508636475,4.087252855300903,6.8394856452941895
----Iteration 9----
memory=291.4296875,288.76953125,288.6953125,288.80078125,288.69921875,289.61328125,289.79296875,288.38671875,291.984375,292.08203125
time=14.640305042266846,7.9378581047058105,7.429382562637329,4.3402392864227295,6.917231321334839,6.407678127288818,5.780896902084351,5.850258827209473,5.329684495925903,5.197177886962891
