----Iteration 3----
memory=199.32421875,214.359375,221.48828125,230.8671875,235.93359375,240.9296875,245.93359375,248.84765625,252.54296875,258.98046875
time=22.244565725326538,15.139263153076172,17.81907033920288,13.216496706008911,15.184834241867065,16.32839059829712,16.242588996887207,14.166376113891602,15.558177947998047,17.158984422683716
----Iteration 6----
memory=202.36328125,215.54296875,223.94140625,233.04296875,238.39453125,242.44140625,247.4453125,250.828125,255.015625,260.03515625
time=24.360223054885864,14.904809951782227,17.874634504318237,17.30736780166626,18.808802366256714,15.841063261032104,16.292951107025146,12.762681007385254,15.366520404815674,15.4832923412323
----Iteration 2----
memory=203.328125,216.9375,226.2265625,231.85546875,236.296875,242.25,246.58203125,251.91796875,257.2578125,260.6328125
time=24.606056690216064,15.58432912826538,19.142818212509155,12.967357873916626,14.417474269866943,19.124552965164185,18.1405611038208,21.827866792678833,13.569407224655151,14.524409055709839
----Iteration 4----
memory=209.21875,220.5,228.51171875,233.65625,239.23828125,243.14453125,248.26953125,253.5703125,258.04296875,260.87890625
time=27.444243669509888,19.80161952972412,15.574823379516602,13.85150957107544,18.61586618423462,14.713284015655518,17.33882236480713,20.80602717399597,14.055238962173462,12.780555725097656
----Iteration 0----
memory=200.80078125,218.2578125,225.26171875,233.84375,240.04296875,245.33984375,249.3125,254.80078125,259.56640625,261.2734375
time=24.147282600402832,17.097932815551758,17.60012936592102,19.235979795455933,19.188130617141724,16.484314680099487,20.43196177482605,19.97885775566101,11.93859338760376,12.409960508346558
----Iteration 1----
memory=206.01171875,219.56640625,229.015625,234.609375,240.328125,246.3125,250.65625,256.37890625,260.05078125,261.2890625
time=26.285849571228027,18.9774386882782,19.113484382629395,16.501708507537842,18.1732759475708,21.62049961090088,19.432449102401733,18.37627673149109,11.941537857055664,9.717627048492432
----Iteration 7----
memory=210.234375,220.5,230.0625,237.828125,245.48828125,249.21484375,254.37109375,259.29296875,261.28125,261.66015625
time=28.66322684288025,18.22089982032776,19.14038348197937,25.420100688934326,22.338637113571167,17.553541898727417,19.17576026916504,13.77951693534851,14.535956382751465,6.657615900039673
----Iteration 5----
memory=207.63671875,220.65625,231.34375,237.703125,244.3515625,248.84765625,251.92578125,258.97265625,261.578125,261.703125
time=26.18819761276245,22.202714920043945,21.212366104125977,21.55022954940796,20.864970445632935,16.100287675857544,16.67581844329834,20.27161693572998,17.50245189666748,10.425125122070312
----Iteration 8----
memory=261.53125,261.56640625,261.64453125,261.6796875,261.73828125,261.8515625,261.99609375,262.0,262.15234375,262.1484375
time=16.45740246772766,8.229507684707642,6.710524797439575,5.3728649616241455,6.24897313117981,5.5325608253479,4.110695123672485,5.156400203704834,4.031326055526733,4.486163377761841
----Iteration 9----
memory=261.59765625,261.62890625,261.56640625,261.66015625,261.796875,262.015625,262.0546875,262.18359375,262.1640625,262.1640625
time=11.740525960922241,8.027213335037231,7.761013984680176,6.517577171325684,6.277408599853516,3.9319686889648438,4.449886322021484,5.492462635040283,5.252997875213623,2.916487693786621
