----Iteration 3----
x_Moead_Rfts=[340, 273, 65, 311, 340, 331, 351, 497, -42, 65, 82, 194, 275, 180, 293, 406, 293, 315, 315, 273, 273, 451, 499, 714, 714, 714, 707, 714, 729, 729, 346, 46, 154, 263, 307, 339, 406, 275, 315, 304, 366, 295, 373, 471, 488, 406, 441, 386, 621, 387, 576, 510, 576, 672, 643, 711, 680, 676, 707, 711, 711]
y_Moead_Rfts=[818, 873, 502, 795, 818, 826, 745, 892, 533, 502, 868, 684, 766, 881, 863, 617, 863, 856, 856, 873, 873, 860, 892, 734, 734, 734, 773, 734, 715, 715, 714, 871, 886, 983, 475, 456, 617, 766, 928, 948, 439, 796, 731, 923, 894, 617, 705, 897, 858, 659, 633, 648, 633, 786, 809, 643, 815, 793, 773, 643, 643]
z_Moead_Rfts=[657, 658, 982, 674, 657, 667, 864, 495, 944, 982, 810, 897, 891, 703, 739, 937, 739, 648, 648, 658, 658, 517, 355, 562, 562, 562, 567, 562, 537, 537, 890, 878, 758, 546, 1020, 1061, 937, 891, 607, 544, 1015, 890, 842, 485, 443, 937, 867, 611, 559, 882, 852, 797, 852, 708, 609, 814, 540, 588, 567, 814, 814]
----Iteration 6----
x_Moead_Rfts=[-215, 308, -232, 288, 234, 572, -52, 116, 478, 491, 610, -178, -88, 77, -88, -49, -41, 411, 531, 508, 642, 596, 565, 569, 612, 595, 639, 665, 673, 684, 77, 0, -215, -251, -247, -342, -90, -87, -242, 3, 131, 135, -67, -158, 60, -2, -73, 36, 177, 135, 98, 111, 195, 316, 331, 422, 140, 308, 585, 474, 458, 411, 401, 563, 470, 570, 585, 585, 521, 552, 596, 570, 585, 627, 778, 732, 759, 805]
y_Moead_Rfts=[914, 758, 1016, 470, 808, 149, 1012, 843, 218, 252, 768, 895, 1024, 639, 1024, 1019, 874, 468, 642, 593, 722, 838, 250, 520, 826, 582, 464, 622, 358, 628, 639, 750, 784, 892, 895, 959, 1118, 1125, 731, 1104, 585, 536, 693, 801, 829, 876, 1158, 1110, 540, 536, 653, 770, 838, 979, 411, 420, 695, 758, 910, 964, 398, 468, 674, 852, 984, 182, 910, 910, 208, 585, 833, 182, 910, 733, 385, 705, 685, 379]
z_Moead_Rfts=[414, 449, 418, 599, 426, 498, 355, 417, 522, 510, 310, 635, 393, 887, 393, 318, 544, 695, 406, 423, 355, 270, 513, 509, 309, 476, 460, 404, 461, 218, 887, 880, 914, 807, 723, 594, 394, 357, 932, 241, 876, 843, 897, 727, 625, 503, 328, 182, 804, 843, 679, 659, 500, 400, 715, 650, 589, 449, 249, 344, 686, 695, 542, 340, 383, 555, 249, 249, 586, 421, 361, 555, 249, 316, 365, 208, 157, 317]
----Iteration 2----
x_Moead_Rfts=[-250, -165, 234, 416, 460, 543, 2, -32, -98, -230, 68, -32, -196, 138, -8, 209, 249, 283, 198, 298, 396, 303, 283, 283, 482, 428, 537, 537, 526, 599, -9, -230, -252, 142, -57, 110, 21, 149, 283, 217, 283, 177, 506, 283, 451, 474, 357, 303, 446, 431, 511, 383, 428, 383, 526, 599, 643, 48, -252, 35, 35, 88, -49, 120, 164, 102, 269, 222, 191, 349, 344, 247, 262, 316, 512, 303, 365, 384, 505, 499, 464, 441, 392, 465, 537, 480, 499, 570, 679, 599]
y_Moead_Rfts=[1228, 1173, 1219, 887, 928, 878, 758, 798, 1041, 1187, 1413, 798, 1116, 869, 1058, 768, 1199, 1203, 811, 733, 1072, 1176, 1203, 1203, 401, 1030, 947, 947, 980, 849, 837, 1187, 1239, 687, 1101, 1322, 1031, 1212, 653, 838, 1203, 1267, 884, 1203, 573, 705, 1085, 1176, 571, 870, 910, 1118, 1030, 1118, 980, 786, 825, 805, 1239, 1334, 1334, 1386, 1232, 1275, 1358, 1353, 658, 1288, 1313, 652, 659, 1068, 1078, 1207, 835, 1176, 1192, 597, 907, 994, 556, 1061, 1116, 533, 919, 995, 994, 854, 799, 849]
z_Moead_Rfts=[880, 871, 582, 776, 708, 514, 1062, 1039, 930, 939, 723, 1039, 892, 885, 911, 889, 715, 596, 907, 815, 654, 621, 596, 596, 792, 656, 647, 647, 603, 566, 964, 939, 930, 1031, 882, 769, 860, 791, 889, 854, 596, 760, 748, 596, 860, 832, 663, 621, 871, 790, 734, 628, 656, 628, 603, 716, 546, 1025, 930, 851, 851, 790, 855, 822, 730, 826, 896, 650, 753, 1016, 874, 772, 754, 578, 769, 621, 604, 863, 751, 698, 893, 613, 559, 890, 725, 524, 698, 560, 594, 566]
----Iteration 4----
x_Moead_Rfts=[150, 598, -120, -268, -313, -22, -30, -187, 185, 180, 175, 367, 688, 715, 89, -297, -216, -26, -166, -313, -139, 184, 300, -79, -197, 71, 31, -1, 444, 336, 326, 594, 390, 581, 601, 636, 650, 674, -297, -195, -9, -43, -90, -16, -255, -119, -34, 154, 320, 79, 326, -9, -18, -16, 91, 91, 470, 62, 104, -15, 7, 254, 484, 223, 248, 219, 292, 548, 438, 301, 560, 433, 517, 521, 650, 542, 641, 650, 683, 610]
y_Moead_Rfts=[658, 676, 924, 1347, 1318, 906, 1296, 1301, 1233, 1238, 1088, 1034, 874, 865, 360, 732, 881, 1010, 1138, 1318, 1397, 1295, 560, 1108, 1158, 1302, 873, 917, 593, 1054, 1158, 589, 1150, 544, 592, 610, 757, 911, 732, 818, 885, 1054, 1100, 1233, 1281, 1366, 1428, 457, 541, 1390, 607, 885, 1195, 1233, 1343, 1343, 517, 1085, 1063, 1210, 1154, 1309, 624, 1037, 1068, 1136, 1226, 613, 648, 1175, 629, 1144, 1115, 1089, 959, 1029, 852, 959, 904, 999]
z_Moead_Rfts=[918, 814, 864, 472, 501, 859, 352, 460, 248, 222, 448, 432, 584, 534, 1024, 981, 902, 830, 798, 501, 329, 218, 965, 792, 819, 349, 854, 851, 959, 453, 89, 896, 201, 921, 849, 829, 776, 648, 981, 956, 897, 849, 838, 744, 653, 426, 290, 1008, 970, 226, 964, 897, 762, 744, 268, 268, 941, 810, 771, 741, 771, 193, 912, 660, 534, 424, 141, 920, 936, 221, 873, 235, 282, 248, 684, 610, 792, 684, 717, 684]
----Iteration 0----
x_Moead_Rfts=[-111, -100, -111, -111, 434, -187, -52, 475, 475, 501, 588, 542, 849, 348, 489, 477, 501, 551, 551, 559, 682, 760, 306, 283, -187, -139, 306, 329, 533, 89, 447, 517, 494, 476, 464, 559, 679, 708, 682, 774, 759, 807, 268, 255, 323, -180, 329, 467, 454, 305, 329, 533, 318, 361, 423, 323, 577, 475, 411, 544, 533, 516, 533, 626, 670, 604, 654, 670, 709, 724, 741, 742, 806, 777]
y_Moead_Rfts=[475, 747, 475, 475, 528, 734, 737, 493, 493, 472, 404, 501, 355, 472, 258, 395, 472, 457, 457, 452, 385, 456, 514, 554, 734, 776, 514, 843, 371, 739, 745, 489, 525, 684, 705, 426, 465, 490, 385, 368, 386, 357, 497, 592, 628, 737, 843, 327, 393, 656, 843, 410, 876, 825, 576, 628, 634, 752, 771, 323, 371, 717, 371, 621, 650, 678, 632, 650, 643, 383, 642, 414, 389, 404]
z_Moead_Rfts=[1104, 681, 1104, 1104, 955, 818, 741, 953, 953, 932, 905, 889, 658, 1051, 1070, 1057, 932, 913, 913, 910, 881, 731, 1087, 1093, 818, 721, 1087, 564, 1060, 715, 665, 914, 902, 637, 709, 945, 898, 827, 881, 919, 850, 663, 1102, 1060, 1042, 771, 564, 1146, 1149, 998, 564, 1052, 673, 619, 967, 1042, 875, 626, 617, 1048, 1060, 624, 1060, 850, 811, 867, 821, 811, 778, 938, 728, 874, 723, 669]
----Iteration 1----
x_Moead_Rfts=[371, 457, 380, 568, 614, 20, 333, 256, 167, 302, 512, 299, 347, 345, 564, 323, 348, 371, 422, 457, 639, 662, 605, 658, 662, 726, 177, 300, 104, 153, 116, -19, 240, 291, 283, 139, 509, 465, 153, 319, 409, 429, 383, 457, 564, 660, 554, 670, 644, 813, 821, 707, 726, 753, 734, 813, 813, 219, 291, 104, -42, 187, 224, 400, 219, 275, 153, 271, 424, 418, 416, 309, 258, 436, 564, 604, 656, 665, 617, 705, 697, 681, 724, 781]
y_Moead_Rfts=[518, 567, 631, 76, 541, 727, 721, 631, 673, 692, 113, 369, 608, 653, 102, 447, 430, 518, 647, 567, 421, 505, 586, 458, 505, 290, 293, 309, 595, 606, 617, 734, 749, 394, 161, 726, 239, 248, 606, 619, 702, 313, 550, 622, 102, 503, 621, 490, 523, 208, 279, 434, 300, 398, 478, 208, 208, 327, 394, 595, 802, 367, 406, 777, 327, 312, 459, 664, 778, 260, 296, 367, 630, 685, 111, 602, 398, 246, 535, 413, 172, 488, 468, 371]
z_Moead_Rfts=[919, 729, 746, 1202, 596, 921, 762, 969, 908, 793, 1169, 1112, 918, 865, 1236, 959, 934, 919, 740, 729, 920, 800, 573, 902, 800, 962, 1370, 1250, 1153, 1129, 1118, 954, 796, 1236, 1279, 1066, 1257, 1262, 1129, 971, 721, 1003, 837, 658, 1236, 803, 596, 829, 620, 1070, 1062, 747, 898, 729, 713, 1070, 1070, 1358, 1236, 1153, 932, 1327, 1221, 722, 1358, 1305, 1236, 944, 672, 1269, 1237, 1186, 1104, 708, 1227, 662, 981, 1155, 852, 974, 1165, 636, 722, 799]
----Iteration 7----
x_Moead_Rfts=[567, 553, 470, 470, 553, 300, 346, 415, 519, 456, 630, 294, 321, 244, 307, 300, 325, 309, 348, 340, 340, 275, 336, 295, 273, 378, 417, 417, 465, 459, 464, 497, 521, 517, 578, 587, 587, 578, 625, 640, 642, 294, 331, 255, 312, 279, 309, 316, 365, 414, 259, 395, 301, 244, 312, 441, 357, 537, 359, 388, 406, 329, 429, 528, 465, 493, 550, 497, 521, 550, 587, 527, 578, 630, 605, 690, 717]
y_Moead_Rfts=[751, 975, 609, 609, 975, 1055, 698, 534, 812, 681, 745, 782, 771, 888, 1014, 1055, 769, 998, 984, 758, 758, 964, 786, 1028, 1053, 764, 983, 983, 568, 827, 1015, 553, 540, 839, 924, 584, 584, 924, 728, 566, 687, 782, 736, 823, 981, 950, 998, 1007, 1124, 1140, 877, 1181, 765, 888, 981, 1157, 1049, 1147, 639, 702, 819, 966, 1079, 1153, 568, 937, 1141, 553, 763, 1141, 584, 537, 587, 853, 958, 652, 669]
z_Moead_Rfts=[707, 513, 897, 897, 513, 862, 1074, 1041, 736, 942, 683, 1117, 1082, 1067, 857, 862, 1097, 904, 888, 1093, 1093, 1026, 1078, 985, 922, 1039, 833, 833, 1028, 911, 702, 983, 955, 751, 636, 874, 874, 636, 744, 872, 693, 1117, 1151, 1153, 1006, 1049, 904, 900, 788, 746, 1063, 722, 1126, 1067, 1006, 698, 850, 620, 1051, 1035, 1013, 960, 758, 667, 1028, 781, 663, 983, 842, 663, 874, 939, 929, 673, 627, 831, 783]
----Iteration 5----
x_Moead_Rfts=[31, 31, 31, 383, -41, 324, 321, 449, 391, 391, 406, 449, 258, 251, 251, 214, 174, 330, 311, 347, 368, 395, 391, 391, 473, 489, 449, 519, 519, 667, 617, 597, 542, 624, 647, 695, 647]
y_Moead_Rfts=[683, 683, 683, 472, 713, 554, 607, 405, 559, 559, 588, 405, 654, 651, 651, 662, 681, 549, 616, 543, 632, 481, 559, 585, 604, 592, 405, 566, 566, 366, 381, 506, 576, 466, 440, 403, 440]
z_Moead_Rfts=[703, 703, 703, 1242, 766, 1233, 1265, 1203, 1203, 1203, 1015, 1203, 1217, 1264, 1264, 1253, 888, 1259, 1218, 1321, 1201, 1200, 1203, 1176, 943, 982, 1203, 1154, 1154, 1227, 1246, 1029, 1071, 1188, 997, 1191, 997]
----Iteration 8----
x_Moead_Rfts=[440, 447, 440, 447, 491, 208, 244, 302, 244, 422, 422, 440, 447, 121, 324, 332, 398, 341, 425, 390, 549, 549, 521, 582, 576, 332, 271, 84, 202, 269, 477, 164, 381, 335, 336, 281, 469, 419, 341, 360, 379, 477, 426, 402, 421, 462, 470, 477, 545, 640, 500, 710, 640, 710, 640, 718, 710, 710, 718]
y_Moead_Rfts=[960, 957, 960, 957, 906, 1048, 1022, 1054, 1022, 977, 977, 863, 957, 1040, 1048, 924, 1037, 918, 984, 806, 851, 851, 889, 828, 834, 924, 1017, 1089, 1097, 1087, 690, 1062, 1087, 859, 992, 1023, 751, 771, 918, 1003, 1054, 690, 1106, 788, 886, 954, 1003, 690, 954, 809, 935, 843, 809, 843, 809, 810, 843, 843, 810]
z_Moead_Rfts=[699, 721, 699, 721, 796, 956, 948, 874, 948, 749, 749, 887, 721, 1017, 929, 1035, 683, 988, 712, 935, 897, 897, 759, 907, 884, 1035, 1091, 967, 935, 916, 1041, 971, 711, 1021, 968, 943, 1057, 1026, 988, 923, 789, 1041, 661, 990, 914, 754, 662, 1041, 735, 912, 785, 836, 912, 836, 912, 867, 836, 836, 867]
----Iteration 9----
x_Moead_Rfts=[370, 360, 360, 360, 391, 293, 342, 408, -23, 200, 80, 137, 320, 328, 349, 328, 365, 435, 419, 435, 408, 538, 567, 435, 540, 564, 200, 144, -71, 25, 86, -27, -1, 137, 137, -23, 342, 115, 293, 339, 339, 115, 365, 339, 361, 320, 344, 435, 539, 479, 522, 539, 522, 583]
y_Moead_Rfts=[580, 588, 588, 588, 587, 566, 657, 547, 911, 756, 1033, 1088, 560, 603, 993, 603, 584, 960, 1014, 960, 547, 808, 799, 960, 863, 809, 756, 887, 1108, 750, 996, 1089, 1088, 1088, 1088, 911, 1007, 1194, 566, 1000, 1000, 1194, 584, 1000, 1038, 560, 952, 960, 772, 951, 880, 772, 880, 756]
z_Moead_Rfts=[1035, 1027, 1027, 1027, 1010, 1165, 1034, 1011, 1097, 1163, 1000, 835, 1117, 1072, 956, 1072, 1104, 887, 887, 887, 1011, 989, 857, 887, 919, 987, 1163, 1178, 1011, 1305, 1073, 993, 904, 835, 835, 1097, 985, 756, 1165, 1022, 1022, 756, 1104, 1022, 885, 1117, 992, 887, 1005, 882, 969, 1005, 969, 953]
----End of Run----
