----Iteration 0----
memory=178.55078125,188.5859375,196.890625,203.0859375,205.703125,209.92578125,213.3125,215.41796875,217.1640625,219.73828125
time=12.321512460708618,10.467484712600708,12.435798406600952,12.016293287277222,7.941965579986572,9.747782468795776,10.524684190750122,9.502373695373535,7.515254497528076,11.088801860809326
----Iteration 6----
memory=179.37109375,189.5625,195.4140625,201.8203125,206.35546875,208.94140625,211.84375,215.08984375,217.421875,220.26171875
time=12.697872877120972,10.674345016479492,10.955162286758423,10.440706968307495,11.072611093521118,8.448117017745972,8.408892393112183,11.156813621520996,11.797728300094604,9.265297651290894
----Iteration 2----
memory=174.625,190.6171875,197.76953125,203.0859375,206.625,210.44921875,214.18359375,216.046875,217.8984375,221.19140625
time=11.525505065917969,12.086234331130981,12.398928880691528,11.63273024559021,9.894803047180176,9.672406196594238,11.354164838790894,9.464025259017944,9.21298623085022,11.080655813217163
----Iteration 7----
memory=177.37890625,188.19140625,197.0859375,203.05859375,207.30859375,210.29296875,214.109375,216.3984375,218.390625,221.12109375
time=12.546075820922852,10.678633451461792,12.808438777923584,11.956939220428467,9.958404064178467,8.75747799873352,11.589327812194824,10.453821182250977,11.948057889938354,10.600524187088013
----Iteration 1----
memory=186.28515625,194.09375,200.328125,204.109375,208.734375,211.6328125,214.9375,217.1328125,219.4296875,221.328125
time=15.421377658843994,14.331616401672363,11.585487365722656,10.417693614959717,11.062412738800049,9.068517208099365,10.950270175933838,10.204103946685791,9.575257539749146,9.614462852478027
----Iteration 5----
memory=182.375,192.12890625,198.25,204.1875,207.7734375,210.95703125,214.97265625,217.2109375,220.4453125,221.16015625
time=13.59567141532898,13.002933025360107,11.510805368423462,13.276969194412231,10.056560754776001,9.459701299667358,11.98210597038269,11.198907613754272,11.879480123519897,7.217595815658569
----Iteration 3----
memory=184.51171875,193.3984375,201.02734375,204.671875,209.62890625,213.23046875,215.58203125,217.78515625,220.6953125,221.36328125
time=14.711824655532837,13.037627220153809,14.173742532730103,12.92900800704956,9.57112979888916,10.42989182472229,11.120849370956421,10.630258798599243,9.591023683547974,7.992466926574707
----Iteration 4----
memory=181.05078125,193.09375,199.04296875,204.0546875,208.30078125,212.91015625,215.69921875,218.35546875,221.16015625,221.16015625
time=13.140044689178467,13.741971731185913,12.045641422271729,11.8934006690979,12.072768926620483,11.583454608917236,12.43691635131836,11.917521953582764,9.223316669464111,7.587806701660156
----Iteration 9----
memory=221.26953125,221.23828125,221.23828125,221.19140625,221.34765625,221.34765625,221.28515625,221.4609375,221.7421875,221.85546875
time=6.941048860549927,3.0016400814056396,2.785078525543213,2.5814521312713623,2.2000350952148438,2.4389922618865967,2.0202295780181885,1.7140698432922363,2.0859625339508057,2.203859806060791
----Iteration 8----
memory=221.17578125,221.17578125,221.2265625,221.1953125,221.3515625,221.3359375,221.46875,221.6328125,221.7265625,221.83984375
time=7.726075172424316,3.0100808143615723,3.221581220626831,2.8131868839263916,1.8798332214355469,2.173067569732666,2.797636032104492,2.286750078201294,2.3060708045959473,1.929072618484497
