----Iteration 7----
x_Moead_Rfts=[1308, 950, 1227, 1317, 1439, 1308, 1638, 1692, 1702, 1720, 1692, 1153, 1111, 1276, 1265, 1098, 1098, 1265, 1265, 1364, 1329, 1424, 1618, 1667, 1701, 1753, 1745, 971, 1008, 1046, 1086, 978, 1020, 1281, 1259, 1232, 1047, 1038, 1069, 1071, 1401, 1086, 1357, 1361, 1265, 1292, 1531, 1525, 1338, 1307, 1683, 1410, 1676, 1650, 1787, 1702, 1525, 1733, 1701, 1626, 1673, 1706, 1811, 1865, 1855, 1881]
y_Moead_Rfts=[573, 393, 188, 564, 750, 573, 477, 526, 444, 499, 526, 759, 714, 779, 100, 558, 558, 100, 100, 181, 389, 247, 602, 563, 423, 521, 524, 301, 332, 542, 644, 795, 840, 865, 141, 187, 575, 584, 673, 762, 6, 644, 821, 365, 662, 611, 750, 61, 506, 656, 722, 366, 468, 742, 206, 444, 61, 81, 423, 601, 556, 700, 159, 458, 368, 414]
z_Moead_Rfts=[1489, 1757, 1712, 1497, 1044, 1489, 1387, 1292, 1432, 1243, 1292, 1411, 1447, 1288, 1690, 1570, 1570, 1690, 1690, 1605, 1637, 1591, 1210, 1226, 1449, 1223, 1161, 1789, 1747, 1718, 1670, 1600, 1564, 1273, 1777, 1766, 1717, 1709, 1683, 1384, 1895, 1670, 1180, 1685, 1529, 1495, 939, 1802, 1599, 1480, 1139, 1576, 1421, 1131, 1542, 1432, 1802, 1626, 1449, 1271, 1318, 1199, 1607, 1411, 1443, 1398]
----Iteration 0----
x_Moead_Rfts=[1728, 1794, 1861, 1610, 1594, 1679, 1707, 1638, 1757, 1924, 1806, 1800, 1851, 1924, 1787, 1898, 1927, 1847, 1868, 1940, 1846, 1970, 2019, 1970, 2005, 2051, 2006, 2007, 2057]
y_Moead_Rfts=[586, -16, 407, 571, 616, 609, 106, 315, 56, 522, 598, 354, 462, 522, 266, 553, 622, 11, 112, 106, 156, 441, 402, 441, 134, 309, 313, 177, 203]
z_Moead_Rfts=[1298, 1730, 1469, 1396, 1369, 1313, 1867, 1708, 1854, 1446, 1201, 1654, 1579, 1446, 1807, 1380, 1095, 1723, 1688, 1625, 1638, 1288, 1303, 1288, 1557, 1509, 1482, 1513, 1465]
----Iteration 2----
x_Moead_Rfts=[1296, 1511, 1280, 1252, 1553, 1702, 1778, 1885, 1776, 1888, 1912, 1074, 1243, 1270, 1268, 1675, 1738, 1665, 1544, 1673, 1677, 1738, 1794, 1847, 1853, 1168, 1175, 1150, 1124, 1171, 1170, 1207, 1168, 1152, 1208, 1369, 1527, 1175, 1312, 1609, 1665, 1563, 1601, 1667, 1636, 1694, 1639, 1736, 1695, 1860, 1739, 1807, 1826, 1952, 1908, 1978, 2020, 1978]
y_Moead_Rfts=[190, 132, 172, 323, 164, -40, -188, 153, -125, -266, -181, 305, 569, 90, 457, 215, 220, 173, 236, 6, 142, 220, 65, -224, -122, 198, 223, 247, 369, 515, 571, 569, 198, 231, 481, 502, 124, 223, 533, 120, 173, 317, 346, 405, -224, -39, 268, -221, 253, -244, 210, 248, -101, 149, 229, 148, 152, 148]
z_Moead_Rfts=[1882, 1888, 1931, 1549, 1863, 1904, 1953, 1485, 1841, 1886, 1835, 1771, 1486, 2285, 1507, 1686, 1465, 1852, 1593, 1905, 1793, 1465, 1788, 2054, 1803, 2028, 1989, 2018, 1728, 1677, 1666, 1631, 2028, 2056, 1656, 1213, 1916, 1989, 1468, 2110, 1852, 1510, 1479, 1092, 2067, 1904, 1590, 1975, 1547, 2145, 1545, 1411, 1832, 1748, 1416, 1735, 1716, 1735]
----Iteration 3----
x_Moead_Rfts=[1624, 1650, 1644, 1644, 1644, 1687, 2024, 1744, 2027, 2027, 2024, 1977, 2027, 2030, 2081, 2123, 2123, 2249, 2249, 2263]
y_Moead_Rfts=[714, 687, 691, 691, 691, 675, 315, 656, 297, 297, 315, 435, 297, 347, 644, 601, 601, 603, 603, 650]
z_Moead_Rfts=[1477, 1450, 1530, 1530, 1530, 1429, 1647, 1404, 1630, 1630, 1647, 1579, 1630, 1572, 1527, 1569, 1569, 1534, 1534, 1484]
----Iteration 5----
x_Moead_Rfts=[1416, 1416, 1710, 1710, 1758, 1582, 1710, 1465, 1498, 1723, 1776, 1723, 1804, 1847, 1875, 2064, 2046, 1707, 1707, 1746, 1746, 1387, 1416, 1417, 1574, 1613, 1710, 1711, 1711, 1755, 1746, 1481, 1949, 1765, 1709, 1684, 1949, 1960, 1868, 2057, 2024, 1981, 2010, 2064, 2011, 2039, 2024, 2045, 2113, 2024, 2113, 2146, 2103, 2145, 2158]
y_Moead_Rfts=[655, 655, 390, 390, 349, 742, 390, 646, 680, 716, 448, 716, 483, 363, 479, 715, 526, 570, 570, 576, 576, 651, 703, 751, 834, 840, 390, 830, 830, 529, 576, 618, 477, 575, 611, 627, 477, 466, 843, 794, 186, 441, 767, 874, 376, 713, 186, 465, 833, 186, 833, 606, 275, 607, 571]
z_Moead_Rfts=[1643, 1643, 1817, 1817, 1791, 1566, 1817, 1632, 1577, 1518, 1753, 1518, 1573, 1785, 1548, 1378, 1512, 1799, 1799, 1756, 1756, 1698, 1627, 1625, 1560, 1517, 1817, 1554, 1554, 1773, 1756, 1679, 1749, 1766, 1689, 1596, 1749, 1741, 1423, 1463, 1699, 1766, 1505, 1363, 1587, 1486, 1699, 1542, 1357, 1699, 1357, 1500, 1520, 1280, 1461]
----Iteration 4----
x_Moead_Rfts=[1541, 1541, 1619, 1649, 1688, 1751, 1688, 1722, 1766, 1751, 1375, 1509, 1487, 1381, 1544, 1540, 1533, 1541, 1604, 1774, 1736, 1766, 1331, 1335, 1359, 1324, 1324, 1497, 1487, 1284, 1289, 1465, 1532, 1307, 1389, 1532, 1530, 1475, 1533, 1504, 1541, 1533, 1556, 1748, 1751, 1764, 1694, 1748, 1861, 1820, 1820, 1861]
y_Moead_Rfts=[868, 868, 703, 656, 756, 647, 756, 730, 640, 647, 497, 972, 994, 469, 457, 658, 732, 868, 748, 869, 661, 640, 534, 544, 764, 720, 720, 944, 994, 508, 583, 858, 955, 511, 707, 955, 440, 828, 918, 586, 868, 918, 407, 911, 647, 634, 859, 911, 765, 783, 783, 765]
z_Moead_Rfts=[1619, 1619, 1683, 1661, 1646, 1690, 1646, 1604, 1707, 1690, 1803, 1590, 1614, 1849, 1750, 1709, 1731, 1619, 1707, 1520, 1655, 1707, 1814, 1797, 1753, 1774, 1774, 1716, 1614, 1939, 1911, 1733, 1708, 1889, 1794, 1708, 1828, 1729, 1615, 1788, 1619, 1615, 1763, 1569, 1690, 1740, 1597, 1569, 1578, 1528, 1528, 1578]
----Iteration 6----
x_Moead_Rfts=[1645, 1597, 1225, 1416, 1518, 1638, 1598, 1688, 1656, 1617, 1764, 1920, 1911, 1911, 2065, 1986, 1966, 2038, 2065, 2000, 2023, 2065, 2065]
y_Moead_Rfts=[783, 824, 131, 248, 705, 778, 810, 827, 800, 773, 779, 698, 715, 715, 747, 527, 603, 603, 747, 574, 761, 747, 747]
z_Moead_Rfts=[1758, 1784, 2052, 1999, 1905, 1832, 1778, 1687, 1721, 1863, 1560, 1866, 1833, 1833, 1777, 1997, 1924, 1916, 1777, 1947, 1804, 1777, 1777]
----Iteration 1----
x_Moead_Rfts=[1580, 1580, 1277, 1277, 1593, 1580, 1277, 1277, 1427, 1460, 1523, 1593, 1558, 1565, 1676, 1218, 1218, 1336, 1256, 1498, 1536, 1524, 1463, 1599, 1526, 1578, 1536, 1578, 1612, 1599, 1554, 1660, 1660, 1719, 1676, 1719]
y_Moead_Rfts=[477, 477, 718, 718, 437, 477, 718, 718, 792, 709, 624, 437, 616, 498, 475, 716, 716, 814, 795, 701, 711, 787, 787, 473, 702, 715, 711, 715, 433, 473, 706, 525, 525, 439, 475, 439]
z_Moead_Rfts=[1906, 1906, 1891, 1891, 1919, 1906, 1891, 1891, 1811, 1911, 1917, 1919, 1951, 1862, 1790, 1956, 1956, 1830, 1932, 1993, 1857, 1858, 1878, 1905, 1884, 1838, 1857, 1838, 1918, 1905, 1839, 1836, 1836, 1809, 1790, 1809]
----Iteration 8----
x_Moead_Rfts=[1646, 1691, 1646, 1668, 1646, 1646, 1688, 1696, 1732, 1428, 1574, 1618, 1425, 1613, 1660, 1618, 1664, 1635, 1646, 1604, 1830, 1785, 1392, 1394, 1428, 1370, 1341, 1341, 1394, 1488, 1475, 1654, 1556, 1563, 1506, 1569, 1476, 1645, 1595, 1614, 1664, 1664, 1645, 1645, 1730, 1688, 1779, 1779, 1753, 1737, 1801, 1744]
y_Moead_Rfts=[302, 243, 302, 298, 302, 302, 296, 271, 244, 436, 334, 326, 741, 330, 267, 326, 239, 202, 302, 371, 110, 166, 459, 420, 436, 585, 618, 618, 420, 604, 622, 268, 378, 396, 490, 573, 597, 288, 327, 566, 239, 239, 527, 527, 240, 319, 224, 224, 315, 238, 184, 227]
z_Moead_Rfts=[1643, 1575, 1643, 1612, 1643, 1643, 1594, 1563, 1529, 1774, 1673, 1710, 1730, 1666, 1824, 1710, 1767, 1891, 1643, 1624, 1606, 1648, 1796, 1787, 1774, 1816, 1799, 1799, 1787, 1613, 1565, 1830, 1736, 1649, 1642, 1622, 1692, 1780, 1800, 1565, 1767, 1767, 1501, 1501, 1739, 1564, 1769, 1769, 1512, 1796, 1621, 1744]
----Iteration 9----
x_Moead_Rfts=[1849, 1234, 1817, 1817, 1849, 1462, 1386, 1362, 1598, 1749, 1749, 1817, 1851, 1905, 1888, 1951, 1978, 1876, 2008, 1592, 1586, 1498, 1303, 1364, 1276, 1340, 1376, 1662, 1620, 1731, 1502, 1671, 1709, 1624, 1628, 1671, 1751, 1799, 1731, 1739, 1853, 1805, 1947, 1865, 1883, 1891, 2051, 1977, 2062, 2084, 1981, 1951, 1966, 1993, 2008, 2076, 2051, 2109]
y_Moead_Rfts=[339, 511, 242, 242, 339, 752, 558, 605, 415, 477, 477, 242, 574, 250, 342, 459, 183, 586, 441, 332, 359, 505, 543, 599, 612, 642, 647, 667, 738, 372, 406, 396, 551, 575, 651, 653, 258, 260, 372, 455, 650, 291, 489, 277, 497, 562, 176, 218, 301, 164, 434, 459, 450, 369, 441, 195, 405, 274]
z_Moead_Rfts=[1395, 1562, 1526, 1526, 1395, 1085, 1480, 1452, 1528, 1399, 1399, 1526, 1062, 1515, 1369, 1184, 1516, 1044, 1190, 1698, 1687, 1705, 1547, 1460, 1472, 1431, 1307, 1241, 1090, 1643, 1624, 1519, 1484, 1453, 1254, 1203, 1623, 1568, 1643, 1480, 1042, 1502, 1326, 1514, 1394, 1108, 1503, 1535, 1330, 1575, 1197, 1184, 1215, 1342, 1190, 1486, 1209, 1425]
----End of Run----
