----Iteration 3----
-133,265691;146,140533;-135,398933;-84,385562;-1,615292;19,302157;197,266488;-71,-55706;-246,550307;96,35231;
-186,639496;-92,616523;-92,616523;-105,579571;-92,616523;52,675493;308,435460;-6,742316;274,433513;308,435460;308,435460;308,435460;316,402491;413,182529;413,182529;316,402491;
-92,616523;-92,616523;-105,579571;-92,616523;52,675493;308,435460;-6,742316;308,435460;308,435460;308,435460;316,402491;413,182529;413,182529;316,402491;-183,541664;-140,665542;-237,683587;-214,688501;-120,761457;-98,761326;-504,347674;-479,343713;-235,703478;-98,637536;-80,644511;29,679504;-50,573551;-92,616523;286,443518;34,676393;92,617408;92,617408;92,617408;262,442568;389,508418;434,537389;238,411575;389,508418;308,435460;414,513404;306,433511;434,537389;341,407477;423,124474;462,478383;397,475449;475,473354;475,473354;475,473354;
-105,579571;52,675493;-6,742316;316,402491;413,182529;413,182529;316,402491;-183,541664;-237,683587;-120,761457;-98,761326;-479,343713;-235,703478;29,679504;92,617408;92,617408;92,617408;262,442568;238,411575;341,407477;462,478383;397,475449;475,473354;475,473354;475,473354;-234,638615;-35,702561;-115,749454;-163,777390;-228,535686;-228,535686;-234,638615;73,702476;-82,747381;220,399614;106,403645;75,537600;23,688542;56,669515;42,720436;231,442585;306,473545;282,432561;334,382563;411,580387;337,456483;438,538414;466,173507;374,388450;418,514429;361,597363;418,514429;411,580387;527,416384;527,416384;456,520340;527,416384;
-105,579571;52,675493;316,402491;413,182529;413,182529;316,402491;-183,541664;-237,683587;-479,343713;29,679504;262,442568;238,411575;341,407477;462,478383;397,475449;475,473354;475,473354;475,473354;-234,638615;-228,535686;-228,535686;-234,638615;73,702476;220,399614;106,403645;75,537600;23,688542;56,669515;42,720436;231,442585;306,473545;282,432561;334,382563;411,580387;337,456483;438,538414;466,173507;374,388450;418,514429;361,597363;418,514429;411,580387;527,416384;527,416384;456,520340;527,416384;-93,149807;-110,238859;-52,469707;-334,643651;-334,643651;22,746567;-297,597685;27,467667;11,779523;64,538630;-48,544600;42,607563;219,349704;57,555585;52,584553;96,652465;219,349704;79,572571;231,612403;194,658369;194,658369;219,349704;342,498454;372,594403;421,590378;280,397659;301,401590;337,456483;372,594403;311,362589;408,595338;372,594403;533,114503;595,408320;527,416384;527,133457;554,391428;627,196454;595,408320;634,199407;
316,402491;413,182529;413,182529;316,402491;262,442568;238,411575;341,407477;462,478383;397,475449;475,473354;475,473354;475,473354;73,702476;220,399614;75,537600;23,688542;42,720436;231,442585;306,473545;282,432561;334,382563;411,580387;337,456483;438,538414;374,388450;418,514429;361,597363;418,514429;411,580387;527,416384;527,416384;456,520340;527,416384;22,746567;-297,597685;11,779523;64,538630;219,349704;219,349704;79,572571;231,612403;219,349704;342,498454;372,594403;421,590378;280,397659;301,401590;337,456483;372,594403;311,362589;408,595338;372,594403;595,408320;527,416384;554,391428;627,196454;595,408320;634,199407;111,397797;-117,464780;-94,516773;-182,548733;-157,658663;-68,740587;-68,740587;-152,836402;150,375871;-254,547798;-53,718606;142,442757;80,478708;-18,582682;61,644607;41,683606;100,700517;206,304729;219,349704;108,445740;87,565561;215,687383;215,687383;241,349702;442,555361;324,604438;311,362589;284,404562;442,172557;340,578460;374,343458;509,113553;538,200511;571,427280;596,208503;582,413349;629,380364;595,408320;629,380364;639,378320;
462,478383;397,475449;475,473354;475,473354;475,473354;411,580387;361,597363;411,580387;527,416384;527,416384;527,416384;372,594403;421,590378;372,594403;408,595338;372,594403;595,408320;527,416384;554,391428;595,408320;111,397797;-94,516773;150,375871;-254,547798;142,442757;80,478708;-18,582682;206,304729;108,445740;442,555361;324,604438;340,578460;538,200511;571,427280;596,208503;582,413349;629,380364;595,408320;629,380364;639,378320;106,354885;150,375871;-78,504812;-104,522788;-166,550742;-153,727695;141,805677;-1,884307;-2,917238;-137,642687;148,792643;-1,884307;245,846614;189,835637;253,359707;141,805677;287,818608;287,818608;206,304729;287,818608;323,373681;396,535624;287,818608;308,687669;338,431648;408,595338;408,595338;397,143586;476,354576;418,366501;457,545441;408,595338;524,117588;420,559382;524,210557;555,455322;558,432309;555,455322;582,413349;642,257460;
462,478383;527,416384;527,416384;527,416384;595,408320;527,416384;554,391428;595,408320;-94,516773;-254,547798;142,442757;538,200511;571,427280;596,208503;582,413349;595,408320;639,378320;-78,504812;-104,522788;141,805677;-1,884307;-2,917238;-1,884307;245,846614;189,835637;141,805677;308,687669;476,354576;457,545441;524,117588;524,210557;555,455322;558,432309;555,455322;582,413349;642,257460;-4,487848;-109,572792;164,640748;88,690700;19,779726;108,801695;245,846614;245,846614;205,623752;141,805677;70,887291;195,401893;195,401893;43,650741;339,389747;339,389747;327,423708;384,541672;340,818657;443,577627;385,736518;426,420707;434,734486;463,367645;452,450589;486,233640;463,455473;495,594323;489,300494;518,499332;505,583370;634,393369;568,450293;
595,408320;554,391428;595,408320;571,427280;596,208503;582,413349;595,408320;639,378320;141,805677;-2,917238;141,805677;524,117588;524,210557;582,413349;642,257460;108,801695;141,805677;195,401893;195,401893;340,818657;634,393369;568,450293;195,401893;-66,541914;55,806764;220,361896;141,775748;273,873658;65,502982;105,790777;220,361896;311,795674;340,818657;331,826667;421,642855;359,781699;420,803540;351,745864;421,642855;497,892495;455,563765;446,647557;561,843421;482,580717;482,580717;472,606496;561,843421;455,563765;490,571675;512,799437;508,553621;523,438568;561,843421;548,243524;562,820418;
340,818657;141,775748;273,873658;65,502982;105,790777;311,795674;340,818657;331,826667;421,642855;359,781699;420,803540;351,745864;421,642855;497,892495;561,843421;561,843421;512,799437;561,843421;562,820418;-42,533944;65,502982;2,865812;-42,844826;82,868810;56,878725;196,918293;201,418961;194,684897;275,766891;180,881703;304,382939;293,863739;406,617937;293,863739;315,856648;315,856648;273,873658;273,873658;423,676832;451,860517;435,894470;465,602810;477,838537;499,892355;492,619762;488,655693;561,843421;532,663661;714,734562;492,619762;529,739610;664,714581;714,734562;714,734562;664,714581;707,773567;669,705591;714,734562;729,715537;729,715537;
340,818657;273,873658;65,502982;311,795674;340,818657;331,826667;351,745864;497,892495;-42,533944;65,502982;82,868810;194,684897;275,766891;180,881703;293,863739;406,617937;293,863739;315,856648;315,856648;273,873658;273,873658;451,860517;499,892355;714,734562;714,734562;714,734562;707,773567;714,734562;729,715537;729,715537;346,714890;46,871878;154,886758;263,983546;307,4751020;339,4561061;406,617937;275,766891;315,928607;304,948544;366,4391015;295,796890;373,731842;471,923485;488,894443;406,617937;441,705867;386,897611;621,858559;387,659882;576,633852;510,648797;576,633852;672,786708;643,809609;711,643814;680,815540;676,793588;707,773567;711,643814;711,643814;
----Iteration 6----
-279,328893;15,-128667;229,378595;277,66192;37,-339748;38,463572;-293,534263;54,449-135;-517,438623;-38,154642;296,418-150;-384,543376;266,-128530;-310,60928;-190,-57659;
-238,455134;-252,47094;-288,49646;-288,49646;-389,699543;-4,367503;-439,507595;-44,378142;-274,48186;113,514-41;170,91437;109,453-10;219,88533;389,362234;462,373219;
-389,699543;-439,507595;113,514-41;170,91437;219,88533;462,373219;-371,627530;-397,746441;-447,790305;-291,727300;27,353544;-323,665499;-407,775361;-344,750279;-371,627530;29,334530;8,465520;-134,595212;-166,834198;-133,645-23;138,140494;35,581109;166,120448;253,170370;199,73615;264,64453;178,205277;164,50032;113,514-41;349,26384;349,26384;301,38347;446,439157;413,370262;381,25334;398,451120;446,439157;454,430115;
-389,699543;-439,507595;170,91437;219,88533;462,373219;-371,627530;-397,746441;-447,790305;-323,665499;-407,775361;-371,627530;-134,595212;-166,834198;-133,645-23;138,140494;35,581109;166,120448;199,73615;264,64453;413,370262;381,25334;73,396597;-333,672470;-397,746441;-447,790305;-333,672470;-447,790305;-369,860210;118,311629;91,320679;81,345655;89,462506;-260,758285;-240,891153;95,420549;-143,712378;-178,737441;95,420549;5,542262;2,634132;82,641-48;54,469520;35,581109;121,634-81;285,285350;470,422198;207,66609;376,265428;446,526235;411,554249;446,526235;481,242308;464,567136;509,521112;
-389,699543;462,373219;-371,627530;-397,746441;-323,665499;-407,775361;-371,627530;-166,834198;199,73615;413,370262;73,396597;-333,672470;-397,746441;-333,672470;89,462506;-240,891153;95,420549;-143,712378;-178,737441;95,420549;54,469520;470,422198;207,66609;446,526235;411,554249;446,526235;481,242308;464,567136;509,521112;-32,451655;-32,451655;-42,478641;3,484619;-322,582629;-320,582551;-251,1009325;-251,1009325;-251,1009325;-251,1009325;-247,969307;-64,392713;-247,969307;118,327726;-247,969307;-247,969307;119,331712;92,368663;-88,832260;-88,832260;140,286789;54,469520;242,268587;258,368504;264,290566;273,353467;316,603-10;213,765339;280,82496;383,270443;399,314411;383,576266;352,587305;434,579108;446,301389;
-389,699543;462,373219;-397,746441;-323,665499;-166,834198;73,396597;-333,672470;-397,746441;-333,672470;89,462506;95,420549;-143,712378;-178,737441;95,420549;54,469520;470,422198;464,567136;509,521112;-32,451655;-32,451655;-42,478641;3,484619;-322,582629;-320,582551;-251,1009325;-251,1009325;-251,1009325;-251,1009325;-247,969307;-64,392713;-247,969307;118,327726;-247,969307;-247,969307;119,331712;92,368663;-88,832260;-88,832260;140,286789;54,469520;258,368504;264,290566;273,353467;213,765339;383,270443;352,587305;446,301389;12,441663;-64,392713;-359,628595;-414,693587;-359,628595;-445,806499;-363,921397;-251,1009325;-361,850400;-360,928360;36,335702;-70,434670;-329,600628;-410,644554;-414,693587;-245,898310;-157,920193;140,286789;149,326685;-28,851160;344,821235;344,821235;263,359658;211,395583;147,521464;408,576334;269,265566;290,19516;307,345507;459,740254;432,746302;415,318421;391,257461;488,371387;502,290418;645,508104;657,484103;
-389,699543;462,373219;73,396597;-333,672470;-333,672470;89,462506;54,469520;-32,451655;-32,451655;-42,478641;3,484619;-251,1009325;-251,1009325;-251,1009325;-251,1009325;-247,969307;-64,392713;-247,969307;118,327726;-247,969307;-247,969307;119,331712;92,368663;140,286789;54,469520;213,765339;352,587305;446,301389;12,441663;-64,392713;-359,628595;-414,693587;-359,628595;-445,806499;-251,1009325;36,335702;-414,693587;-157,920193;140,286789;149,326685;-28,851160;344,821235;344,821235;263,359658;211,395583;147,521464;408,576334;459,740254;432,746302;415,318421;488,371387;502,290418;645,508104;657,484103;-33,333785;-368,637682;-434,736556;-447,877496;-215,914414;-273,998418;-36,436684;-247,960369;-233,623731;-262,632584;-383,697506;98,813378;-71,869280;-32,891178;196,256667;294,388627;71,560460;-30,666566;131,91594;294,388627;242,424552;308,758449;353,391554;294,388627;349,749276;423,230515;401,428550;432,746302;513,686166;486,692214;454,210494;645,508104;486,692214;620,213279;602,505211;620,213279;595,548139;601,527122;642,502150;673,248232;
-32,451655;-32,451655;-42,478641;3,484619;-64,392713;118,327726;119,331712;92,368663;140,286789;446,301389;12,441663;-64,392713;-445,806499;36,335702;140,286789;344,821235;344,821235;263,359658;147,521464;415,318421;488,371387;502,290418;645,508104;657,484103;-33,333785;-447,877496;-215,914414;-36,436684;-233,623731;-71,869280;294,388627;71,560460;-30,666566;131,91594;294,388627;308,758449;353,391554;294,388627;423,230515;401,428550;513,686166;454,210494;645,508104;620,213279;602,505211;620,213279;595,548139;601,527122;642,502150;673,248232;-26,409698;-386,679667;-330,696626;-451,828556;-232,1016418;59,320770;-329,656697;-206,978369;-161,960211;193,348687;-230,641625;-239,659639;-152,781562;103,820431;39,941223;239,327685;288,470599;9,442662;234,808426;344,821235;348,410595;348,410595;409,244584;348,734366;442,755304;458,816257;416,725337;454,210494;508,799281;572,149498;562,226431;544,645169;573,191465;544,645169;604,148448;731,167235;595,548139;
-32,451655;-32,451655;-42,478641;3,484619;-64,392713;118,327726;119,331712;140,286789;12,441663;-64,392713;-445,806499;36,335702;140,286789;147,521464;-33,333785;-447,877496;-215,914414;-36,436684;-233,623731;294,388627;131,91594;294,388627;308,758449;353,391554;294,388627;423,230515;401,428550;-26,409698;-451,828556;-232,1016418;59,320770;-206,978369;-230,641625;-239,659639;-152,781562;103,820431;288,470599;9,442662;234,808426;348,410595;348,410595;409,244584;348,734366;416,725337;572,149498;573,191465;-318,661799;-311,700746;-314,722735;-432,732590;-413,933458;-97,1043311;-283,702714;-52,1012355;35,981241;165,227698;282,406688;-32,634639;111,749582;116,843417;45,971333;80,950285;137,763440;272,824345;317,381626;364,359616;409,842288;450,869255;409,244584;401,498518;416,725337;500,852279;478,218522;513,838286;491,252510;610,768310;566,292480;641,567321;611,381456;668,596177;662,402265;714,576186;747,256258;
118,327726;119,331712;140,286789;140,286789;-215,914414;308,758449;423,230515;-232,1016418;-239,659639;-152,781562;288,470599;234,808426;348,734366;416,725337;572,149498;-318,661799;-311,700746;-314,722735;-413,933458;-97,1043311;-283,702714;-52,1012355;35,981241;165,227698;111,749582;116,843417;45,971333;409,842288;450,869255;401,498518;416,725337;500,852279;478,218522;513,838286;491,252510;610,768310;747,256258;-178,895635;-88,1024393;77,639887;111,749582;-88,1024393;-49,1019318;-72,653734;-41,874544;137,828490;320,953366;122,954246;111,749582;320,953366;411,468695;449,921235;531,642406;471,791327;564,884225;508,593423;642,722355;596,838270;461,192546;565,250513;569,520509;612,826309;564,884225;595,582476;639,464460;665,622404;673,358461;729,677191;684,628218;740,544143;
-215,914414;308,758449;-232,1016418;288,470599;234,808426;572,149498;-52,1012355;116,843417;478,218522;491,252510;610,768310;-178,895635;-88,1024393;77,639887;-88,1024393;-49,1019318;-41,874544;411,468695;531,642406;508,593423;642,722355;596,838270;565,250513;569,520509;612,826309;595,582476;639,464460;665,622404;673,358461;684,628218;77,639887;0,750880;-215,784914;-251,892807;-247,895723;-342,959594;-90,1118394;-87,1125357;-242,731932;3,1104241;131,585876;135,536843;-67,693897;-158,801727;60,829625;-2,876503;-73,1158328;36,1110182;177,540804;135,536843;98,653679;111,770659;195,838500;316,979400;331,411715;422,420650;140,695589;308,758449;585,910249;474,964344;458,398686;411,468695;401,674542;563,852340;470,984383;570,182555;585,910249;585,910249;521,208586;552,585421;596,833361;570,182555;585,910249;627,733316;778,385365;732,705208;759,685157;805,379317;
----Iteration 2----
-93,426253;-139,484322;38,572207;186,363227;89,377428;191,197517;-202,530497;-103,457590;-135,641284;-327,63796;180,225357;269,-19320;10,304737;23,239576;
-259,720442;-259,720442;-358,209655;150,347553;192,305517;39,683350;150,347553;150,347553;39,683350;150,347553;158,314584;229,594453;158,314584;237,561484;214,229628;223,255604;325,368473;325,368473;
-259,720442;-259,720442;-358,209655;39,683350;39,683350;229,594453;237,561484;325,368473;325,368473;-259,720442;-241,765421;-235,625361;-60,785306;-214,586464;-109,774330;32,705286;108,674289;221,408648;157,623357;258,666257;250,365619;186,443629;229,594453;229,594453;250,365619;266,434555;262,659250;274,431618;262,659250;291,301527;293,564268;281,598229;312,420460;327,483308;327,483308;
229,594453;237,561484;221,408648;250,365619;229,594453;229,594453;250,365619;274,431618;-68,559639;-256,865771;-323,938670;174,374676;-212,525654;-16,1047411;-131,814555;-63,723580;-37,1128419;25,1051288;25,1051288;174,374676;80,580628;-82,791472;74,1008317;221,408648;229,594453;164,746232;78,988278;221,408648;196,465662;80,580628;200,518644;213,727254;139,900379;122,936332;303,388589;380,589465;261,697400;353,551479;285,698350;322,520566;337,555524;
-16,1047411;-37,1128419;25,1051288;25,1051288;200,518644;303,388589;380,589465;353,551479;285,698350;322,520566;-307,936753;21,912559;-7,1064336;-258,505840;-33,877711;-167,953704;160,675622;-72,883698;-145,911792;255,512721;138,645669;119,1013457;119,1013457;119,1013457;143,1039445;143,1039445;244,967512;244,967512;274,719619;285,481622;365,531553;348,605528;334,636432;369,626358;385,550472;
-33,877711;-167,953704;-145,911792;255,512721;-280,646864;-244,714854;-321,1017802;-233,1092793;-238,579811;58,1187522;-197,555807;-150,924720;-217,963798;88,1182495;17,493856;182,512792;204,532756;-35,911730;57,1177618;178,1114399;90,1074641;182,1086454;178,1114399;267,1016555;267,1016555;231,1033575;276,965543;267,1016555;395,785671;391,805710;395,785671;
-33,877711;-145,911792;-280,646864;-244,714854;88,1182495;17,493856;182,512792;-35,911730;57,1177618;90,1074641;267,1016555;267,1016555;231,1033575;276,965543;267,1016555;395,785671;391,805710;395,785671;-180,621902;-244,714854;-190,1122809;-150,1095770;-187,1127788;83,1195538;125,1167532;25,491829;57,1177618;71,1245563;125,1167532;-33,877711;-105,1001759;383,913620;205,1135497;130,1156459;278,595757;209,1047687;205,1135497;431,484781;310,929596;339,952546;355,653749;383,913620;276,965543;380,851727;395,785671;
182,512792;-35,911730;57,1177618;-150,1095770;57,1177618;209,1047687;431,484781;-151,1054873;-195,1033887;-250,1228880;-15,1324621;-15,1324621;-15,1324621;105,583945;-130,1058871;66,1292567;66,1292567;-40,783957;-165,1173871;95,1288578;95,1288578;106,587931;115,571917;-46,1048845;152,1249576;174,1249574;159,677812;184,1190602;193,1230499;193,1230499;169,1155676;311,1074640;234,1219582;238,1199543;413,1022621;431,484781;416,887776;385,1071622;476,824705;413,1022621;518,804682;469,979589;460,928708;476,824705;543,878514;
-250,1228880;105,583945;-165,1173871;106,587931;115,571917;174,1249574;193,1230499;193,1230499;311,1074640;234,1219582;416,887776;476,824705;518,804682;460,928708;476,824705;543,878514;2,7581062;-32,7981039;-98,1041930;-230,1187939;-88,1256807;120,1309703;50,1368744;68,1413723;-274,1202892;89,1327766;203,519974;-32,7981039;-196,1116892;-113,1226833;212,503960;138,869885;-8,1058911;171,1302705;226,470996;209,768889;122,1305751;249,1199715;283,1203596;266,620902;198,811907;254,1026734;298,733815;396,1072654;379,1115616;303,1176621;283,1203596;283,1203596;482,401792;446,567812;470,970696;428,1030656;379,1115616;537,947647;537,947647;526,980603;599,849566;
-250,1228880;-165,1173871;193,1230499;193,1230499;234,1219582;416,887776;518,804682;460,928708;543,878514;2,7581062;-32,7981039;-98,1041930;-230,1187939;-88,1256807;120,1309703;50,1368744;68,1413723;89,1327766;-32,7981039;-196,1116892;-113,1226833;138,869885;-8,1058911;171,1302705;226,470996;209,768889;122,1305751;249,1199715;283,1203596;266,620902;198,811907;254,1026734;298,733815;396,1072654;303,1176621;283,1203596;283,1203596;482,401792;470,970696;428,1030656;537,947647;537,947647;526,980603;599,849566;-9,837964;-230,1187939;-252,1239930;93,1305800;93,1305800;71,1363747;142,6871031;-88,1256807;223,613981;-57,1101882;93,1305800;101,1353727;110,1322769;89,1327766;226,470996;233,507958;21,1031860;149,1212791;283,653889;217,838854;283,1203596;177,1267760;291,644847;506,884748;283,1203596;451,573860;474,705832;357,1085663;359,1142591;303,1176621;446,571871;431,870790;511,910734;383,1118628;428,1030656;441,1050544;383,1118628;526,980603;599,786716;489,991592;643,825546;
-250,1228880;-165,1173871;234,1219582;416,887776;460,928708;543,878514;2,7581062;-32,7981039;-98,1041930;-230,1187939;68,1413723;-32,7981039;-196,1116892;138,869885;-8,1058911;209,768889;249,1199715;283,1203596;198,811907;298,733815;396,1072654;303,1176621;283,1203596;283,1203596;482,401792;428,1030656;537,947647;537,947647;526,980603;599,849566;-9,837964;-230,1187939;-252,1239930;142,6871031;-57,1101882;110,1322769;21,1031860;149,1212791;283,653889;217,838854;283,1203596;177,1267760;506,884748;283,1203596;451,573860;474,705832;357,1085663;303,1176621;446,571871;431,870790;511,910734;383,1118628;428,1030656;383,1118628;526,980603;599,786716;643,825546;48,8051025;-252,1239930;35,1334851;35,1334851;88,1386790;-49,1232855;120,1275822;164,1358730;102,1353826;269,658896;222,1288650;191,1313753;349,6521016;344,659874;247,1068772;262,1078754;316,1207578;512,835769;303,1176621;365,1192604;384,597863;505,907751;499,994698;464,556893;441,1061613;392,1116559;465,533890;537,919725;480,995524;499,994698;570,854560;679,799594;599,849566;
----Iteration 4----
-19,586238;230,426349;182,511143;75,283399;-212,390483;-137,406358;244,217351;-133,194773;-315,367631;-157,240625;-494,866522;-420,426404;132,-239605;71,335575;-309,-79888;191,-10601;149,239562;251,36125;
182,372670;-233,808441;-233,808441;-233,808441;-216,1140334;-212,1091301;-216,1140334;45,766567;-80,1133256;-61,996334;192,548615;163,600744;183,655619;-5,783543;211,589580;144,696597;62,737525;240,425425;266,463381;266,463381;183,655619;327,415258;327,415258;
182,372670;-216,1140334;-212,1091301;-216,1140334;45,766567;-80,1133256;192,548615;163,600744;183,655619;-5,783543;183,655619;98,75803;114,440766;-38,913447;-195,1047282;-205,1052296;99,80779;6,911460;-180,1045346;181,363757;191,337720;6,911460;-24,1036285;-48,1030443;221,605593;212,712597;120,783534;256,481515;276,479394;256,481515;330,702319;225,646373;
-216,1140334;-212,1091301;-216,1140334;45,766567;-80,1133256;192,548615;163,600744;183,655619;-5,783543;183,655619;98,75803;114,440766;-38,913447;99,80779;6,911460;181,363757;6,911460;-24,1036285;-48,1030443;221,605593;212,712597;120,783534;256,481515;256,481515;99,80779;-97,844629;-167,881571;-138,999495;-212,1091301;181,363757;-162,1031527;-172,1070381;233,397747;-140,876642;-171,1069504;-144,1089331;-86,796617;-97,844629;2,986432;-81,1062372;234,635585;16,1030273;235,655554;240,909502;234,635585;264,649477;319,797433;245,954364;319,797433;434,641287;333,764469;363,788428;377,755464;396,654293;434,641287;441,554273;460,595238;441,554273;
45,766567;-80,1133256;163,600744;183,655619;-5,783543;183,655619;-38,913447;6,911460;6,911460;221,605593;212,712597;120,783534;-97,844629;-162,1031527;-140,876642;-171,1069504;-86,796617;-97,844629;2,986432;234,635585;235,655554;240,909502;234,635585;319,797433;245,954364;319,797433;434,641287;333,764469;363,788428;377,755464;434,641287;460,595238;112,266922;71,413860;-147,869658;-212,931558;-131,1029504;-210,1199448;-173,1224376;-260,1249400;130,291906;255,569693;-234,1239430;-173,1224376;-138,909600;-45,1119460;-173,1224376;179,375792;-113,813630;69,1120213;258,544789;-61,872553;187,829530;55,1090347;215,1048152;265,431770;158,1025327;291,469726;332,514678;245,954364;257,1030176;332,759498;364,685518;408,676513;377,755464;408,676513;333,764469;434,630464;460,578379;531,538350;531,538350;
45,766567;-80,1133256;163,600744;183,655619;183,655619;212,712597;-97,844629;-162,1031527;-171,1069504;-86,796617;-97,844629;2,986432;240,909502;245,954364;112,266922;-131,1029504;-173,1224376;-260,1249400;130,291906;-234,1239430;-173,1224376;-45,1119460;-173,1224376;-113,813630;69,1120213;258,544789;-61,872553;187,829530;55,1090347;215,1048152;158,1025327;245,954364;257,1030176;408,676513;408,676513;531,538350;531,538350;-222,792790;-149,870760;-149,870760;-249,1049509;-203,1096498;-206,1215469;-210,1227389;55,540937;8,598961;-149,870760;-126,964675;-133,1218364;140,301897;87,525892;-195,769771;-82,1160455;-86,1172375;130,291906;40,1074393;52,1196210;250,450795;158,1025327;187,1088191;268,564784;222,584775;179,786553;257,907495;334,504794;356,534747;317,686600;403,830522;242,970490;339,570700;377,504714;443,511702;432,676500;469,631482;432,676500;495,652449;448,669503;495,652449;
212,712597;-86,796617;2,986432;240,909502;112,266922;-131,1029504;-173,1224376;-260,1249400;130,291906;-234,1239430;-173,1224376;-45,1119460;-173,1224376;69,1120213;-61,872553;55,1090347;215,1048152;158,1025327;257,1030176;-149,870760;-149,870760;-203,1096498;-206,1215469;-210,1227389;55,540937;8,598961;-149,870760;-126,964675;-133,1218364;140,301897;87,525892;-82,1160455;-86,1172375;130,291906;40,1074393;52,1196210;158,1025327;187,1088191;257,907495;317,686600;403,830522;242,970490;15,601945;-96,853840;-186,925751;-118,984583;-202,1037539;-150,1095528;-387,1267468;-259,769869;54,1183344;149,332871;126,642848;284,1134141;222,322819;188,713689;138,1019396;214,1073197;236,1146104;365,871564;505,972364;482,952404;598,801575;587,635808;505,972364;635,576720;
2,986432;240,909502;-173,1224376;-260,1249400;-234,1239430;-173,1224376;-45,1119460;-173,1224376;55,1090347;158,1025327;-206,1215469;-210,1227389;8,598961;-133,1218364;-82,1160455;-86,1172375;40,1074393;158,1025327;187,1088191;257,907495;403,830522;242,970490;15,601945;-96,853840;-186,925751;-150,1095528;-387,1267468;54,1183344;284,1134141;222,322819;138,1019396;214,1073197;236,1146104;365,871564;505,972364;482,952404;598,801575;505,972364;635,576720;76,348968;-242,774913;-186,925751;-165,1028683;-165,1033592;-156,1034571;-114,1165522;-173,1198493;70,1231336;159,484958;150,658918;-91,803836;-96,892832;-151,1073543;-76,1150481;123,1228192;211,553948;-44,879791;-71,1014683;-39,982645;148,1166216;134,1168136;205,896624;250,914470;199,1012361;270,1067159;417,1044192;453,1022228;447,908451;587,749713;529,932389;598,676814;606,706731;
240,909502;-173,1224376;-173,1224376;-45,1119460;-173,1224376;-206,1215469;8,598961;-133,1218364;-82,1160455;-86,1172375;187,1088191;257,907495;242,970490;15,601945;-150,1095528;54,1183344;284,1134141;214,1073197;236,1146104;505,972364;482,952404;505,972364;635,576720;76,348968;-242,774913;-165,1028683;-114,1165522;-173,1198493;70,1231336;159,484958;150,658918;-151,1073543;-76,1150481;211,553948;-71,1014683;-39,982645;205,896624;250,914470;417,1044192;453,1022228;447,908451;587,749713;598,676814;606,706731;-120,924864;-161,962826;-175,1089732;-230,1147550;-265,1200586;-268,1347472;-313,1318501;118,519960;-22,906859;-140,981764;-236,1122754;-236,1122754;-30,1296352;-187,1301460;185,1233248;180,1238222;410,562855;-16,947685;-97,1053681;108,1120394;225,1225159;279,870654;175,1088448;444,550830;367,1034432;325,1096179;444,550830;410,562855;389,1077162;340,1093148;585,716755;482,952404;453,1022228;541,950400;453,1022228;688,874584;658,885643;715,865534;
-173,1224376;-173,1224376;-45,1119460;-173,1224376;-206,1215469;8,598961;-133,1218364;242,970490;15,601945;505,972364;482,952404;505,972364;-242,774913;150,658918;-71,1014683;598,676814;-120,924864;-265,1200586;-268,1347472;-313,1318501;-22,906859;-30,1296352;-187,1301460;185,1233248;180,1238222;108,1120394;225,1225159;175,1088448;367,1034432;482,952404;541,950400;688,874584;715,865534;89,3601024;-297,732981;-216,881902;-26,1010830;-166,1138798;-313,1318501;99,423978;-139,1397329;184,1295218;300,560965;-79,1108792;-197,1158819;-57,1205549;71,1302349;31,873854;-1,917851;-12,1011767;444,593959;170,944565;336,1054453;326,115889;594,589896;315,822752;399,989483;390,1150201;581,544921;601,592849;467,1092260;489,1092258;467,1092260;604,758712;482,952404;516,964282;636,610829;682,876581;650,757776;647,928661;674,911648;682,876581;
150,658918;598,676814;-120,924864;-268,1347472;-313,1318501;-22,906859;-30,1296352;-187,1301460;185,1233248;180,1238222;175,1088448;367,1034432;688,874584;715,865534;89,3601024;-297,732981;-216,881902;-26,1010830;-166,1138798;-313,1318501;-139,1397329;184,1295218;300,560965;-79,1108792;-197,1158819;71,1302349;31,873854;-1,917851;444,593959;336,1054453;326,115889;594,589896;390,1150201;581,544921;601,592849;636,610829;650,757776;674,911648;-297,732981;-195,818956;-9,885897;-43,1054849;-90,1100838;-16,1233744;-255,1281653;-119,1366426;-34,1428290;154,4571008;320,541970;79,1390226;326,607964;-9,885897;-18,1195762;-16,1233744;91,1343268;91,1343268;470,517941;62,1085810;104,1063771;-15,1210741;7,1154771;254,1309193;484,624912;223,1037660;248,1068534;219,1136424;292,1226141;548,613920;438,648936;301,1175221;560,629873;433,1144235;517,1115282;521,1089248;650,959684;542,1029610;641,852792;650,959684;683,904717;610,999684;
----Iteration 0----
-461,652540;-84,378384;-79,240681;154,205729;-155,108780;211,448128;522,152255;-279,287587;206,149460;-39,402289;-431,417733;-293,427267;-354,399413;34,345365;-38,364548;
-161,514325;-316,487411;-158,460454;-102,491363;-82,472398;-82,472398;-72,460433;-72,460433;-87,371502;-72,460433;7,439444;-72,460433;-76,323457;44,351411;-30,456402;129,321371;152,253574;227,314452;227,314452;263,290475;
-337,512600;-135,174657;-240,561534;-74,549362;266,518527;331,510541;274,536515;311,357586;311,357586;346,461543;343,454580;346,461543;
-337,512600;-240,561534;331,510541;346,461543;343,454580;346,461543;-88,210683;-116,230694;-457,536560;-26,140674;-194,647375;-196,779408;-152,755301;-114,331616;-162,769351;-147,705297;-147,705297;-1,126629;228,333608;246,546448;245,526593;289,478600;290,545543;227,590457;310,496564;340,517517;343,415588;381,482515;
-152,755301;-162,769351;-168,389969;-238,417886;-238,417886;-232,588599;-188,818409;-188,818409;-288,420934;-122,741302;-57,349794;-115,690252;63,401762;63,401762;109,392773;322,688495;453,586711;322,688495;410,462741;355,607430;445,427760;458,561711;
453,586711;410,462741;458,561711;-112,4801043;-160,4901078;-420,499772;-229,660649;-170,829552;-145,844506;-111,4751104;-160,4901078;-422,519767;-356,597702;-89,810540;-37,222929;266,573766;-164,604646;-56,742506;-48,723459;5,202906;5,202906;361,246877;373,352828;408,692592;551,442809;294,574738;383,706637;599,432774;453,586711;634,397793;599,432774;599,432774;681,358798;
-112,4801043;-160,4901078;-170,829552;-145,844506;-111,4751104;-160,4901078;-89,810540;408,692592;383,706637;599,432774;599,432774;599,432774;681,358798;-82,4321075;-160,4901078;-160,4901078;-112,4801043;-158,548942;-208,706701;-100,747681;-104,780608;-140,815553;-85,824415;-111,4751104;-155,4861009;-50,4171030;349,1821053;249,3711105;-111,4751104;2,594834;2,594834;5,733658;84,713540;-60,739621;341,307974;238,4041061;434,528955;493,552872;410,577821;84,713540;265,800509;344,654728;442,636738;435,650775;505,541800;578,416870;574,473818;498,593715;519,577704;538,570720;672,397846;690,430789;690,430789;690,430789;
-112,4801043;-160,4901078;-170,829552;-145,844506;-111,4751104;-160,4901078;-89,810540;383,706637;599,432774;599,432774;599,432774;681,358798;-160,4901078;-160,4901078;-112,4801043;-158,548942;-100,747681;-104,780608;-140,815553;-111,4751104;349,1821053;249,3711105;-111,4751104;5,733658;-60,739621;341,307974;238,4041061;434,528955;493,552872;410,577821;265,800509;344,654728;442,636738;435,650775;505,541800;578,416870;574,473818;498,593715;519,577704;538,570720;672,397846;690,430789;690,430789;690,430789;-160,4901078;20,5161026;27,519979;10,596836;-187,734818;-52,737741;-156,771677;-182,809645;33,4741101;12,623829;372,717645;229,826461;391,1401017;266,4411025;418,697654;361,566845;451,629751;475,493953;475,493953;501,472932;487,479905;511,638690;588,404905;542,501889;799,372634;596,539669;538,570720;849,355658;
-170,829552;-145,844506;-111,4751104;-89,810540;383,706637;-158,548942;-100,747681;-104,780608;-140,815553;-111,4751104;249,3711105;-111,4751104;5,733658;-60,739621;238,4041061;434,528955;493,552872;410,577821;265,800509;344,654728;442,636738;435,650775;578,416870;574,473818;498,593715;519,577704;538,570720;672,397846;690,430789;690,430789;690,430789;10,596836;-187,734818;-52,737741;-156,771677;-182,809645;33,4741101;12,623829;372,717645;229,826461;418,697654;361,566845;451,629751;475,493953;475,493953;501,472932;487,479905;511,638690;588,404905;542,501889;799,372634;538,570720;849,355658;-158,548942;-32,592875;28,676825;-152,813586;198,5321090;-126,623857;-105,766664;175,778571;-52,849390;348,4721051;395,581837;446,630790;130,675766;372,717645;327,748601;237,775567;489,2581070;477,3951057;409,739612;501,472932;551,457913;458,694600;458,694600;551,457913;559,452910;626,553771;505,666664;638,389886;692,371855;636,541806;556,565733;682,385881;686,495760;626,553771;719,365807;760,456731;725,500685;692,371855;753,333806;753,333806;
-111,4751104;-100,747681;-104,780608;-111,4751104;249,3711105;-111,4751104;434,528955;493,552872;410,577821;442,636738;498,593715;538,570720;-187,734818;-52,737741;-182,809645;33,4741101;12,623829;361,566845;451,629751;475,493953;475,493953;501,472932;511,638690;588,404905;542,501889;799,372634;538,570720;849,355658;28,676825;-152,813586;-126,623857;-105,766664;175,778571;348,4721051;395,581837;446,630790;327,748601;237,775567;489,2581070;477,3951057;501,472932;551,457913;551,457913;559,452910;626,553771;505,666664;692,371855;636,541806;556,565733;682,385881;686,495760;626,553771;760,456731;725,500685;692,371855;33,4741101;306,5141087;283,5541093;49,5791015;274,6111002;310,606994;-187,734818;-139,776721;284,874520;306,5141087;329,843564;533,3711060;435,678802;89,739715;447,745665;517,489914;494,525902;476,684637;504,691598;464,705709;559,426945;679,465898;574,555770;504,691598;576,583718;522,625624;708,490827;635,552743;682,385881;774,368919;759,386850;706,530606;731,472711;807,357663;
-111,4751104;-100,747681;-111,4751104;-111,4751104;434,528955;-187,734818;-52,737741;475,493953;475,493953;501,472932;588,404905;542,501889;849,355658;348,4721051;489,2581070;477,3951057;501,472932;551,457913;551,457913;559,452910;682,385881;760,456731;306,5141087;283,5541093;-187,734818;-139,776721;306,5141087;329,843564;533,3711060;89,739715;447,745665;517,489914;494,525902;476,684637;464,705709;559,426945;679,465898;708,490827;682,385881;774,368919;759,386850;807,357663;268,4971102;255,5921060;323,6281042;-180,737771;329,843564;467,3271146;454,3931149;305,656998;329,843564;533,4101052;318,876673;361,825619;423,576967;323,6281042;577,634875;475,752626;411,771617;544,3231048;533,3711060;516,717624;533,3711060;626,621850;670,650811;604,678867;654,632821;670,650811;709,643778;724,383938;741,642728;742,414874;806,389723;777,404669;
----Iteration 1----
-400,513336;-73,281449;-149,439586;-239,541139;-325,446391;-19,293353;-28,207701;43,182630;371,-97546;-136,241563;-112,400404;58,279407;33,528302;121,452251;-281,791115;282,234544;-31,391318;-55,360430;
2,367463;-80,48984;-95,33985;-80,48984;-30,171033;6,56979;-30,171033;18,51967;71,-401000;29,2972;191,206899;239,343744;239,221852;203,234860;277,360729;416,307749;375,280782;416,307749;
-30,171033;6,56979;-30,171033;18,51967;71,-401000;29,2972;191,206899;239,343744;277,360729;416,307749;375,280782;416,307749;-247,1121050;-276,1161039;-274,1541021;-130,120937;-86,285818;25,383686;25,383686;-21,403677;-7,404640;247,444467;-60,251020;-130,120937;18,336815;-60,251020;-68,58989;282,453399;-60,251020;105,136934;-60,251020;91,-631036;442,257685;351,364606;399,396490;399,396490;263,258896;378,341587;411,384475;575,212817;575,212817;644,198783;624,186786;
239,343744;277,360729;416,307749;375,280782;416,307749;25,383686;25,383686;-21,403677;-7,404640;282,453399;351,364606;263,258896;-246,1181078;-246,1181078;-68,345981;-58,398909;-220,402982;-95,442869;313,448610;313,448610;-132,1831024;-114,365972;59,558541;-33,2731023;134,1751060;263,258896;234,362857;337,208931;386,417452;293,217936;454,204893;483,185880;602,267706;528,397603;527,212867;653,209861;570,269666;666,233856;673,236809;697,190843;
263,258896;-246,1181078;-246,1181078;-68,345981;-220,402982;313,448610;313,448610;-114,365972;59,558541;134,1751060;263,258896;234,362857;337,208931;293,217936;528,397603;653,209861;673,236809;697,190843;-68,345981;59,449938;22,498888;5,534841;59,558541;-32,2791051;49,424969;22,498888;106,503802;190,541624;90,553559;154,-361057;154,1151034;197,411807;283,469654;259,497525;260,476587;154,-361057;283,469654;408,228917;496,361749;483,372631;453,420537;497,441523;528,397603;594,242910;638,229876;609,290853;545,368561;667,176897;680,155935;666,256857;710,169881;
263,258896;263,258896;234,362857;22,498888;5,534841;22,498888;594,242910;609,290853;680,155935;666,256857;184,1731243;53,484897;267,538822;120,600783;287,575799;329,554622;211,1901195;73,4601034;127,501879;144,2811087;207,435978;253,587806;301,571813;558,420780;566,483711;470,241978;514,433814;623,112945;620,227983;622,195993;631,427745;566,483711;756,176919;652,289821;566,483711;679,285819;652,289821;785,190905;723,272785;750,242903;
594,242910;609,290853;680,155935;666,256857;184,1731243;287,575799;329,554622;211,1901195;73,4601034;144,2811087;207,435978;253,587806;301,571813;566,483711;470,241978;620,227983;622,195993;631,427745;566,483711;652,289821;566,483711;679,285819;652,289821;785,190905;723,272785;750,242903;184,1731243;195,2191208;31,3781172;210,598869;7,720868;211,1901195;31,3781172;347,518902;119,2981112;142,444966;310,515930;134,636819;211,1901195;382,1031056;417,1871016;347,548835;575,1441004;575,1441004;574,279874;512,444804;535,524704;664,1411039;586,435822;579,548617;579,548617;535,524704;580,450747;750,242903;730,292779;664,1411039;773,221927;817,208893;
609,290853;184,1731243;287,575799;211,1901195;253,587806;301,571813;566,483711;470,241978;620,227983;631,427745;566,483711;652,289821;566,483711;679,285819;652,289821;723,272785;184,1731243;7,720868;211,1901195;310,515930;211,1901195;382,1031056;417,1871016;347,548835;575,1441004;575,1441004;512,444804;535,524704;664,1411039;586,435822;579,548617;579,548617;535,524704;580,450747;730,292779;664,1411039;773,221927;817,208893;200,3031232;32,3841200;32,3841200;115,5191054;253,499973;205,645910;7,720868;-15,745778;233,4831014;7,720868;199,3391128;236,625898;205,645910;312,2061087;305,2081100;255,435973;371,518919;457,567729;380,631746;560,911173;482,465836;537,554641;607,981049;568,761202;664,1411039;582,234979;561,438762;614,541596;676,1691000;672,288930;619,437795;679,485630;801,194997;730,292779;767,226998;774,246907;710,441710;749,369685;770,200964;754,248917;788,216916;
470,241978;620,227983;310,515930;535,524704;664,1411039;579,548617;579,548617;535,524704;730,292779;664,1411039;773,221927;817,208893;200,3031232;32,3841200;32,3841200;115,5191054;253,499973;205,645910;-15,745778;233,4831014;199,3391128;205,645910;312,2061087;305,2081100;255,435973;371,518919;457,567729;380,631746;482,465836;537,554641;568,761202;664,1411039;582,234979;614,541596;679,485630;801,194997;730,292779;767,226998;774,246907;710,441710;749,369685;770,200964;754,248917;788,216916;146,2321314;219,2821295;32,3841200;-103,5431068;57,678971;57,678971;20,727921;160,3961109;333,721762;258,2751262;352,1491219;146,4491055;256,631969;167,673908;302,692793;352,1491219;512,1131169;299,3691112;347,608918;345,653865;564,1021236;460,2481068;323,447959;348,430934;371,518919;533,594659;422,647740;636,1541079;457,567729;636,1541079;579,548617;616,1411089;639,421920;662,505800;605,586573;672,1951034;658,458902;662,505800;747,2141001;726,290962;689,473665;710,441710;801,194997;
535,524704;579,548617;579,548617;535,524704;730,292779;253,499973;205,645910;233,4831014;205,645910;255,435973;371,518919;457,567729;380,631746;482,465836;537,554641;568,761202;614,541596;679,485630;730,292779;219,2821295;20,727921;160,3961109;333,721762;258,2751262;256,631969;167,673908;302,692793;512,1131169;299,3691112;347,608918;345,653865;564,1021236;323,447959;348,430934;371,518919;533,594659;422,647740;636,1541079;457,567729;636,1541079;579,548617;639,421920;662,505800;605,586573;658,458902;662,505800;726,290962;177,2931370;300,3091250;83,4031185;104,5951153;153,6061129;116,6171118;-19,734954;240,749796;207,2881343;291,3941236;283,1611279;139,7261066;509,2391257;465,2481262;153,6061129;319,619971;409,702721;429,3131003;383,550837;457,622658;424,642656;564,1021236;611,1631080;660,503803;620,1611143;554,621596;624,1261118;670,490829;644,523620;813,2081070;821,2791062;707,434747;726,300898;753,398729;734,478713;813,2081070;813,2081070;
371,518919;457,567729;380,631746;568,761202;614,541596;20,727921;333,721762;256,631969;167,673908;302,692793;512,1131169;299,3691112;347,608918;345,653865;564,1021236;323,447959;348,430934;371,518919;422,647740;457,567729;639,421920;662,505800;605,586573;658,458902;662,505800;726,290962;177,2931370;300,3091250;104,5951153;153,6061129;116,6171118;-19,734954;240,749796;291,3941236;283,1611279;139,7261066;509,2391257;465,2481262;153,6061129;319,619971;409,702721;429,3131003;383,550837;457,622658;564,1021236;660,503803;554,621596;670,490829;644,523620;813,2081070;821,2791062;707,434747;726,300898;753,398729;734,478713;813,2081070;813,2081070;219,3271358;291,3941236;104,5951153;-42,802932;187,3671327;224,4061221;400,777722;219,3271358;275,3121305;153,4591236;271,664944;424,778672;418,2601269;416,2961237;309,3671186;258,6301104;436,685708;564,1111227;604,602662;656,398981;665,2461155;617,535852;705,413974;697,1721165;681,488636;724,468722;781,371799;
----Iteration 7----
-95,594676;275,455171;175,370336;30,424184;218,143322;72,401309;120,224342;-254,668702;5,482-173;41,145579;1,546624;119,255340;98,184535;135,214490;
152,764228;152,764228;201,743257;152,764228;140,604469;190,577446;240,562427;201,743257;190,577446;190,577446;201,743257;451,735423;
451,735423;133,792292;132,830292;132,830292;207,804250;162,763292;207,804250;247,840196;230,775257;247,840196;248,803178;248,803178;346,454523;299,861102;345,843119;470,689444;386,819115;502,649475;485,678517;453,718486;451,735423;471,731411;490,672520;
451,735423;346,454523;386,819115;502,649475;485,678517;453,718486;451,735423;490,672520;92,817386;88,869355;125,886317;130,777424;101,822379;206,757441;278,885283;309,578522;237,858316;347,885214;309,578522;309,578522;449,637521;485,678517;465,693515;367,822374;453,718486;390,776415;475,732480;524,663469;473,806404;503,691442;549,646444;
92,817386;101,822379;278,885283;237,858316;347,885214;367,822374;473,806404;77,823390;144,867360;130,915325;103,898373;39,832445;92,817386;367,548622;346,777530;330,901240;481,737559;481,737559;466,743579;415,829372;511,706605;464,800481;511,706605;492,736575;464,800481;511,706605;511,706605;549,649590;528,677563;559,621468;
278,885283;347,885214;103,898373;330,901240;282,637708;110,785649;91,917537;91,917537;75,927489;199,977361;259,969281;303,925259;247,895401;330,901240;479,855360;527,734640;538,740621;435,874378;479,855360;509,777627;525,809581;537,669695;479,855360;571,676617;554,735588;479,855360;576,772554;564,795565;564,795565;525,809581;550,835511;610,630573;576,772554;576,772554;
91,917537;91,917537;75,927489;199,977361;259,969281;509,777627;564,795565;564,795565;550,835511;91,917537;159,876784;192,851779;55,941514;295,945304;391,942443;204,741752;455,812562;411,865511;420,906452;457,671841;548,809595;578,656721;492,882438;579,745659;529,836472;529,836472;567,751707;554,827511;607,625695;586,781556;621,747620;
509,777627;564,795565;564,795565;159,876784;457,671841;548,809595;578,656721;579,745659;567,751707;554,827511;607,625695;586,781556;621,747620;166,873784;166,873784;139,903762;222,1060724;282,981755;266,1029717;266,1029717;374,7631014;226,862787;378,1007712;378,1007712;393,988687;341,775875;412,967735;458,661850;410,696871;454,934593;553,975513;470,609897;410,696871;458,817605;470,609897;477,855566;553,975513;538,831527;561,954504;553,577723;621,747620;579,745659;561,954504;614,744667;645,642680;
457,671841;578,656721;567,751707;607,625695;586,781556;621,747620;374,7631014;378,1007712;378,1007712;393,988687;341,775875;412,967735;458,661850;454,934593;553,975513;470,609897;470,609897;553,975513;561,954504;621,747620;561,954504;645,642680;336,7601078;300,874914;302,907872;307,1047826;398,1130655;301,1089783;300,1055862;408,1088640;290,6561101;307,1047826;398,1130655;408,1088640;298,6401140;307,781971;302,874881;540,1026496;346,6981074;415,5341041;421,746875;322,881736;431,968589;519,812736;507,973568;517,1052471;456,681942;580,893573;543,533754;563,922615;571,902514;598,618729;630,745683;662,613638;
567,751707;586,781556;621,747620;378,1007712;378,1007712;553,975513;470,609897;470,609897;553,975513;561,954504;621,747620;561,954504;645,642680;300,874914;307,1047826;398,1130655;301,1089783;300,1055862;408,1088640;307,1047826;398,1130655;408,1088640;298,6401140;540,1026496;346,6981074;415,5341041;519,812736;507,973568;517,1052471;456,681942;580,893573;630,745683;662,613638;294,7821117;321,7711082;244,8881067;235,8891049;307,1014857;300,1055862;385,1093703;385,1093703;325,7691097;309,998904;348,984888;358,1115663;340,7581093;340,7581093;275,9641026;352,1154679;454,1105587;336,7861078;295,1028985;273,1053922;378,7641039;320,8071003;417,983833;417,983833;417,1041660;496,1085564;465,5681028;459,827911;464,1015702;497,553983;532,1041467;521,540955;517,839751;543,929620;578,924636;587,584874;587,584874;578,924636;625,728744;640,566872;642,687693;
567,751707;553,975513;470,609897;470,609897;553,975513;300,1055862;346,6981074;415,5341041;519,812736;456,681942;630,745683;294,7821117;321,7711082;244,8881067;307,1014857;300,1055862;325,7691097;309,998904;348,984888;340,7581093;340,7581093;275,9641026;336,7861078;295,1028985;273,1053922;378,7641039;417,983833;417,983833;465,5681028;459,827911;464,1015702;497,553983;521,540955;517,839751;578,924636;587,584874;587,584874;578,924636;625,728744;640,566872;642,687693;294,7821117;331,7361151;255,8231153;312,9811006;279,9501049;309,998904;316,1007900;365,1124788;414,1140746;259,8771063;395,1181722;301,7651126;244,8881067;312,9811006;441,1157698;357,1049850;537,1147620;359,6391051;388,7021035;406,8191013;329,966960;429,1079758;528,1153667;465,5681028;493,937781;550,1141663;497,553983;521,763842;550,1141663;587,584874;527,537939;578,587929;630,853673;605,958627;690,652831;717,669783;
----Iteration 5----
-254,405505;-286,494341;-473,604612;-21,51459;239,399648;-367,-154767;-185,566-43;-105,533258;-488,74737;49,42166;-52,382689;257,299583;-50,544199;-99,422277;-133,448465;
-149,107844;-191,311440;-191,311440;-213,403426;-234,412461;28,285825;32,265786;74,182794;78,162755;121,230709;139,310666;190,318294;192,360233;
74,182794;78,162755;139,310666;-15,112884;-15,112884;73,473855;131,446559;125,270747;263,367309;
131,446559;263,367309;-409,517692;-409,517692;-14,131896;-383,479724;-383,479724;80,475879;80,475879;-14,131896;115,447865;115,447865;99,459826;62,194888;157,405829;115,447865;157,405829;210,242807;164,266831;188,336803;179,374672;208,245736;210,242807;314,293323;
131,446559;263,367309;80,475879;80,475879;115,447865;115,447865;99,459826;157,405829;115,447865;157,405829;164,266831;188,336803;179,374672;314,293323;-7,245959;115,447865;-366,514823;-298,600705;-18,589797;-18,589797;34,495870;110,170896;110,170896;85,211974;80,475879;152,140868;157,405829;174,431822;164,266831;115,447865;196,319756;232,312746;256,289811;232,312746;345,283685;346,287671;345,283685;355,257648;
80,475879;80,475879;115,447865;115,447865;99,459826;157,405829;115,447865;157,405829;115,447865;-298,600705;-18,589797;-18,589797;34,495870;110,170896;110,170896;85,211974;80,475879;152,140868;157,405829;174,431822;115,447865;23,288964;-14,540841;-14,540841;-18,589797;60,291938;-22,410893;66,536800;32,548807;90,439883;76,524835;152,140868;136,419892;136,419892;120,484790;194,287863;194,287863;198,352855;141,450849;162,442754;220,286848;180,439751;271,267832;271,267832;398,355814;271,267832;398,355814;362,377778;445,302787;456,378757;434,348804;434,348804;456,378757;
80,475879;80,475879;-18,589797;-18,589797;34,495870;80,475879;-14,540841;-14,540841;-18,589797;66,536800;32,548807;76,524835;136,419892;136,419892;398,355814;398,355814;445,302787;456,378757;434,348804;434,348804;456,378757;120,364951;82,429938;19,454887;-44,627765;-54,639730;117,2941074;158,2561112;99,3081071;-14,540841;-14,540841;21,612738;21,612738;173,1801097;133,489834;115,547776;158,2561112;155,336937;159,507731;215,1381061;185,376921;216,484872;403,212955;356,397850;356,397850;339,444883;276,241923;434,348804;368,228848;381,402847;458,411715;450,432647;
-18,589797;-18,589797;-14,540841;-14,540841;-18,589797;32,548807;76,524835;398,355814;398,355814;445,302787;456,378757;434,348804;434,348804;456,378757;-44,627765;-14,540841;-14,540841;21,612738;21,612738;133,489834;185,376921;216,484872;403,212955;356,397850;356,397850;339,444883;434,348804;381,402847;458,411715;450,432647;190,2751129;241,3581118;47,522931;-26,670725;31,683703;31,683703;49,643733;241,3581118;155,482998;193,507817;101,560655;65,602702;241,3581118;252,3741101;197,547812;196,552793;252,3741101;339,444883;241,507767;370,234970;370,234970;349,394897;339,444883;235,486784;370,234970;313,475867;370,234970;364,306946;381,402847;370,268935;413,267863;450,432647;401,458678;
21,612738;21,612738;-26,670725;31,683703;31,683703;49,643733;-10,605808;-36,629767;31,683703;10,620792;268,5571225;86,628726;130,588681;359,5381177;383,4721242;406,587945;502,547985;513,504967;452,567954;459,5471129;553,3301144;523,4351101;502,547985;586,3081129;588,4341112;586,3081129;
-26,670725;31,683703;31,683703;49,643733;31,683703;383,4721242;502,547985;513,504967;452,567954;459,5471129;553,3301144;523,4351101;502,547985;586,3081129;588,4341112;586,3081129;245,6391205;-41,713766;245,6391205;245,6391205;324,5541233;321,6071265;272,6221192;449,4051203;391,5591203;391,5591203;340,6221105;406,5881015;449,4051203;602,2851116;428,586914;453,562959;453,562959;502,547985;602,2851116;588,4341112;587,2311185;598,456983;588,4341112;624,4271102;624,4271102;
31,683703;31,683703;31,683703;383,4721242;-41,713766;324,5541233;321,6071265;449,4051203;391,5591203;391,5591203;406,5881015;449,4051203;258,6541217;251,6511264;251,6511264;214,6621253;174,681888;330,5491259;311,6161218;347,5431321;368,6321201;395,4811200;391,5591203;391,5851176;473,604943;489,592982;449,4051203;519,5661154;519,5661154;667,3661227;617,3811246;597,5061029;542,5761071;624,4661188;647,440997;695,4031191;647,440997;
----Iteration 8----
193,39770;-84,348832;106,241558;229,318413;-57,258656;286,62415;272,31376;-170,390435;31,477371;265,119230;-339,367457;-333,665380;124,28445;186,343306;69,51424;-475,598640;
85,299490;-10,509524;3,132518;211,313376;3,132518;85,299490;125,665485;125,665485;28,115493;125,665485;167,623449;167,623449;
102,278725;75,295738;102,278725;-17,270827;134,708525;134,708525;122,275825;20,392768;134,708525;183,318701;301,665662;301,665662;363,676601;363,676601;
102,278725;75,295738;102,278725;122,275825;-42,789436;-42,789436;-150,738480;2,780431;102,278725;29,435808;171,726579;11,289872;171,726579;171,726579;391,707596;380,725642;380,725642;415,689696;380,725642;369,713720;417,615652;
122,275825;11,289872;391,707596;380,725642;380,725642;415,689696;380,725642;369,713720;417,615652;-184,712762;52,802585;-129,711796;-37,735692;133,873512;160,890464;141,849499;160,890464;192,646821;251,638773;318,714703;382,797559;372,822535;382,797559;406,642705;336,734647;406,642705;389,794581;397,647728;415,700685;406,642705;
11,289872;133,873512;160,890464;160,890464;382,797559;372,822535;382,797559;389,794581;215,803777;21,865568;44,885537;62,892535;-6,445919;-17,478875;62,892535;215,803777;352,855505;288,869529;334,883461;215,803777;306,831753;306,831753;428,759821;320,795701;347,841694;428,759821;375,796694;473,728865;429,767733;456,736848;466,731843;473,728865;473,728865;
-6,445919;-17,478875;428,759821;428,759821;473,728865;456,736848;466,731843;473,728865;473,728865;-6,445919;140,811820;182,870745;222,998733;222,998733;44,418896;156,859812;113,862807;28,914777;266,979715;140,811820;222,998733;266,979715;341,803863;396,853807;440,960699;374,928730;417,940725;473,728865;433,751860;396,853807;447,957721;473,689873;428,759821;408,808748;519,782809;519,782809;
473,728865;473,728865;473,728865;222,998733;222,998733;266,979715;222,998733;266,979715;341,803863;440,960699;374,928730;417,940725;473,728865;433,751860;447,957721;473,689873;60,976876;164,1021795;204,1015783;132,968904;283,1039637;222,998733;172,759981;200,7261013;350,877831;295,954860;266,979715;411,964688;283,1039637;301,676991;295,954860;301,676991;363,735982;314,901808;417,940725;397,855814;440,960699;433,712868;447,957721;473,689873;491,906796;473,689873;499,887760;568,789837;541,806850;541,806850;508,825827;568,789837;
440,960699;447,957721;200,7261013;350,877831;363,735982;314,901808;440,960699;447,957721;491,906796;499,887760;568,789837;541,806850;541,806850;508,825827;568,789837;127,9911038;208,1048956;327,1056701;206,936971;244,1022948;302,1054874;244,1022948;319,7541000;406,1002654;408,754932;317,7591006;422,977749;422,977749;408,754932;350,877831;440,863887;443,967662;454,664898;447,957721;492,926765;520,799872;492,926765;520,799872;595,759859;582,714884;595,759859;
440,960699;447,957721;350,877831;363,735982;440,960699;447,957721;491,906796;499,887760;127,9911038;208,1048956;327,1056701;206,936971;244,1022948;302,1054874;244,1022948;406,1002654;408,754932;422,977749;422,977749;408,754932;350,877831;440,863887;443,967662;447,957721;492,926765;492,926765;166,945994;104,9711064;72,10101036;121,10401017;195,1065923;372,1075651;324,1048929;332,9241035;398,1037683;427,7101010;311,946931;365,1064700;429,743968;341,918988;330,987841;425,984712;390,806935;453,695932;429,743968;449,932727;549,851897;549,851897;521,889759;603,804906;603,804906;582,828907;576,834884;603,804906;
440,960699;447,957721;440,960699;447,957721;491,906796;208,1048956;244,1022948;302,1054874;244,1022948;422,977749;422,977749;440,863887;447,957721;121,10401017;324,1048929;332,9241035;398,1037683;341,918988;425,984712;390,806935;549,851897;549,851897;521,889759;582,828907;576,834884;332,9241035;271,10171091;84,1089967;202,1097935;269,1087916;477,6901041;164,1062971;381,1087711;335,8591021;336,992968;281,1023943;469,7511057;419,7711026;341,918988;360,1003923;379,1054789;477,6901041;426,1106661;402,788990;421,886914;462,954754;470,1003662;477,6901041;545,954735;640,809912;500,935785;710,843836;640,809912;710,843836;640,809912;718,810867;710,843836;710,843836;718,810867;
----Iteration 9----
159,302151;114,420404;176,117612;-173,440430;240,347-65;-182,366585;107,434515;-294,449559;184,148313;-329,87711;-140,46976;-613,472624;
-222,622381;73,452655;73,452655;181,104537;165,434693;57,560577;52,520656;156,450707;156,450707;
52,520656;156,450707;156,450707;-270,327749;-62,606560;-62,606560;-270,327749;-80,615633;-143,679643;-316,286772;-270,327749;-295,567759;-149,725381;-17,582537;108,573622;171,441737;147,532586;192,461670;111,554550;192,461670;231,454637;
-62,606560;-62,606560;-80,615633;-149,725381;-183,726650;-183,726650;-202,742564;-139,691656;-175,717608;-164,348910;151,400907;-107,667605;-139,691656;-108,583760;-107,667605;177,438863;177,438863;161,598741;132,482773;247,446847;247,446847;166,557561;292,475818;336,456800;
-149,725381;-183,726650;-183,726650;-202,742564;-139,691656;-175,717608;-107,667605;-139,691656;-107,667605;-139,691656;-139,691656;120,501990;-144,568912;-110,701581;50,513955;-64,681590;124,406955;382,662862;309,547936;382,662862;
382,662862;309,547936;382,662862;-121,662951;-121,662951;-68,691721;-81,696750;-114,700710;-121,662951;-81,696750;-81,743655;247,527995;247,527995;307,436983;425,656896;347,690876;309,547936;309,547936;347,690876;
-121,662951;-121,662951;-121,662951;-81,743655;-121,662951;-158,673940;-81,743655;156,4791067;390,684910;-121,662951;390,684910;204,5481056;435,690888;370,5801035;350,721843;374,568992;389,632946;437,666901;366,583963;437,666901;366,583963;387,563963;437,666901;474,673817;474,673817;474,673817;474,673817;
204,5481056;370,5801035;315,5821049;-26,7251082;-35,7581023;281,4161072;307,657992;6,954867;236,5301134;360,5881027;258,673978;330,706975;192,910839;192,910839;320,6281027;218,7431004;258,673978;323,747889;192,910839;233,824797;381,645994;360,5881027;360,5881027;391,5871010;386,786835;394,644947;415,741879;478,718944;495,702831;
370,5801035;315,5821049;6,954867;360,5881027;258,673978;330,706975;218,7431004;258,673978;381,645994;360,5881027;360,5881027;391,5871010;478,718944;108,6471155;108,6471155;23,6851166;17,7521125;17,7521125;32,931996;36,1004845;-113,989884;-158,1020840;-116,1082814;26,9141054;26,9141054;-30,940978;32,931996;293,5661165;36,1004845;91,6831108;187,784976;316,897914;256,943966;256,943966;342,6571034;281,722961;334,5231051;317,834945;423,893859;408,5471011;410,580969;423,893859;438,724956;431,878888;503,760937;495,775908;524,751893;
370,5801035;360,5881027;218,7431004;381,645994;360,5881027;360,5881027;391,5871010;26,9141054;26,9141054;293,5661165;256,943966;256,943966;342,6571034;408,5471011;431,878888;45,8181175;45,8181175;-23,9111097;26,9141054;-143,1107770;200,7561163;127,8551100;80,10331000;49,9371012;137,1088835;106,8641144;320,5601117;328,6031072;349,993956;328,6031072;365,5841104;435,960887;419,1014887;435,960887;408,5471011;538,808989;567,799857;435,960887;540,863919;564,809987;
370,5801035;360,5881027;360,5881027;360,5881027;391,5871010;293,5661165;342,6571034;408,5471011;-23,9111097;200,7561163;80,10331000;137,1088835;320,5601117;328,6031072;349,993956;328,6031072;365,5841104;435,960887;419,1014887;435,960887;408,5471011;538,808989;567,799857;435,960887;540,863919;564,809987;200,7561163;144,8871178;-71,11081011;25,7501305;86,9961073;-27,1089993;-1,1088904;137,1088835;137,1088835;-23,9111097;342,1007985;115,1194756;293,5661165;339,10001022;339,10001022;115,1194756;365,5841104;339,10001022;361,1038885;320,5601117;344,952992;435,960887;539,7721005;479,951882;522,880969;539,7721005;522,880969;583,756953;
