----Iteration 0----
x_Moead_Rfts=[205, 245, 35, 223, 122, 239, 403, 264, 417, 209, -9, -31, -36, 227, 114, 122, 67, 122, 188, 207, 324, 239, 232, 223, 238, 238, 242, 238, 513, 513, 487, 411, 513, -36, -41, 192, 78, 76, -36, 102, 103, 371, 222, 128, 73, 150, 426, 357, 295, 281, 320, 487, 359, 426, 419, 445, 426, 480, 455, 493, 574, 181, 175, -73, -43, 91, -22, -2, 76, 434, 176, 151, 417, 308, 217, 176, 189, 222, 494, 319, 316, 189, 366, 321, 320, 359, 446, 346, 494, 457, 410, 419, 494, 527, 482, 522, 490, 527]
y_Moead_Rfts=[325, 289, 567, 282, 555, 430, 127, 296, 177, 91, 360, 632, 587, 79, 294, 555, 453, 555, 325, 482, 166, 283, 314, 446, 455, 455, 436, 455, 307, 307, 311, 270, 307, 587, 628, 257, 387, 590, 587, 553, 571, 117, 255, 426, 543, 549, 51, 166, 233, 425, 412, 311, 413, 51, 97, 360, 51, 5, 250, 10, 15, 344, 355, 404, 460, 529, 468, 550, 590, 67, 409, 542, 58, 161, 293, 458, 520, 517, 34, 158, 221, 425, 216, 384, 412, 413, 41, 408, 34, 124, 374, 377, 34, 247, 352, 297, 344, 247]
z_Moead_Rfts=[292, 324, 159, 426, 131, 84, 443, 321, 427, 570, 490, 208, 285, 569, 573, 131, 406, 131, 435, 215, 488, 423, 344, 199, 183, 183, 78, 183, 284, 284, 279, 307, 284, 285, 264, 512, 473, 150, 285, 160, 123, 532, 499, 420, 279, 120, 559, 486, 423, 212, 194, 279, 157, 559, 543, 289, 559, 599, 326, 592, 517, 552, 475, 478, 451, 388, 433, 303, 150, 554, 467, 262, 614, 508, 428, 379, 217, 174, 573, 558, 435, 258, 450, 244, 194, 157, 563, 199, 573, 512, 262, 227, 573, 374, 258, 306, 253, 374]
----Iteration 6----
x_Moead_Rfts=[106, 106, 89, 89, 63, 331, 331, 352, 331, 378, 421, 114, 171, 222, 229, 180, 258, 168, 148, 352, 298, 285, 352, 316, 352, 364, 349, 427, 421, 421, 631, 657, 672, 171, 165, 248, 241, 193, 151, 125, 69, 40, 190, 55, 294, 285, 149, 287, 333, 280, 320, 335, 345, 351, 357, 387, 427, 421, 387, 427, 475, 452, 436, 562, 562, 616, 631, 672, 160, 175, 83, 184, 199, 236, 282, 216, 226, 287, 167, 317, 261, 330, 322, 338, 426, 394, 501, 440, 421, 437, 509, 495, 448, 563, 578, 549, 509, 623, 563, 574, 616, 656]
y_Moead_Rfts=[711, 711, 697, 697, 741, 635, 635, 449, 635, 569, 548, 454, 603, 458, 420, 497, 645, 656, 672, 343, 631, 644, 343, 627, 343, 529, 587, 264, 548, 548, 440, 357, 314, 359, 387, 404, 442, 490, 529, 650, 660, 703, 343, 693, 369, 644, 719, 407, 370, 443, 601, 312, 381, 477, 530, 565, 264, 548, 565, 264, 380, 541, 404, 461, 461, 483, 440, 314, 428, 578, 725, 371, 481, 595, 392, 542, 676, 674, 671, 474, 531, 656, 422, 486, 590, 256, 369, 532, 548, 584, 527, 576, 582, 359, 499, 513, 527, 334, 359, 356, 483, 406]
z_Moead_Rfts=[164, 164, 209, 209, 135, 179, 179, 234, 179, 178, 205, 503, 339, 475, 496, 468, 279, 233, 171, 408, 312, 154, 408, 213, 408, 224, 219, 331, 205, 205, 204, 83, 131, 560, 548, 504, 483, 464, 457, 309, 295, 246, 568, 271, 485, 154, 145, 464, 448, 446, 297, 430, 387, 333, 222, 174, 331, 205, 174, 331, 316, 148, 270, 181, 181, 156, 204, 131, 527, 454, 197, 556, 476, 382, 495, 414, 120, 108, 139, 393, 361, 74, 341, 294, 172, 362, 260, 213, 205, 100, 156, 110, 81, 267, 149, 189, 156, 260, 267, 231, 156, 164]
----Iteration 2----
x_Moead_Rfts=[264, 297, 251, 264, 300, 262, 300, 179, 149, 65, 65, 149, 261, 262, 251, 379, 379, 457, 164, 147, 105, 193, 197, 65, 239, 257, 264, 323, 366, 370, 379, 439, 400, 457, 411, 99, 201, 201, 193, 65, 249, 65, 201, 275, 286, 242, 193, 209, 339, 286, 337, 239, 281, 311, 360, 341, 380, 427, 393, 357, 407, 422, 442, 505, 505]
y_Moead_Rfts=[386, 442, 529, 386, 396, 430, 396, 506, 508, 556, 556, 508, 432, 430, 529, 555, 555, 514, 460, 526, 623, 457, 521, 556, 552, 444, 386, 359, 381, 509, 555, 232, 563, 514, 365, 513, 668, 668, 457, 556, 681, 556, 668, 677, 681, 403, 457, 554, 672, 681, 310, 552, 640, 581, 680, 380, 332, 601, 309, 457, 359, 459, 534, 489, 489]
z_Moead_Rfts=[326, 305, 239, 326, 301, 331, 301, 369, 382, 320, 320, 382, 330, 331, 239, 117, 117, 69, 386, 337, 277, 415, 352, 320, 285, 320, 326, 335, 286, 132, 117, 268, 99, 69, 279, 367, 253, 253, 415, 320, 223, 320, 253, 228, 220, 464, 415, 298, 213, 220, 381, 285, 226, 223, 195, 326, 332, 96, 327, 263, 311, 252, 131, 222, 222]
----Iteration 7----
x_Moead_Rfts=[98, 98, 85, 121, 186, 115, 241, 154, 121, 202, 247, 344, 344, 368, 532, 500, 453, 500, 532, 532, 65, 65, 157, 186, 250, 190, 319, 276, 249, 325, 310, 344, 471, 368, 344, 518, 471, 368, 507, 505, 100, 136, 106, 174, 121, 320, 154, 154, 197, 202, 193, 245, 276, 345, 324, 319, 472, 355, 376, 507, 505, 449, 518, 508, 554, 554, 557]
y_Moead_Rfts=[546, 546, 540, 550, 543, 529, 553, 558, 550, 552, 548, 448, 448, 398, 304, 319, 362, 319, 304, 304, 538, 538, 145, 543, 537, 408, 482, 512, 417, 464, 491, 448, 261, 398, 448, 218, 261, 398, 271, 283, 86, 357, 457, 525, 550, 262, 558, 558, 593, 552, 427, 482, 512, 348, 437, 482, 315, 364, 433, 271, 283, 388, 218, 237, 228, 228, 182]
z_Moead_Rfts=[262, 262, 264, 239, 164, 254, 153, 208, 239, 155, 158, 249, 249, 223, 183, 227, 217, 227, 183, 183, 293, 293, 524, 164, 239, 400, 289, 260, 351, 221, 202, 249, 455, 223, 249, 465, 455, 223, 430, 248, 569, 432, 361, 331, 239, 512, 208, 208, 134, 155, 379, 305, 260, 511, 346, 289, 391, 342, 205, 430, 248, 296, 465, 415, 440, 440, 328]
----Iteration 1----
x_Moead_Rfts=[402, 379, 446, 467, 369, 376, 313, 338, 338, 202, 156, 294, 394, 452, 343, 389, 336, 366, 413, 456, 475, 569, 594, 500, 574, 512, 570, 653, 414, 399, 362, 362, 333, 294, 202, 300, 314, 363, 362, 302, 294, 288, 359, 496, 466, 339, 323, 551, 559, 339, 349, 399, 557, 446, 445, 604, 532, 513, 481, 585, 546, 557, 557, 680, 648, 647, 617, 583, 633, 570, 633, 704]
y_Moead_Rfts=[569, 594, 541, 473, 473, 459, 521, 525, 525, 614, 649, 524, 609, 318, 567, 446, 485, 498, 577, 428, 531, 314, 280, 482, 404, 470, 430, 308, 240, 283, 416, 416, 459, 524, 614, 632, 323, 367, 416, 482, 524, 606, 629, 171, 237, 421, 586, 146, 185, 421, 539, 393, 467, 541, 562, 228, 358, 492, 507, 260, 394, 467, 467, 165, 180, 263, 387, 430, 312, 430, 312, 222]
z_Moead_Rfts=[240, 230, 254, 267, 428, 435, 415, 378, 378, 371, 390, 397, 195, 466, 312, 445, 404, 360, 208, 415, 245, 465, 425, 203, 371, 265, 297, 315, 553, 505, 492, 492, 443, 397, 371, 222, 569, 532, 492, 426, 397, 351, 184, 593, 576, 446, 362, 584, 559, 446, 357, 440, 351, 254, 164, 534, 447, 166, 210, 521, 416, 351, 351, 504, 548, 468, 307, 260, 422, 297, 422, 482]
----Iteration 5----
x_Moead_Rfts=[377, 284, 110, 131, 112, 262, 153, 346, 346, 262, 284, 80, 110, 112, 64, 80, 277, 118, 131, 131, 131, 301, 282, 269, 394, 433, 433, 495, 349, 275, 105, 99, 80, 61, 15, 318, 224, 178, 359, 353, 353, 263, 239, 350, 324, 405, 379, 352, 442, 477, 452, 442, 435, 496, 549, 249, 105, 56, 56, 85, 84, 335, 221, 99, 35, 177, 275, 350, 313, 279, 352, 359, 496, 427, 275, 333, 342, 405, 394, 489, 414, 508, 395, 444, 508, 442, 478, 491, 502, 497, 515, 521, 479, 513, 535, 568, 515, 562]
y_Moead_Rfts=[313, 332, 504, 512, 544, 258, 509, 384, 384, 220, 332, 506, 504, 544, 570, 506, 190, 478, 512, 512, 512, 455, 509, 346, 501, 483, 483, 421, 127, 342, 381, 409, 506, 538, 583, 581, 378, 414, 533, 119, 119, 374, 438, 323, 435, 498, 358, 417, 529, 240, 387, 529, 495, 297, 286, 338, 381, 439, 439, 465, 550, 138, 344, 409, 542, 568, 559, 100, 534, 398, 505, 533, 193, 277, 331, 372, 427, 498, 501, 237, 482, 247, 402, 480, 247, 434, 465, 234, 275, 433, 203, 332, 377, 402, 232, 336, 418, 253]
z_Moead_Rfts=[414, 488, 453, 435, 422, 567, 440, 373, 373, 612, 488, 466, 453, 422, 359, 466, 573, 468, 435, 435, 435, 322, 347, 482, 221, 218, 218, 260, 592, 519, 560, 548, 466, 453, 318, 227, 538, 449, 290, 560, 560, 470, 372, 455, 354, 271, 365, 329, 203, 490, 271, 203, 205, 413, 258, 601, 560, 519, 519, 487, 433, 591, 612, 548, 448, 410, 276, 581, 316, 399, 298, 290, 559, 470, 531, 420, 336, 271, 221, 547, 281, 489, 326, 268, 489, 292, 234, 538, 477, 247, 501, 400, 299, 213, 329, 221, 201, 308]
----Iteration 3----
x_Moead_Rfts=[386, 386, 202, 154, 161, 186, 202, 245, 245, 270, 161, 204, 245, 545, 169, 155, 154, 155, 239, 353, 317, 558, 375, 321, 509, 384, 498, 533, 239, 137, 158, 198, 197, 320, 317, 270, 319, 281, 522, 526, 408, 514, 545, 550, 550, 579, 169, 115, 197, 210, 497, 514, 217, 177, 514, 351, 498, 494, 350, 317, 373, 353, 514, 451, 451, 502, 527, 498, 541, 539, 526, 557, 539]
y_Moead_Rfts=[321, 321, 521, 569, 571, 510, 521, 555, 555, 521, 571, 605, 555, 148, 526, 533, 569, 533, 469, 463, 486, 246, 324, 475, 283, 435, 317, 233, 469, 515, 602, 567, 603, 240, 486, 521, 463, 500, 182, 314, 338, 299, 148, 305, 305, 170, 513, 587, 603, 463, 204, 242, 465, 505, 242, 417, 168, 247, 458, 486, 416, 463, 299, 467, 467, 426, 278, 380, 427, 213, 355, 265, 356]
z_Moead_Rfts=[440, 440, 219, 200, 198, 241, 219, 208, 208, 168, 198, 187, 208, 436, 248, 238, 200, 238, 298, 176, 223, 398, 383, 141, 455, 126, 336, 429, 298, 250, 191, 227, 189, 492, 223, 168, 265, 239, 487, 433, 364, 453, 436, 305, 305, 245, 343, 203, 189, 364, 515, 476, 362, 338, 476, 401, 553, 479, 298, 223, 443, 176, 453, 67, 67, 199, 471, 319, 162, 465, 331, 359, 279]
----Iteration 4----
x_Moead_Rfts=[149, 185, 185, 393, 393, 318, 149, 149, 333, 114, 333, 346, 185, 134, 173, 149, 186, 186, 432, 350, 432, 141, 172, 101, 140, 116, 166, 134, 230, 188, 333, 250, 268, 336, 352, 393, 350, 389, 443, 432, 470, 487, 482, 487, 180, 180, 140, 140, 172, 125, 134, 173, 218, 234, 193, 198, 302, 191, 225, 229, 242, 333, 324, 359, 308, 346, 315, 308, 393, 376, 422, 422, 408, 393, 412, 471, 427, 465]
y_Moead_Rfts=[638, 615, 615, 315, 315, 508, 638, 638, 345, 658, 345, 358, 615, 630, 545, 638, 639, 639, 302, 507, 302, 498, 568, 622, 648, 496, 583, 630, 611, 489, 345, 443, 583, 396, 440, 315, 507, 494, 306, 302, 280, 311, 352, 311, 397, 397, 537, 537, 568, 584, 630, 545, 369, 468, 610, 628, 395, 552, 527, 587, 600, 345, 421, 470, 546, 358, 464, 546, 315, 484, 369, 369, 478, 477, 461, 355, 405, 321]
z_Moead_Rfts=[257, 210, 210, 422, 422, 165, 257, 257, 448, 246, 448, 412, 210, 291, 386, 257, 163, 163, 404, 240, 404, 393, 377, 322, 138, 418, 365, 291, 177, 436, 448, 473, 179, 438, 399, 422, 240, 222, 396, 404, 359, 337, 316, 337, 517, 517, 417, 417, 377, 306, 291, 386, 519, 470, 271, 174, 485, 385, 371, 224, 188, 448, 431, 389, 233, 412, 433, 233, 422, 324, 411, 411, 230, 269, 277, 266, 327, 338]
----Iteration 9----
x_Moead_Rfts=[-1, 93, 50, 121, 13, -6, 58, 78, 139, 38, -26, -13, 55, 170, 163, 178, 605, 160, 43, 216, -134, 136, 141, 190, 178, 562, 575, 604, 639, 652, 136, -2, 79, 1, 156, 156, 125, 224, 171, 245, 243, 574, 558, 622, 639, 593, 670, 670, 114, -63, -18, -108, -56, -75, -90, -23, -82, -135, 288, 76, -3, 332, 405, 216, -8, 528, 331, 224, 561, 561, 601, 302, 403, 281, 401, 446, 446, 579, 611, 495, 478, 670, 555, 533, 497, 640, 541, 593, 657, 696]
y_Moead_Rfts=[465, 435, 500, 495, 515, 531, 471, 493, 478, 362, 533, 557, 514, 366, 376, 479, 174, 323, 555, 275, 518, 353, 412, 575, 479, 177, 190, 138, 118, 131, 353, 482, 608, 622, 618, 618, 450, 535, 591, 488, 519, 219, 285, 213, 156, 366, 238, 238, 358, 468, 484, 589, 541, 597, 695, 696, 708, 717, 246, 463, 672, 221, 45, 562, 672, 12, 362, 535, 20, 20, 273, 499, 521, 510, 440, 491, 491, 179, 354, 450, 464, 238, 413, 441, 461, 201, 433, 366, 225, 213]
z_Moead_Rfts=[295, 310, 244, 232, 279, 251, 281, 277, 237, 380, 282, 229, 241, 334, 307, 235, 352, 422, 242, 410, 350, 382, 364, 178, 235, 380, 344, 387, 398, 362, 382, 339, 203, 140, 131, 131, 287, 204, 150, 229, 212, 303, 279, 333, 353, 207, 247, 247, 441, 385, 379, 266, 328, 235, 202, 195, 190, 163, 434, 369, 180, 471, 409, 212, 182, 437, 353, 204, 406, 406, 297, 192, 182, 217, 250, 211, 211, 344, 206, 153, 230, 247, 204, 171, 152, 332, 166, 207, 283, 268]
----Iteration 8----
x_Moead_Rfts=[555, 123, 82, 555, 541, 191, 207, 87, 101, 191, 207, 386, 463, 557, 242, 284, 409, 424, 517, 494, 573, 242, 272, 295, 276, 190, 441, 323, 259, 259, 406, 284, 241, 451, 366, 306, 379, 396, 532, 344, 420, 526, 450, 568, 532, 532, 510, 593, 532, 568, 612, 593, 586, 593, 625]
y_Moead_Rfts=[239, 520, 438, 239, 249, 389, 410, 510, 526, 389, 410, 310, 339, 270, 281, 489, 421, 318, 331, 338, 239, 281, 319, 322, 354, 412, 118, 202, 312, 523, 138, 238, 408, 115, 208, 394, 483, 161, 280, 372, 418, 319, 371, 108, 280, 280, 330, 140, 280, 108, 100, 140, 191, 140, 169]
z_Moead_Rfts=[120, 114, 220, 120, 147, 292, 222, 139, 68, 292, 222, 164, 88, 94, 431, 30, 93, 149, 69, 21, 60, 431, 394, 384, 371, 283, 447, 454, 409, 70, 436, 419, 251, 427, 453, 272, 217, 424, 310, 227, 143, 147, 114, 425, 310, 310, 117, 392, 310, 425, 259, 392, 371, 392, 125]
----End of Run----
