----Iteration 0----
-62,227125;89,55159;-99,222149;134,24985;-72,25767;109,116154;-45,299-117;-100,198199;-37,79308;13,192202;180,123-90;-103,3375;-162,28843;-250,156264;189,5918;-70,348-116;-85,351-104;-40,340-155;-295,304165;
-135,286111;11,280140;-53,37846;-39,32992;-53,37846;-53,37846;-72,39335;42,235189;-53,37846;134,24985;67,238176;-42,37596;-53,37846;50,52379;-9,32779;50,14424;3,172220;20,203198;-39,32992;-31,32187;107,69377;-39,32992;109,82309;109,82309;20,203198;145,59262;134,48269;109,82309;134,48269;
-72,39335;134,24985;50,52379;50,14424;107,69377;-97,289291;-1,241291;-91,40091;-1,241291;-1,241291;-77,392122;-76,172378;-103,151399;-103,151399;-28,374137;50,52379;34,227318;48,178364;48,243262;52,391106;17,322253;83,373140;125,87365;108,150344;48,243262;114,328189;109,163324;125,87365;158,78343;115,135336;109,163324;169,40203;
50,14424;34,227318;48,178364;17,322253;108,150344;158,78343;-99,268403;-85,257404;-85,257404;-99,306358;-24,302327;-55,347278;54,481149;54,481149;-8,346288;107,150386;32,214380;-4,237427;-64,316294;45,395185;116,125410;91,244316;92,352195;141,385135;128,203338;102,398153;114,397176;150,374183;144,112378;144,112378;154,194315;150,336228;174,277240;209,126316;230,134298;208,179226;
54,481149;54,481149;32,214380;-4,237427;45,395185;141,385135;102,398153;114,397176;150,374183;-43,251443;-43,251443;-62,283430;-2,387186;21,440162;-20,393284;63,401169;-4,252406;134,149471;10,290400;7,365389;-6,443268;27,483153;90,313344;49,340307;123,407137;123,407137;133,172462;163,164403;150,374183;210,181389;221,327225;231,149431;205,363247;205,363247;205,325292;272,99452;245,289324;276,245355;262,294309;
54,481149;54,481149;114,397176;150,374183;-20,393284;-6,443268;27,483153;123,407137;123,407137;163,164403;150,374183;210,181389;221,327225;231,149431;205,363247;205,363247;205,325292;245,289324;276,245355;262,294309;-7,295466;32,296464;2,336432;83,367398;77,374369;109,363403;-101,431307;76,446245;103,115540;-75,380329;-63,485252;53,457201;152,159503;32,296464;77,374369;89,467176;109,363403;217,134501;86,340405;89,467176;95,413148;122,350388;138,403162;133,187475;199,313316;184,385143;217,134501;302,78472;286,114488;331,294236;361,41477;342,57469;321,364186;
54,481149;54,481149;114,397176;150,374183;-6,443268;123,407137;123,407137;150,374183;221,327225;205,363247;205,363247;205,325292;245,289324;276,245355;262,294309;-7,295466;32,296464;2,336432;83,367398;77,374369;109,363403;-101,431307;76,446245;103,115540;-75,380329;-63,485252;53,457201;152,159503;32,296464;77,374369;89,467176;109,363403;217,134501;86,340405;89,467176;95,413148;122,350388;138,403162;199,313316;184,385143;217,134501;302,78472;286,114488;331,294236;361,41477;342,57469;321,364186;186,155516;122,260496;123,301434;32,334419;109,363403;-134,423338;-120,473322;-104,552255;-156,580180;-104,552255;-120,473322;30,522236;35,567159;28,540179;189,140512;140,236505;122,260496;38,422321;170,177491;46,419320;183,296393;156,343287;98,412141;255,159439;223,282426;282,400113;282,400113;283,189386;307,96460;310,239351;331,294236;243,413131;323,69475;377,352135;345,200340;328,36594;
150,374183;-6,443268;123,407137;123,407137;150,374183;221,327225;205,363247;205,363247;205,325292;245,289324;276,245355;-7,295466;32,296464;83,367398;77,374369;109,363403;-101,431307;76,446245;103,115540;-63,485252;53,457201;32,296464;77,374369;109,363403;217,134501;86,340405;122,350388;138,403162;199,313316;184,385143;217,134501;331,294236;361,41477;321,364186;186,155516;123,301434;109,363403;-134,423338;-120,473322;-156,580180;-120,473322;30,522236;35,567159;28,540179;189,140512;140,236505;38,422321;170,177491;46,419320;183,296393;156,343287;255,159439;223,282426;282,400113;282,400113;283,189386;310,239351;331,294236;243,413131;377,352135;328,36594;157,186525;-42,417412;-108,479303;-65,513292;-65,513292;-85,577268;73,386450;189,140512;122,298451;78,408354;122,555131;207,128511;145,283503;122,517176;171,307382;136,387354;310,116504;275,136493;226,266422;200,443102;244,202404;193,365233;239,43084;209,43297;345,77493;403,127443;264,296321;345,115448;302,36989;338,351172;417,177427;465,260301;437,228357;465,260301;465,222346;
221,327225;205,363247;205,363247;205,325292;245,289324;276,245355;-7,295466;32,296464;83,367398;77,374369;109,363403;76,446245;32,296464;77,374369;109,363403;217,134501;86,340405;122,350388;217,134501;361,41477;321,364186;186,155516;109,363403;30,522236;35,567159;28,540179;189,140512;140,236505;170,177491;156,343287;223,282426;282,400113;282,400113;283,189386;310,239351;243,413131;377,352135;328,36594;-42,417412;-65,513292;-65,513292;73,386450;189,140512;122,298451;78,408354;122,555131;207,128511;145,283503;122,517176;136,387354;310,116504;275,136493;244,202404;193,365233;239,43084;345,77493;403,127443;264,296321;345,115448;302,36989;338,351172;417,177427;465,260301;437,228357;465,260301;465,222346;209,91570;140,236505;-9,360490;-115,486355;-115,486355;-31,632208;-36,587285;227,79569;233,112526;32,467379;233,112526;131,250518;114,294573;-89,482360;-65,513292;122,555131;310,116504;159,234549;67,453406;137,512179;122,555131;188,325435;207,482215;345,77493;324,166488;239,283423;232,314344;223,446199;238,455183;238,455183;310,116504;242,43678;238,455183;345,115448;296,340203;282,400113;513,307284;513,307284;504,261299;487,311279;411,270307;504,261299;513,307284;
205,363247;205,363247;205,325292;245,289324;276,245355;76,446245;217,134501;217,134501;321,364186;186,155516;35,567159;223,282426;310,239351;-65,513292;-65,513292;122,298451;122,555131;207,128511;145,283503;122,517176;275,136493;193,365233;239,43084;403,127443;264,296321;417,177427;465,260301;437,228357;465,260301;465,222346;209,91570;-9,360490;-115,486355;-115,486355;-31,632208;-36,587285;227,79569;32,467379;131,250518;114,294573;-89,482360;-65,513292;122,555131;159,234549;67,453406;137,512179;122,555131;188,325435;207,482215;324,166488;239,283423;232,314344;223,446199;238,455183;238,455183;242,43678;238,455183;513,307284;513,307284;504,261299;487,311279;411,270307;504,261299;513,307284;275,126552;95,331446;-23,443425;-36,587285;-41,628264;192,257512;78,387473;76,590150;17,477354;-36,587285;102,553160;103,571123;371,117532;222,255499;180,294492;128,426420;73,543279;150,549120;130,371385;154,407361;163,488169;426,51559;357,166486;295,233423;281,425212;320,412194;487,311279;359,413157;426,51559;419,97543;445,360289;426,51559;480,5599;455,250326;493,10592;574,15517;
205,325292;245,289324;35,567159;223,282426;122,555131;239,43084;403,127443;264,296321;417,177427;209,91570;-9,360490;-31,632208;-36,587285;227,79569;114,294573;122,555131;67,453406;122,555131;188,325435;207,482215;324,166488;239,283423;232,314344;223,446199;238,455183;238,455183;242,43678;238,455183;513,307284;513,307284;487,311279;411,270307;513,307284;-36,587285;-41,628264;192,257512;78,387473;76,590150;-36,587285;102,553160;103,571123;371,117532;222,255499;128,426420;73,543279;150,549120;426,51559;357,166486;295,233423;281,425212;320,412194;487,311279;359,413157;426,51559;419,97543;445,360289;426,51559;480,5599;455,250326;493,10592;574,15517;181,344552;175,355475;-73,404478;-43,460451;91,529388;-22,468433;-2,550303;76,590150;434,67554;176,409467;151,542262;417,58614;308,161508;217,293428;176,458379;189,520217;222,517174;494,34573;319,158558;316,221435;189,425258;366,216450;321,384244;320,412194;359,413157;446,41563;346,408199;494,34573;457,124512;410,374262;419,377227;494,34573;527,247374;482,352258;522,297306;490,344253;527,247374;
----Iteration 6----
-86,338-7;203,265-162;57,333247;99,24521;-19,341-35;-88,36416;200,220212;
89,233146;-255,390204;-255,390204;-272,306254;-194,347158;57,333247;-255,390204;-172,346168;-226,45646;-152,43223;-45,39736;-115,159288;318,26493;-88,36347;-45,39736;304,28455;304,28455;304,28455;318,26493;321,31533;304,28455;318,26493;275,3248;272,299112;272,299112;318,26493;284,27461;
57,333247;318,26493;318,26493;321,31533;318,26493;272,299112;272,299112;318,26493;-361,371287;-250,467257;-271,478158;-239,440165;-115,529-97;-320,490206;-109,456142;-47,40376;-22,224264;7,181313;-33,48975;327,31078;176,388175;279,263130;260,347-3;182,351120;260,347-3;260,347-3;306,33822;318,26493;299,31773;
57,333247;7,181313;279,263130;-137,291324;-328,380327;-336,448264;-174,520263;-174,520263;-31,203358;-308,430275;-39,222343;-195,354408;-255,549227;16,503208;-23,275301;-25,407230;70,418199;137,387212;271,57033;60,226234;31,277267;137,387212;231,425185;201,65578;243,521156;271,57033;262,505164;321,524128;397,41961;321,524128;404,38182;
57,333247;7,181313;-328,380327;-31,203358;-39,222343;-195,354408;-255,549227;70,418199;137,387212;31,277267;137,387212;201,65578;243,521156;262,505164;321,524128;397,41961;321,524128;404,38182;-102,225418;-84,287314;-229,545232;-96,521320;-255,549227;52,566164;-3,60291;-99,207391;-123,311387;-13,390313;24,455276;32,582102;-4,243314;11,289281;26,391276;55,507227;35,244277;82,312258;187,382227;273,430194;267,471130;330,570113;285,288240;272,320254;371,373113;442,3828;371,44440;404,38182;436,40643;436,40643;
57,333247;-39,222343;-195,354408;70,418199;137,387212;137,387212;201,65578;243,521156;262,505164;321,524128;397,41961;321,524128;404,38182;-102,225418;-229,545232;-96,521320;-99,207391;-123,311387;24,455276;26,391276;187,382227;273,430194;267,471130;330,570113;285,288240;272,320254;371,373113;442,3828;371,44440;404,38182;436,40643;436,40643;-148,398358;-54,482327;-111,531295;46,62891;-96,521320;41,701132;61,625230;-4,205359;16,438328;196,505198;81,282292;199,386213;182,554152;220,63986;239,312285;330,570113;311,284245;280,329196;407,195182;330,570113;436,40643;507,30891;436,40643;440,203151;497,36297;547,294124;
-195,354408;201,65578;243,521156;262,505164;321,524128;321,524128;-96,521320;187,382227;273,430194;267,471130;330,570113;285,288240;272,320254;371,373113;-148,398358;-54,482327;-96,521320;61,625230;16,438328;196,505198;199,386213;220,63986;239,312285;330,570113;311,284245;280,329196;330,570113;507,30891;440,203151;497,36297;547,294124;101,556315;-20,654194;15,634205;106,711164;-63,353442;-45,498324;106,711164;82,289410;16,438328;115,606299;23,688183;130,661138;129,293397;269,328243;183,556311;183,556311;286,62268;330,570113;330,59482;272,283282;311,284245;269,328243;376,53594;376,53594;330,570113;424,482106;428,51794;376,53594;429,284237;447,501102;428,51794;547,294124;479,204149;488,37529;469,39121;
201,65578;285,288240;272,320254;220,63986;311,284245;507,30891;497,36297;547,294124;106,711164;-63,353442;106,711164;82,289410;115,606299;130,661138;129,293397;269,328243;272,283282;311,284245;269,328243;429,284237;547,294124;479,204149;488,37529;469,39121;-42,305428;18,307414;-70,423422;185,568349;109,634287;89,697209;89,697209;63,741135;95,584303;129,293397;95,584303;130,661138;112,244411;168,294360;252,459320;268,513289;207,577270;363,579153;331,635179;200,311322;331,635179;352,449234;331,635179;311,284245;429,284237;378,569178;363,579153;421,548205;363,579153;447,272236;566,278132;449,526149;
201,65578;106,711164;106,711164;429,284237;185,568349;109,634287;89,697209;89,697209;63,741135;252,459320;363,579153;331,635179;331,635179;352,449234;331,635179;429,284237;378,569178;363,579153;421,548205;363,579153;447,272236;449,526149;132,545449;192,530370;75,632307;46,675258;114,454503;171,603339;222,458475;229,420496;180,497468;205,560355;258,645279;168,656233;148,672171;352,343408;206,537364;298,631312;285,644154;352,343408;316,627213;352,343408;364,529224;349,587219;427,264331;421,548205;463,241284;488,518101;449,526149;421,548205;495,346215;538,513116;631,440204;657,35783;672,314131;
201,65578;106,711164;106,711164;185,568349;89,697209;89,697209;63,741135;363,579153;331,635179;331,635179;352,449234;331,635179;378,569178;363,579153;421,548205;363,579153;449,526149;132,545449;192,530370;114,454503;171,603339;222,458475;229,420496;180,497468;205,560355;258,645279;168,656233;148,672171;352,343408;206,537364;298,631312;285,644154;352,343408;316,627213;352,343408;364,529224;349,587219;427,264331;421,548205;488,518101;449,526149;421,548205;495,346215;538,513116;631,440204;657,35783;672,314131;171,359560;165,387548;248,404504;241,442483;193,490464;151,529457;125,650309;69,660295;40,703246;190,343568;55,693271;294,369485;285,644154;149,719145;287,407464;333,370448;280,443446;320,601297;335,312430;345,381387;351,477333;357,530222;387,565174;427,264331;421,548205;387,565174;427,264331;475,380316;452,541148;420,569100;436,404270;510,336240;562,461181;562,461181;616,483156;631,440204;672,314131;
106,711164;106,711164;89,697209;89,697209;63,741135;331,635179;331,635179;352,449234;331,635179;378,569178;421,548205;114,454503;171,603339;222,458475;229,420496;180,497468;258,645279;168,656233;148,672171;352,343408;298,631312;285,644154;352,343408;316,627213;352,343408;364,529224;349,587219;427,264331;421,548205;421,548205;631,440204;657,35783;672,314131;171,359560;165,387548;248,404504;241,442483;193,490464;151,529457;125,650309;69,660295;40,703246;190,343568;55,693271;294,369485;285,644154;149,719145;287,407464;333,370448;280,443446;320,601297;335,312430;345,381387;351,477333;357,530222;387,565174;427,264331;421,548205;387,565174;427,264331;475,380316;452,541148;436,404270;562,461181;562,461181;616,483156;631,440204;672,314131;160,428527;175,578454;83,725197;184,371556;199,481476;236,595382;282,392495;216,542414;226,676120;287,674108;167,671139;317,474393;261,531361;330,65674;322,422341;338,486294;426,590172;394,256362;501,369260;440,532213;421,548205;437,584100;509,527156;495,576110;448,58281;563,359267;578,499149;549,513189;509,527156;623,334260;563,359267;574,356231;616,483156;656,406164;
----Iteration 2----
-88,173125;-79,114143;82,882;-18,394-238;-185,227166;-52,72219;-140,33623;53,233-63;-14,70140;115,68142;95,184-27;-48,23566;56,20186;-43,99138;-1,29621;-84,367-47;41,224101;16,23017;-21,-1217;58,195-107;-91,325106;-63,309-129;-192,361-20;33,220111;-95,121175;-92,375-71;75,219-187;99,8757;-112,280143;-170,116185;-105,115213;125,182-84;223,42181;
-285,36052;-320,288113;62,203248;99,26719;99,26719;99,26719;67,340102;73,27114;-13,255193;67,340102;35,268163;35,268163;67,340102;67,340102;67,340102;33,274186;67,340102;67,340102;35,268163;35,268163;67,340102;67,340102;87,6948;228,176-55;124,221-29;228,176-55;181,219-65;
44,233303;89,258270;-12,375177;6,393165;5,424163;97,462122;6,393165;97,462122;87,262246;97,462122;87,262246;97,462122;122,41674;135,36984;133,304204;124,36592;127,38148;235,237233;133,304204;253,152133;220,247208;204,278242;235,237233;253,152133;
89,258270;87,262246;87,262246;122,41674;124,36592;235,237233;253,152133;220,247208;204,278242;235,237233;253,152133;17,320263;98,469147;98,469147;98,469147;169,206262;72,315213;40,428216;104,441159;122,41674;122,41674;149,249317;122,378119;137,40887;184,310237;176,39084;167,261251;176,39084;235,237233;186,361196;184,38279;205,329209;
235,237233;235,237233;98,469147;98,469147;98,469147;104,441159;149,249317;176,39084;176,39084;235,237233;186,361196;184,38279;205,329209;99,433185;116,457146;98,469147;98,469147;94,374274;99,477121;128,264356;123,359295;67,498287;98,469147;198,338282;125,429205;140,413131;238,45338;126,42064;164,381235;218,369141;238,45338;238,45338;183,292299;198,338282;206,283263;216,269220;306,41830;252,286219;321,307171;345,257145;337,351132;361,301106;
128,264356;67,498287;183,292299;306,41830;252,286219;321,307171;345,257145;337,351132;361,301106;172,424323;93,475338;123,489160;218,496100;220,437293;155,541123;192,50095;159,252328;220,437293;153,527156;201,469280;218,496100;223,419266;223,419266;279,424200;245,467153;257,262251;258,318211;283,445108;283,445108;306,302182;321,307171;325,38643;321,307171;360,34763;400,340-28;423,30786;400,340-28;
345,257145;337,351132;361,301106;172,424323;93,475338;123,489160;218,496100;220,437293;155,541123;192,50095;220,437293;153,527156;201,469280;218,496100;223,419266;223,419266;279,424200;245,467153;257,262251;283,445108;283,445108;360,34763;400,340-28;423,30786;400,340-28;160,370389;172,424323;143,470353;93,475338;88,516317;88,516317;62,541296;86,601210;86,601210;77,555225;172,424323;54,559270;166,339346;143,470353;93,475338;111,555162;212,289328;193,360325;201,469280;213,53779;209,59964;223,419266;203,55493;213,53779;231,305269;233,364259;248,385226;286,428184;304,548-9;257,262251;312,331226;279,424200;283,445108;319,50539;333,385194;338,47352;341,285196;338,47352;363,237186;377,46034;402,299104;385,350-53;377,46034;402,299104;423,33912;
337,351132;361,301106;93,475338;201,469280;283,445108;283,445108;360,34763;400,340-28;423,30786;400,340-28;160,370389;143,470353;93,475338;88,516317;88,516317;62,541296;86,601210;86,601210;54,559270;143,470353;93,475338;201,469280;209,59964;312,331226;283,445108;333,385194;341,285196;363,237186;402,299104;402,299104;423,33912;160,370389;143,470353;88,516317;88,516317;54,559270;99,575247;165,584114;118,420401;54,559270;120,583229;204,58577;216,373356;187,419386;136,529287;136,550271;204,58577;216,373356;264,386326;201,469280;201,534224;297,442305;251,529239;336,57360;264,386326;300,396301;262,430331;262,570160;300,396301;304,431224;336,57360;312,331226;350,309181;397,50060;460,26663;
201,469280;88,516317;88,516317;86,601210;86,601210;54,559270;201,469280;88,516317;88,516317;54,559270;99,575247;118,420401;54,559270;120,583229;216,373356;187,419386;136,529287;136,550271;216,373356;264,386326;201,469280;201,534224;297,442305;251,529239;336,57360;264,386326;300,396301;262,430331;262,570160;300,396301;304,431224;336,57360;133,391406;187,419386;179,506369;149,508382;65,556320;65,556320;120,583229;84,650130;200,329395;171,375425;149,508382;138,511332;214,623207;154,645153;173,513309;261,611157;261,432330;262,430331;300,596107;251,529239;300,596107;271,305322;298,269312;276,568205;315,236307;355,384236;338,428223;324,482144;379,555117;379,555117;311,465222;415,38195;450,235174;385,41794;444,339140;457,51469;446,289204;483,326122;
216,373356;136,529287;216,373356;264,386326;297,442305;251,529239;264,386326;300,396301;262,430331;262,570160;300,396301;304,431224;179,506369;149,508382;65,556320;65,556320;200,329395;171,375425;149,508382;214,623207;261,611157;261,432330;262,430331;251,529239;276,568205;355,384236;338,428223;324,482144;379,555117;379,555117;311,465222;450,235174;444,339140;457,51469;446,289204;483,326122;164,460386;147,526337;156,646234;105,623277;186,644221;193,457415;197,521352;65,556320;239,552285;177,654216;255,632191;257,444320;232,657187;326,233357;264,386326;281,527226;323,646113;339,58389;323,359335;366,381286;370,509132;379,555117;439,232268;364,414215;365,471155;400,56399;439,388165;417,376201;430,47672;457,51469;411,365279;491,471116;491,471116;
264,386326;297,442305;251,529239;264,386326;300,396301;262,430331;300,396301;179,506369;149,508382;65,556320;65,556320;149,508382;261,432330;262,430331;251,529239;379,555117;379,555117;457,51469;164,460386;147,526337;105,623277;193,457415;197,521352;65,556320;239,552285;257,444320;264,386326;323,359335;366,381286;370,509132;379,555117;439,232268;400,56399;457,51469;411,365279;99,513367;201,668253;201,668253;193,457415;65,556320;249,681223;65,556320;201,668253;275,677228;286,681220;242,403464;193,457415;209,554298;339,672213;286,681220;337,310381;239,552285;281,640226;311,581223;360,680195;341,380326;380,332332;427,60196;393,309327;357,457263;407,359311;422,459252;442,534131;505,489222;505,489222;
----Iteration 7----
-232,399-89;179,-94124;-20,299-170;129,257210;254,182-2;-26,26580;-24,49326;-52,25883;-27,26819;40,174285;128,-104221;68,262-138;-115,33331;
-97,294145;48,308140;48,308140;48,308140;-133,33035;31,248170;48,308140;48,308140;56,202122;48,308140;91,182133;48,308140;72,258114;73,274100;48,308140;48,308140;91,182133;72,258114;91,182133;48,308140;48,308140;48,308140;91,182133;91,182133;74,223110;90,18794;115,132107;125,106177;91,182133;91,182133;
48,308140;48,308140;48,308140;31,248170;48,308140;48,308140;48,308140;48,308140;48,308140;48,308140;48,308140;48,308140;48,308140;-145,199215;95,265150;24,303198;-39,336127;-127,35585;-65,340122;-145,199215;48,308140;-41,34564;72,228211;31,32889;24,303198;24,303198;72,228211;59,312132;42,33281;59,312132;59,312132;72,228211;132,162174;147,208157;91,29788;93,281119;93,281119;133,265133;121,245155;133,265133;132,162174;142,127181;151,173166;
48,308140;48,308140;48,308140;48,308140;48,308140;48,308140;48,308140;48,308140;48,308140;48,308140;48,308140;48,308140;24,303198;48,308140;24,303198;24,303198;59,312132;59,312132;59,312132;30,242253;-14,280239;24,303198;-16,317165;-58,395104;41,379128;10,42479;26,42280;115,210260;53,260247;24,303198;60,379127;93,124325;48,308140;117,74299;110,232301;71,248246;48,308140;60,379127;84,236296;138,298187;126,120284;110,232301;177,299185;177,299185;164,273208;164,273208;177,299185;177,299185;
-14,280239;115,210260;117,74299;110,232301;138,298187;126,120284;110,232301;177,299185;177,299185;164,273208;164,273208;177,299185;177,299185;28,87367;20,153340;104,451138;-8,273269;-8,273269;78,476117;-19,281247;-20,74397;29,379236;110,232301;68,271294;29,395173;59,292214;107,410146;99,351187;106,262328;132,376106;164,273208;220,364145;227,147202;188,146204;181,363147;
138,298187;177,299185;177,299185;177,299185;177,299185;29,379236;59,292214;220,364145;181,363147;109,520135;97,551136;-67,318251;109,520135;104,513157;26,408230;159,434134;133,460184;123,388202;133,460184;218,252295;189,235415;182,45430;250,162355;213,288330;223,40192;225,259278;239,165305;229,362112;
97,551136;218,252295;189,235415;213,288330;225,259278;97,551136;118,548233;118,548233;118,548233;98,546262;150,533189;98,546262;120,244356;236,509202;275,510200;230,498226;189,235415;316,446214;269,187368;275,510200;275,510200;300,476160;305,164321;300,476160;300,476160;
218,252295;189,235415;213,288330;98,546262;150,533189;98,546262;236,509202;275,510200;230,498226;189,235415;316,446214;269,187368;275,510200;275,510200;300,476160;305,164321;300,476160;300,476160;44,173421;49,502299;49,502299;85,540264;121,550239;64,301321;169,359301;186,543164;141,248365;115,529254;146,516199;241,553153;291,480254;220,500211;256,241386;294,411257;300,476160;389,376287;389,376287;315,456131;432,365235;432,365235;315,456131;400,380279;389,376287;400,380279;400,380279;400,380279;432,365235;
98,546262;98,546262;236,509202;275,510200;230,498226;275,510200;275,510200;49,502299;49,502299;85,540264;121,550239;186,543164;115,529254;241,553153;291,480254;220,500211;294,411257;389,376287;389,376287;315,456131;432,365235;432,365235;315,456131;400,380279;389,376287;400,380279;400,380279;400,380279;432,365235;56,464320;36,496301;1,516290;154,558208;205,316403;90,421367;69,504270;121,550239;202,552155;288,263480;223,401305;247,548158;243,310427;285,271434;301,478220;299,267472;323,217446;344,448249;301,478220;334,214403;299,267472;369,208378;344,448249;368,398223;532,304183;417,385264;500,319227;453,362217;500,319227;532,304183;532,304183;
98,546262;98,546262;49,502299;49,502299;85,540264;121,550239;186,543164;115,529254;241,553153;389,376287;389,376287;432,365235;432,365235;400,380279;389,376287;400,380279;400,380279;400,380279;432,365235;56,464320;36,496301;154,558208;205,316403;90,421367;121,550239;202,552155;288,263480;247,548158;243,310427;285,271434;299,267472;344,448249;299,267472;344,448249;368,398223;532,304183;417,385264;500,319227;453,362217;500,319227;532,304183;532,304183;90,421367;90,421367;65,538293;65,538293;157,145524;56,464320;186,543164;195,80484;234,81482;105,508283;250,537239;299,267472;190,408400;319,482289;276,512260;300,299380;249,417351;325,464221;310,491202;344,448249;471,261455;389,376287;368,398223;344,448249;518,218465;471,261455;368,398223;507,271430;427,366212;505,283248;533,219318;
98,546262;98,546262;85,540264;121,550239;186,543164;115,529254;241,553153;154,558208;121,550239;202,552155;247,548158;344,448249;344,448249;368,398223;532,304183;500,319227;453,362217;500,319227;532,304183;532,304183;65,538293;65,538293;157,145524;186,543164;250,537239;190,408400;319,482289;276,512260;249,417351;325,464221;310,491202;344,448249;471,261455;368,398223;344,448249;518,218465;471,261455;368,398223;507,271430;505,283248;100,86569;136,357432;106,457361;174,525331;121,550239;320,262512;154,558208;154,558208;197,593134;202,552155;193,427379;245,482305;276,512260;345,348511;324,437346;319,482289;472,315391;355,364342;376,433205;507,271430;505,283248;449,388296;518,218465;508,237415;554,228440;554,228440;557,182328;
----Iteration 1----
-194,-102288;116,-79225;9,290119;6,31417;24,130223;184,222220;95,343-119;2,31641;92,29948;195,150127;129,226-79;-81,374-6;
-129,33317;-129,33317;184,222220;-17,30719;150,30497;233,286-17;150,30497;215,298-16;169,355-4;150,30497;150,30497;157,28296;196,26978;330,186201;299,231152;330,224156;330,224156;330,186201;330,186201;330,224156;
-63,5309;-177,336113;93,260207;-45,548-3;312,276151;312,276151;188,323106;71,41579;188,323106;83,39258;334,249187;283,41850;312,35642;283,41850;294,36843;417,236225;436,204238;417,236225;475,205201;456,237188;456,237188;475,205201;475,205201;
-63,5309;-177,336113;-45,548-3;312,276151;312,276151;188,323106;188,323106;83,39258;283,41850;312,35642;283,41850;294,36843;-128,327182;-179,400126;29,441112;-72,48424;-72,48424;-72,48424;-73,50715;273,289169;80,448104;148,45332;-36,47456;155,276200;285,319109;204,480-54;283,41850;328,289138;431,187271;478,237250;346,307126;294,36843;496,255238;375,275176;345,33694;478,165297;457,264215;345,33694;562,180261;533,223212;507,249177;572,224175;
-63,5309;-45,548-3;29,441112;-73,50715;80,448104;148,45332;-36,47456;204,480-54;478,237250;496,255238;478,165297;457,264215;562,180261;533,223212;572,224175;206,324202;29,441112;-16,45249;-78,52243;217,321252;-73,50715;206,324202;29,441112;106,49225;254,4611;254,4611;478,237250;478,199295;416,283213;428,406184;446,424172;543,212248;452,298199;548,269195;565,279108;554,308193;531,32170;587,270158;565,279108;
-45,548-3;-73,50715;148,45332;478,237250;478,165297;562,180261;-78,52243;217,321252;-73,50715;254,4611;254,4611;478,237250;478,199295;446,424172;543,212248;548,269195;565,279108;554,308193;531,32170;587,270158;565,279108;216,344243;128,48491;-101,48685;-45,53012;-6,53110;27,5273;218,519-21;486,199253;297,294307;143,49257;299,481-16;299,481-16;287,305271;445,422187;399,449135;543,212248;472,363223;462,363231;457,268256;446,424172;554,308193;530,358219;462,363231;530,358219;583,265242;570,272177;587,270158;
478,165297;562,180261;478,199295;543,212248;548,269195;565,279108;554,308193;587,270158;565,279108;218,519-21;297,294307;543,212248;554,308193;583,265242;570,272177;587,270158;376,278295;154,507120;458,215316;108,59878;261,50329;341,305305;413,437231;470,501174;574,99275;537,345283;499,458223;539,381235;499,458223;574,99275;552,334159;
565,279108;587,270158;565,279108;297,294307;583,265242;570,272177;587,270158;376,278295;458,215316;108,59878;341,305305;470,501174;537,345283;499,458223;539,381235;499,458223;552,334159;458,215316;172,560257;215,582208;215,582208;279,500355;358,576222;358,576222;536,243314;473,303287;283,502263;423,501253;377,544235;492,271300;455,486209;438,516218;492,271300;499,458223;557,208313;536,243314;595,218310;539,381235;563,331209;521,393236;633,119330;619,168284;583,193317;619,168284;633,119330;
108,59878;470,501174;537,345283;499,458223;539,381235;499,458223;552,334159;279,500355;536,243314;473,303287;283,502263;492,271300;455,486209;492,271300;499,458223;557,208313;536,243314;595,218310;539,381235;563,331209;521,393236;583,193317;399,349385;371,355396;217,583342;331,457322;238,591324;277,584234;412,362349;444,298408;318,487337;401,264419;296,552247;402,569240;399,349385;379,594230;446,541254;418,338399;464,350376;467,473267;472,329407;470,501174;528,269409;589,308264;546,415233;609,169356;666,128370;652,177324;563,331209;546,415233;666,128370;
217,583342;238,591324;277,584234;402,569240;379,594230;446,541254;467,473267;609,169356;666,128370;652,177324;666,128370;369,473428;376,459435;313,521415;338,525378;338,525378;202,614371;156,649390;381,211502;294,524397;394,609195;452,318466;343,567312;478,394416;389,446445;336,485404;366,498360;413,577208;456,428415;436,444292;475,531245;569,314465;450,442289;594,280425;501,326424;500,482203;574,404371;512,470265;570,430297;580,344265;644,262330;653,308315;580,344265;
402,569240;379,594230;446,541254;467,473267;369,473428;376,459435;313,521415;338,525378;338,525378;202,614371;156,649390;294,524397;394,609195;452,318466;343,567312;389,446445;336,485404;366,498360;413,577208;456,428415;475,531245;569,314465;594,280425;500,482203;574,404371;512,470265;570,430297;653,308315;414,240553;399,283505;362,416492;362,416492;333,459443;294,524397;202,614371;300,632222;314,323569;363,367532;362,416492;302,482426;294,524397;288,606351;359,629184;496,171593;466,237576;339,421446;323,586362;551,146584;559,185559;339,421446;349,539357;399,393440;557,467351;446,541254;445,562164;604,228534;532,358447;513,492166;481,507210;585,260521;546,394416;557,467351;557,467351;680,165504;648,180548;647,263468;617,387307;583,430260;633,312422;570,430297;633,312422;704,222482;
----Iteration 5----
51,18749;3,179172;-20,36039;-174,34175;72,262-2;99,8921;86,157-16;9,24440;-51,79251;-251,497-64;12,22180;-80,265186;-131,33765;189,10127;38,1924;108,88-94;-40,24791;1,225108;64,10969;
12,389232;-16,395243;12,389232;20,154351;172,312285;144,368268;118,347333;189,311302;170,343289;170,343289;170,343289;
12,389232;-16,395243;12,389232;144,368268;189,311302;170,343289;170,343289;170,343289;-227,351275;-184,385264;-9,389259;144,350339;144,350339;172,331362;217,310323;290,304369;290,304369;
12,389232;-16,395243;12,389232;144,368268;170,343289;170,343289;170,343289;-9,389259;144,350339;144,350339;172,331362;290,304369;290,304369;-98,349340;-98,349340;-188,398121;-51,355313;143,386301;144,350339;204,122408;200,84458;287,314363;218,102446;287,314363;287,314363;287,314363;325,286365;287,314363;254,306394;259,320374;287,285390;290,304369;287,314363;290,333342;379,239379;379,239379;379,239379;379,239379;
325,286365;287,285390;290,333342;379,239379;379,239379;379,239379;379,239379;-32,454342;45,434325;-37,472341;-37,472341;98,185458;128,366355;22,490338;51,462268;223,127484;200,155460;42,492309;95,434282;205,149522;97,395276;175,432250;268,346350;217,393311;175,432250;223,127484;223,127484;312,332384;268,346350;223,127484;264,359396;312,332384;324,329365;351,245390;336,269350;430,207259;
325,286365;287,285390;290,333342;379,239379;379,239379;379,239379;379,239379;175,432250;268,346350;175,432250;312,332384;268,346350;264,359396;312,332384;324,329365;351,245390;336,269350;430,207259;12,482358;13,549333;118,535295;74,551291;85,527326;122,217492;54,549320;91,514316;267,378375;175,432250;166,472370;147,492344;284,300408;274,333394;242,397312;322,159531;312,332384;198,425298;315,197408;309,337331;242,397312;330,265389;348,303349;379,239379;312,332384;378,237386;378,275341;317,284406;427,252349;405,253307;
312,332384;264,359396;312,332384;324,329365;430,207259;13,549333;118,535295;74,551291;85,527326;122,217492;54,549320;267,378375;274,333394;242,397312;322,159531;312,332384;198,425298;309,337331;242,397312;312,332384;100,547296;151,515404;24,560330;57,568299;177,511409;315,125533;308,304425;305,106590;265,388358;198,425298;311,162481;322,159531;294,368359;349,253464;395,218445;423,278395;377,313414;423,278395;429,254360;423,278395;
312,332384;264,359396;312,332384;118,535295;74,551291;54,549320;267,378375;274,333394;322,159531;312,332384;312,332384;100,547296;151,515404;24,560330;57,568299;177,511409;315,125533;308,304425;305,106590;265,388358;322,159531;349,253464;395,218445;423,278395;377,313414;423,278395;429,254360;423,278395;284,332488;110,504453;131,512435;112,544422;50,556335;213,214604;262,258567;268,288527;153,509440;260,300497;274,434343;207,471283;207,471283;207,471283;343,167513;248,438338;328,385295;303,414344;346,384373;365,220458;384,214453;404,278407;405,290396;346,384373;496,245317;
312,332384;264,359396;312,332384;118,535295;74,551291;267,378375;274,333394;322,159531;312,332384;312,332384;100,547296;151,515404;177,511409;315,125533;308,304425;305,106590;265,388358;322,159531;349,253464;395,218445;423,278395;377,313414;423,278395;429,254360;423,278395;284,332488;110,504453;131,512435;112,544422;262,258567;268,288527;153,509440;260,300497;343,167513;328,385295;303,414344;346,384373;365,220458;384,214453;404,278407;405,290396;346,384373;496,245317;262,220612;220,297560;268,288527;284,332488;80,506466;110,504453;112,544422;64,570359;80,506466;277,190573;240,265574;154,298544;118,478468;131,512435;131,512435;131,512435;346,85562;301,455322;282,509347;343,167513;269,346482;394,501221;433,483218;346,85562;349,140517;365,220458;437,471250;445,194473;430,437252;432,227423;433,483218;432,227423;496,245317;495,421260;432,227423;478,227329;
312,332384;264,359396;312,332384;118,535295;267,378375;322,159531;312,332384;312,332384;100,547296;151,515404;177,511409;265,388358;322,159531;349,253464;377,313414;284,332488;110,504453;131,512435;112,544422;262,258567;268,288527;153,509440;346,384373;346,384373;262,220612;220,297560;268,288527;284,332488;80,506466;110,504453;112,544422;64,570359;80,506466;277,190573;240,265574;118,478468;131,512435;131,512435;131,512435;301,455322;282,509347;269,346482;394,501221;433,483218;437,471250;430,437252;433,483218;495,421260;349,127592;214,325548;275,342519;105,381560;99,409548;80,506466;61,538453;83,554387;15,583318;192,303571;318,581227;224,378538;178,414449;359,533290;353,119560;353,119560;263,374470;239,438372;456,191523;450,219511;350,323455;324,435354;405,498271;379,358365;352,417329;442,529203;456,191523;477,240490;486,299362;450,219511;437,252461;452,387271;442,529203;450,219511;435,495205;496,297413;549,286258;
377,313414;284,332488;110,504453;131,512435;112,544422;262,258567;153,509440;346,384373;346,384373;262,220612;284,332488;80,506466;110,504453;112,544422;64,570359;80,506466;277,190573;118,478468;131,512435;131,512435;131,512435;301,455322;282,509347;269,346482;394,501221;433,483218;433,483218;495,421260;349,127592;275,342519;105,381560;99,409548;80,506466;61,538453;15,583318;318,581227;224,378538;178,414449;359,533290;353,119560;353,119560;263,374470;239,438372;350,323455;324,435354;405,498271;379,358365;352,417329;442,529203;477,240490;452,387271;442,529203;435,495205;496,297413;549,286258;249,338601;105,381560;56,439519;56,439519;85,465487;84,550433;335,138591;221,344612;99,409548;35,542448;177,568410;275,559276;350,100581;313,534316;279,398399;352,505298;359,533290;496,193559;427,277470;275,331531;333,372420;342,427336;405,498271;394,501221;489,237547;414,482281;508,247489;395,402326;444,480268;508,247489;442,434292;478,465234;491,234538;502,275477;497,433247;515,203501;521,332400;479,377299;513,402213;535,232329;568,336221;515,418201;562,253308;
----Iteration 3----
53,-11753;-48,163163;25,35358;-93,185158;38,213114;70,-3836;8,10193;-113,50293;43,-27162;58,12847;11,63132;-253,22698;-94,178178;174,143-6;-24,43176;
-3,198218;13,38248;13,38248;162,351183;153,361160;150,379187;153,361160;150,379187;153,361160;153,361160;
-105,101348;110,404112;-105,101348;-67,79303;-41,101300;110,404112;203,382226;189,402188;251,311276;222,273285;251,311276;251,311276;251,311276;
-105,101348;-105,101348;203,382226;189,402188;251,311276;251,311276;251,311276;251,311276;-105,101348;91,42084;-94,98398;157,417154;52,83346;145,322253;182,403186;195,390231;221,387144;250,302294;235,345246;235,367182;251,311276;289,303292;246,249343;277,213327;294,262313;
203,382226;195,390231;221,387144;235,345246;235,367182;171,440257;171,440257;131,480233;155,388302;155,388302;153,422269;123,488238;131,480233;155,388302;171,440257;171,440257;196,406217;196,406217;196,406217;195,390231;220,356191;221,387144;204,398212;323,177426;309,321335;367,312372;263,361171;367,312372;410,282401;410,282401;402,290406;
203,382226;195,390231;221,387144;235,367182;171,440257;171,440257;131,480233;155,388302;155,388302;153,422269;123,488238;131,480233;155,388302;171,440257;171,440257;196,406217;196,406217;196,406217;195,390231;221,387144;204,398212;263,361171;410,282401;410,282401;402,290406;155,388302;155,388302;153,422269;171,440257;123,488238;140,519216;160,347323;120,402275;140,519216;171,440257;196,406217;190,408234;177,419223;357,141448;280,181445;204,398212;402,290406;386,321440;374,356292;386,321440;
203,382226;195,390231;171,440257;171,440257;131,480233;155,388302;155,388302;153,422269;123,488238;131,480233;155,388302;171,440257;171,440257;195,390231;204,398212;410,282401;410,282401;402,290406;155,388302;155,388302;153,422269;171,440257;123,488238;160,347323;120,402275;171,440257;190,408234;177,419223;204,398212;402,290406;386,321440;374,356292;386,321440;279,257442;168,337367;168,337367;112,472248;202,521219;137,538222;154,569200;120,324397;64,520229;168,337367;161,571198;387,194454;210,342338;251,375236;239,400170;429,176441;418,200425;418,200425;289,395185;352,396182;466,193435;491,163478;515,165400;472,195371;520,124421;472,195371;515,165400;
203,382226;195,390231;171,440257;171,440257;171,440257;171,440257;195,390231;204,398212;410,282401;410,282401;402,290406;171,440257;171,440257;190,408234;204,398212;402,290406;386,321440;374,356292;386,321440;279,257442;112,472248;202,521219;137,538222;154,569200;120,324397;64,520229;161,571198;387,194454;251,375236;418,200425;418,200425;289,395185;352,396182;466,193435;491,163478;515,165400;472,195371;472,195371;515,165400;301,229462;279,257442;151,279446;218,332382;100,443309;79,477277;66,486262;186,510241;320,213470;64,520229;202,521219;279,257442;120,427298;245,555208;245,555208;270,521168;366,162486;165,426306;161,571198;204,605187;245,555208;503,178432;407,253402;294,355369;352,396182;448,193449;369,427160;479,148498;477,301354;436,317316;374,386181;503,178432;493,288309;448,342190;523,258362;545,148436;
402,290406;402,290406;386,321440;374,356292;386,321440;202,521219;137,538222;154,569200;120,324397;161,571198;251,375236;352,396182;491,163478;301,229462;218,332382;100,443309;79,477277;66,486262;186,510241;320,213470;202,521219;245,555208;245,555208;270,521168;366,162486;161,571198;204,605187;245,555208;294,355369;352,396182;369,427160;479,148498;374,386181;523,258362;545,148436;301,229462;366,162486;100,443309;113,434324;165,458306;169,526248;155,533238;154,569200;129,472292;155,533238;239,469298;270,367268;353,463176;317,486223;479,148498;558,246398;375,324383;321,475141;509,283455;387,325270;384,435126;512,295399;498,317336;494,333215;533,233429;499,308388;530,343190;462,348259;
386,321440;374,356292;386,321440;202,521219;154,569200;161,571198;352,396182;79,477277;66,486262;186,510241;202,521219;245,555208;245,555208;270,521168;161,571198;204,605187;245,555208;294,355369;352,396182;369,427160;479,148498;374,386181;545,148436;113,434324;169,526248;155,533238;154,569200;129,472292;155,533238;239,469298;270,367268;353,463176;317,486223;479,148498;558,246398;375,324383;321,475141;509,283455;384,435126;498,317336;533,233429;530,343190;462,348259;297,141534;318,149516;249,376400;163,429339;239,469298;137,515250;158,602191;180,460317;198,567227;197,603189;385,177508;412,153511;320,240492;317,486223;270,521168;318,342377;319,463265;281,500239;466,249466;361,349349;333,442188;522,182487;526,314433;408,338364;399,392174;440,323320;401,412116;522,330293;432,44254;514,299453;498,358234;545,148436;529,317254;550,305305;530,343190;550,305305;579,170245;
386,321440;386,321440;202,521219;154,569200;161,571198;186,510241;202,521219;245,555208;245,555208;270,521168;161,571198;204,605187;245,555208;545,148436;169,526248;155,533238;154,569200;155,533238;239,469298;353,463176;317,486223;558,246398;375,324383;321,475141;509,283455;384,435126;498,317336;533,233429;239,469298;137,515250;158,602191;198,567227;197,603189;320,240492;317,486223;270,521168;319,463265;281,500239;522,182487;526,314433;408,338364;514,299453;545,148436;550,305305;550,305305;579,170245;169,513343;115,587203;197,603189;210,463364;497,204515;514,242476;217,465362;177,505338;514,242476;351,417401;498,168553;494,247479;350,458298;317,486223;373,416443;353,463176;514,299453;451,46767;451,46767;502,426199;527,278471;498,380319;541,427162;539,213465;526,355331;557,265359;539,356279;
----Iteration 4----
-65,404-97;114,20291;211,16669;115,162208;126,140140;120,205-73;85,182100;22,378194;
-99,193194;-129,262213;-129,262213;-123,338105;-79,336138;-79,336138;-79,336138;-95,318168;-57,0211;115,162208;-79,336138;-31,288157;-31,288157;-34,306184;45,313103;141,23543;142,165152;176,221107;141,23543;
-95,318168;-34,306184;45,313103;-108,328161;-115,326163;-66,340148;-18,292167;48,33282;-16,302159;42,177295;107,285219;58,241256;124,165303;173,209266;97,242254;146,286217;146,286217;153,276244;146,286217;146,286217;219,200249;196,212230;196,212230;213,242113;261,175192;261,213147;
42,177295;124,165303;-117,40596;-38,402108;-38,402108;-117,40596;135,375192;199,329223;102,367223;199,329223;199,329223;135,375192;222,282278;193,336194;193,336194;199,329223;199,329223;199,329223;241,266286;241,266286;209,300178;290,238239;329,221150;297,254150;336,255148;
131,406257;131,406257;14,442184;14,442184;46,429166;28,441167;244,355351;254,381306;257,368315;257,368315;257,368315;303,359340;337,316387;337,316387;356,300395;
337,316387;337,316387;356,300395;22,458268;11,521276;11,521276;164,430361;207,368371;164,430361;300,367387;296,402353;300,367387;328,340389;333,341373;337,316387;340,374367;356,300395;340,374367;281,445305;340,374367;378,352322;318,375325;420,231345;
337,316387;337,316387;164,430361;207,368371;164,430361;300,367387;296,402353;300,367387;328,340389;333,341373;337,316387;340,374367;340,374367;281,445305;340,374367;378,352322;318,375325;420,231345;167,410377;167,410377;145,473413;97,521394;149,638257;115,541295;100,533329;168,376362;185,615210;168,376362;300,367387;146,402395;147,523362;343,320386;304,448298;185,615210;287,492231;343,356340;295,538176;393,315422;393,315422;304,448298;378,352322;318,508165;420,231345;433,244309;
164,430361;207,368371;164,430361;300,367387;296,402353;300,367387;340,374367;340,374367;281,445305;340,374367;378,352322;318,375325;167,410377;167,410377;145,473413;97,521394;149,638257;168,376362;185,615210;168,376362;300,367387;147,523362;304,448298;185,615210;287,492231;295,538176;393,315422;393,315422;304,448298;378,352322;318,508165;433,244309;149,638257;149,638257;333,345448;148,487400;114,658246;333,345448;346,358412;161,500364;133,543350;185,615210;253,415321;272,472259;187,543247;303,471289;280,530210;295,538176;444,238354;348,420312;366,357359;409,294335;390,341333;340,374367;417,339304;
296,402353;340,374367;340,374367;281,445305;340,374367;378,352322;145,473413;97,521394;149,638257;185,615210;304,448298;185,615210;295,538176;393,315422;393,315422;304,448298;378,352322;318,508165;149,638257;149,638257;333,345448;148,487400;114,658246;333,345448;346,358412;185,615210;253,415321;272,472259;187,543247;303,471289;280,530210;295,538176;444,238354;348,420312;366,357359;390,341333;340,374367;417,339304;147,431458;162,445397;134,630291;173,545386;149,638257;210,397416;165,562313;186,639163;210,397416;186,639163;339,396391;308,442305;303,471289;280,530210;302,539128;432,302404;347,443303;365,451290;295,538176;302,539128;371,316380;350,507240;378,352322;432,302404;390,341333;365,451290;365,451290;426,325313;436,259343;
281,445305;378,352322;97,521394;149,638257;185,615210;304,448298;185,615210;295,538176;393,315422;393,315422;304,448298;378,352322;318,508165;149,638257;149,638257;333,345448;114,658246;333,345448;346,358412;185,615210;272,472259;187,543247;303,471289;280,530210;295,538176;366,357359;134,630291;173,545386;149,638257;186,639163;186,639163;308,442305;303,471289;280,530210;302,539128;432,302404;347,443303;365,451290;295,538176;302,539128;371,316380;350,507240;378,352322;432,302404;365,451290;365,451290;195,383477;127,456462;141,498393;172,568377;101,622322;140,648138;195,383477;127,456462;116,496418;166,583365;134,630291;230,611177;188,489436;333,345448;250,443473;268,583179;336,396438;352,440399;393,315422;350,507240;398,345357;389,494222;443,306396;404,438272;432,302404;470,280359;487,311337;482,352316;487,311337;
149,638257;185,615210;185,615210;393,315422;393,315422;318,508165;149,638257;149,638257;333,345448;114,658246;333,345448;346,358412;185,615210;134,630291;173,545386;149,638257;186,639163;186,639163;432,302404;350,507240;432,302404;141,498393;172,568377;101,622322;140,648138;116,496418;166,583365;134,630291;230,611177;188,489436;333,345448;250,443473;268,583179;336,396438;352,440399;393,315422;350,507240;389,494222;443,306396;432,302404;470,280359;487,311337;482,352316;487,311337;180,397517;180,397517;140,537417;140,537417;172,568377;125,584306;134,630291;173,545386;218,369519;234,468470;193,610271;198,628174;302,395485;191,552385;225,527371;229,587224;242,600188;333,345448;324,421431;359,470389;308,546233;346,358412;315,464433;308,546233;393,315422;376,484324;422,369411;422,369411;408,478230;393,477269;412,461277;471,355266;427,405327;465,321338;
----Iteration 9----
-107,28880;-63,99175;-19,349-175;55,28219;-78,83261;133,21433;254,-31221;13,62262;24,297-64;-145,158175;-228,41175;112,267169;-68,413-118;77,273-94;-80,334-32;158,1576;163,184-133;-141,38846;-70,320-50;
28,439126;62,245276;43,44792;28,439126;-222,521-66;43,44792;24,46364;-4,150279;102,248124;43,44792;84,398151;69,441103;222,225278;345,29285;261,207275;345,29285;345,29285;
28,439126;62,245276;43,44792;28,439126;-222,521-66;43,44792;24,46364;43,44792;69,441103;222,225278;345,29285;261,207275;345,29285;345,29285;28,439126;2,464105;-27,50057;43,44792;12,50155;22,313183;12,411201;28,439126;78,46558;17,47271;69,441103;123,44397;183,288136;170,38583;127,409153;311,144309;261,245230;296,154284;388,63274;311,182264;398,57259;401,76238;
62,245276;-222,521-66;222,225278;345,29285;261,207275;345,29285;345,29285;-27,50057;12,50155;12,411201;127,409153;311,144309;261,245230;296,154284;388,63274;311,182264;398,57259;401,76238;43,490150;29,440166;-42,49291;-27,50057;29,440166;69,299221;165,482111;165,482111;94,420122;263,249149;227,36174;165,482111;272,339113;207,381194;179,387205;313,105333;257,331147;277,238128;272,339113;342,10306;290,327112;398,57259;313,105333;369,205147;400,115238;
-222,521-66;261,207275;12,411201;311,144309;261,245230;296,154284;311,182264;165,482111;165,482111;263,249149;165,482111;272,339113;207,381194;179,387205;313,105333;257,331147;277,238128;272,339113;342,10306;290,327112;313,105333;369,205147;400,115238;8,316296;8,316296;35,383231;64,351286;12,411201;67,458193;67,458193;32,478182;81,508177;176,486103;120,50472;176,486103;210,289332;97,305280;165,444156;404,81293;257,248347;272,339113;165,444156;404,81293;275,35892;244,40985;345,149267;294,237145;292,284111;294,237145;335,30798;293,34691;435,31286;383,185185;468,231119;335,30798;430,127189;442,171155;438,233132;468,231119;468,231119;
311,144309;261,245230;296,154284;311,182264;165,482111;165,482111;263,249149;165,482111;272,339113;207,381194;179,387205;313,105333;272,339113;313,105333;81,508177;176,486103;120,50472;176,486103;210,289332;165,444156;404,81293;257,248347;272,339113;165,444156;404,81293;345,149267;294,237145;294,237145;435,31286;383,185185;73,179364;-1,465295;93,435310;36,450260;50,500244;32,611114;76,583128;-39,65854;-13,63375;74,509194;74,509194;76,583128;172,137350;401,79377;121,495232;367,122330;238,283321;153,344329;165,482111;91,540176;285,242336;254,287287;261,442122;294,45091;165,482111;401,79377;294,45091;417,48343;377,193259;261,404167;401,79377;435,235154;435,235154;335,400112;482,157188;450,310138;534,135259;468,260120;482,211157;
207,381194;179,387205;313,105333;313,105333;210,289332;257,248347;-1,465295;93,435310;50,500244;32,611114;76,583128;-39,65854;-13,63375;76,583128;401,79377;121,495232;367,122330;238,283321;153,344329;91,540176;285,242336;254,287287;294,45091;401,79377;294,45091;417,48343;261,404167;401,79377;335,400112;450,310138;468,260120;482,211157;336,82374;13,515279;-6,531251;13,553234;18,578160;375,83372;260,214381;80,323387;-18,614155;273,189415;58,471281;78,493277;13,553234;139,478237;91,540176;131,526209;117,533149;315,271311;304,429119;263,463149;217,498168;348,138322;294,45091;426,45337;388,112327;353,243285;345,379140;263,463149;441,91320;400,284266;400,322221;304,429119;468,244194;431,326110;534,164260;412,338136;508,168255;464,32275;521,122295;506,170271;521,122295;
179,387205;257,248347;-1,465295;93,435310;50,500244;-39,65854;-13,63375;401,79377;121,495232;238,283321;91,540176;285,242336;254,287287;294,45091;401,79377;294,45091;261,404167;401,79377;335,400112;13,515279;-6,531251;13,553234;375,83372;260,214381;80,323387;-18,614155;273,189415;58,471281;78,493277;13,553234;139,478237;91,540176;131,526209;315,271311;304,429119;263,463149;294,45091;353,243285;345,379140;263,463149;400,284266;400,322221;304,429119;354,99378;38,362380;-26,533282;-13,557229;42,587188;2,613127;-43,63588;41,614125;228,317333;55,514241;80,587139;80,587139;302,266320;170,366334;163,376307;178,479235;197,537199;235,509201;328,255272;290,283270;355,41767;314,46746;537,183239;560,144361;432,35591;517,253216;484,348139;484,348139;389,365123;590,128369;527,338163;605,174352;
179,387205;257,248347;-1,465295;93,435310;50,500244;-39,65854;-13,63375;121,495232;238,283321;285,242336;254,287287;294,45091;294,45091;261,404167;335,400112;13,515279;-6,531251;260,214381;-18,614155;273,189415;58,471281;78,493277;139,478237;131,526209;315,271311;304,429119;263,463149;294,45091;345,379140;263,463149;400,284266;400,322221;304,429119;38,362380;-26,533282;-13,557229;42,587188;2,613127;41,614125;228,317333;55,514241;80,587139;80,587139;302,266320;170,366334;163,376307;178,479235;197,537199;235,509201;290,283270;355,41767;314,46746;527,338163;605,174352;257,225431;160,323422;-9,438347;-40,483298;-91,540301;43,555242;-39,63999;216,275410;-134,518350;5,616100;136,353382;141,412364;197,537199;144,596124;190,575178;321,242308;178,479235;197,537199;235,509201;307,275282;325,437101;275,46663;235,509201;400,322221;330,415121;355,41767;325,437101;562,177380;575,190344;507,376142;527,338163;604,138387;600,246286;584,265276;639,118398;652,131362;
257,248347;-1,465295;93,435310;50,500244;-39,65854;-13,63375;121,495232;238,283321;285,242336;261,404167;13,515279;-6,531251;260,214381;-18,614155;273,189415;58,471281;78,493277;139,478237;131,526209;315,271311;304,429119;263,463149;345,379140;263,463149;400,322221;304,429119;38,362380;-26,533282;-13,557229;228,317333;55,514241;302,266320;170,366334;163,376307;178,479235;197,537199;314,46746;605,174352;257,225431;160,323422;-9,438347;-40,483298;-91,540301;43,555242;-39,63999;216,275410;-134,518350;136,353382;141,412364;197,537199;190,575178;321,242308;178,479235;197,537199;275,46663;400,322221;562,177380;575,190344;507,376142;604,138387;600,246286;584,265276;639,118398;652,131362;136,353382;-22,480368;-2,482339;79,608203;1,622140;156,618131;156,618131;125,450287;224,535204;171,591150;311,358312;245,488229;243,519212;321,242308;345,379140;254,493209;460,423132;477,461112;574,219303;558,285279;460,423132;622,213333;517,389100;639,156353;593,366207;517,389100;670,238247;670,238247;695,204207;
-1,465295;93,435310;50,500244;121,495232;13,515279;-6,531251;58,471281;78,493277;139,478237;38,362380;-26,533282;-13,557229;55,514241;170,366334;163,376307;178,479235;605,174352;160,323422;43,555242;216,275410;-134,518350;136,353382;141,412364;190,575178;178,479235;562,177380;575,190344;604,138387;639,118398;652,131362;136,353382;-2,482339;79,608203;1,622140;156,618131;156,618131;125,450287;224,535204;171,591150;245,488229;243,519212;574,219303;558,285279;622,213333;639,156353;593,366207;670,238247;670,238247;114,358441;-63,468385;-18,484379;-108,589266;-56,541328;-75,597235;-90,695202;-23,696195;-82,708190;-135,717163;288,246434;76,463369;-3,672180;332,221471;405,45409;216,562212;-8,672182;528,12437;331,362353;224,535204;561,20406;561,20406;601,273297;302,499192;403,521182;281,510217;401,440250;446,491211;446,491211;579,179344;611,354206;495,450153;478,464230;670,238247;555,413204;533,441171;497,461152;640,201332;541,433166;593,366207;657,225283;696,213268;
----Iteration 8----
-31,323102;15,37813;113,29223;-152,233144;230,141123;154,383-23;-7,28976;99,232226;200,113182;-7,281102;
-95,155248;-72,19877;-42,283-50;-79,199209;230,141123;-95,155248;-42,283-50;-1,128311;24,125246;97,284-76;143,20942;58,14967;133,22290;216,228-83;193,85285;179,21917;226,93254;199,239-91;235,139239;227,179-56;235,139239;297,-17208;283,32162;283,32162;
-95,155248;-42,283-50;-95,155248;-42,283-50;-1,128311;97,284-76;143,20942;179,21917;226,93254;297,-17208;283,32162;283,32162;91,150234;-9,203230;-25,216168;-109,279-17;-172,310-3;-35,317-52;-35,317-52;36,282-34;97,284-76;9,190246;89,277145;236,2545;234,58329;62,85336;132,261159;267,66298;208,134285;351,17696;256,144247;351,17696;237,2640;308,20667;271,149214;316,107122;337,115104;
-1,128311;179,21917;-9,203230;9,190246;89,277145;236,2545;62,85336;132,261159;208,134285;237,2640;-14,287138;188,-80363;-56,334135;175,465-90;140,-93393;188,-80363;166,429-44;253,83342;147,211210;104,267170;109,29737;131,266198;188,-80363;286,91311;131,266198;166,3911;169,404-65;265,120324;304,164278;226,2608;325,172260;399,208197;440,158218;399,208197;438,175162;
-1,128311;-9,203230;89,277145;62,85336;208,134285;-14,287138;188,-80363;-56,334135;175,465-90;140,-93393;188,-80363;166,429-44;253,83342;147,211210;131,266198;188,-80363;286,91311;131,266198;166,3911;265,120324;304,164278;325,172260;399,208197;440,158218;399,208197;438,175162;188,-80363;188,-80363;101,234209;55,269228;25,311103;-38,304184;8,351133;132,40810;116,4784;175,465-90;-12,165267;-57,320176;88,41197;201,443-103;307,99293;85,158292;55,269228;210,425-20;229,291112;210,425-20;264,391-67;298,192266;282,34442;304,164278;311,57271;399,208197;412,164229;380,224169;368,270193;282,34442;368,270193;
62,85336;188,-80363;-56,334135;175,465-90;140,-93393;188,-80363;166,429-44;253,83342;131,266198;188,-80363;131,266198;304,164278;325,172260;399,208197;399,208197;438,175162;188,-80363;188,-80363;55,269228;8,351133;116,4784;175,465-90;88,41197;201,443-103;55,269228;210,425-20;229,291112;210,425-20;264,391-67;298,192266;282,34442;304,164278;399,208197;412,164229;380,224169;368,270193;282,34442;368,270193;53,283277;-41,322224;13,308221;54,375121;82,43985;111,519-17;53,283277;97,44751;269,-11328;143,249306;20,324182;295,148326;304,164278;160,285163;174,40932;189,417-2;282,34442;321,38120;378,33258;331,38710;386,168224;349,3759;375,232214;426,30285;349,3759;419,137293;462,159244;
188,-80363;175,465-90;140,-93393;188,-80363;253,83342;131,266198;188,-80363;131,266198;325,172260;399,208197;399,208197;188,-80363;188,-80363;116,4784;175,465-90;210,425-20;229,291112;210,425-20;264,391-67;298,192266;282,34442;399,208197;368,270193;282,34442;368,270193;53,283277;-41,322224;13,308221;111,519-17;53,283277;143,249306;295,148326;160,285163;282,34442;321,38120;378,33258;331,38710;349,3759;375,232214;426,30285;349,3759;419,137293;462,159244;150,-127372;-34,284245;12,355195;35,381194;156,426150;171,472133;96,51117;145,186331;107,248317;95,450177;203,45789;230,72362;247,97339;271,156309;144,213344;100,279277;192,243212;259,400-46;203,45789;363,112299;363,112299;375,232214;403,93332;419,198227;426,171291;383,33256;454,165280;454,234170;555,239120;514,28999;
175,465-90;140,-93393;253,83342;325,172260;399,208197;399,208197;175,465-90;298,192266;282,34442;399,208197;368,270193;282,34442;368,270193;53,283277;53,283277;143,249306;295,148326;282,34442;321,38120;378,33258;331,38710;349,3759;375,232214;426,30285;349,3759;419,137293;462,159244;156,426150;171,472133;145,186331;107,248317;95,450177;203,45789;247,97339;271,156309;144,213344;100,279277;203,45789;375,232214;403,93332;419,198227;426,171291;383,33256;454,165280;454,234170;555,239120;514,28999;291,74372;107,248317;120,416175;145,476128;123,520114;34,337224;118,448195;171,472133;129,52057;150,191329;221,384218;82,438220;203,45789;314,96325;350,87341;328,156295;219,336276;245,388177;306,413-4;232,442-19;412,122316;363,238198;331,38710;412,122316;392,34538;412,122316;435,212172;421,30287;442,34053;506,151221;506,151221;478,268100;479,30372;479,30372;555,239120;520,31342;511,240160;541,249147;
325,172260;399,208197;399,208197;298,192266;399,208197;368,270193;368,270193;295,148326;375,232214;419,137293;462,159244;171,472133;95,450177;375,232214;403,93332;419,198227;426,171291;454,165280;454,234170;555,239120;514,28999;145,476128;123,520114;118,448195;171,472133;129,52057;221,384218;82,438220;328,156295;219,336276;245,388177;412,122316;363,238198;412,122316;412,122316;435,212172;442,34053;506,151221;506,151221;478,268100;479,30372;479,30372;555,239120;520,31342;511,240160;541,249147;382,139403;256,263391;191,389292;207,410222;113,415202;157,430192;135,462158;143,478144;87,510139;101,52668;346,129428;382,139403;286,261378;191,389292;174,444155;292,472119;266,476114;505,40418;207,410222;382,139403;328,194250;294,37093;360,43452;360,43452;401,38473;505,40418;467,131259;386,310164;429,32789;463,33988;401,38473;505,40418;489,87337;505,40418;505,40418;505,40418;515,253142;557,27094;528,266106;
368,270193;368,270193;462,159244;419,198227;454,165280;555,239120;514,28999;145,476128;123,520114;129,52057;82,438220;219,336276;442,34053;506,151221;506,151221;478,268100;479,30372;479,30372;555,239120;520,31342;511,240160;541,249147;382,139403;256,263391;191,389292;207,410222;135,462158;143,478144;87,510139;101,52668;346,129428;382,139403;286,261378;191,389292;266,476114;505,40418;207,410222;382,139403;360,43452;360,43452;505,40418;386,310164;429,32789;463,33988;505,40418;489,87337;505,40418;505,40418;505,40418;515,253142;557,27094;528,266106;242,281431;256,263391;164,306321;231,401235;248,451208;353,163426;301,475146;284,48930;301,475146;360,201376;288,235361;235,351262;360,43452;434,173366;235,351262;418,346137;409,42193;464,90397;417,188236;583,108316;501,245225;424,318149;496,153309;445,34625;574,62331;517,33169;494,33821;529,227191;516,230151;573,23960;
555,239120;123,520114;82,438220;555,239120;541,249147;191,389292;207,410222;87,510139;101,52668;191,389292;207,410222;386,310164;463,33988;557,27094;242,281431;284,48930;409,42193;424,318149;517,33169;494,33821;573,23960;242,281431;272,319394;295,322384;276,354371;190,412283;441,118447;323,202454;259,312409;259,52370;406,138436;284,238419;241,408251;451,115427;366,208453;306,394272;379,483217;396,161424;532,280310;344,372227;420,418143;526,319147;450,371114;568,108425;532,280310;532,280310;510,330117;593,140392;532,280310;568,108425;612,100259;593,140392;586,191371;593,140392;625,169125;
