----Iteration 7----
828,-871205;1426,-301959;1417,-5511234;414,-571141;1075,-3371191;950,-7981257;1290,-4231080;1165,-5461096;1051,-295779;1053,-3331023;771,-7771236;847,-161795;529,-2171378;1091,23706;454,119378;885,-292882;993,-189869;933,-318970;
210,1361201;335,1781091;337,1721099;354,1681097;354,1681097;560,91206;821,251144;821,251144;529,771004;397,1481019;821,251144;1025,59892;901,38950;1110,-231240;1025,59892;1110,-231240;1025,59892;1143,-271273;1110,-231240;1309,-931051;1178,-431041;1110,-231240;1341,-631001;1178,-431041;1353,-3171118;1389,-931030;1320,-581044;1389,-931030;
1219,2161377;1251,2211260;1164,1101444;1251,1861347;1185,3211227;1212,2871294;1208,2221328;1219,2161377;1251,1861347;1251,1861347;1251,1861347;1364,1061141;1432,341177;1384,641148;1432,111194;1438,381165;
1251,2211260;1164,1101444;1251,1861347;1185,3211227;1212,2871294;1251,1861347;1251,1861347;1251,1861347;1041,4521416;1041,4521416;1164,1101444;1066,3771148;1193,2581426;1217,2321339;1132,3611138;1211,3561148;1211,3561148;1259,1561338;1249,2021309;1211,3561148;1259,1561338;1239,2211386;1249,2021309;1500,1761241;1487,1311249;1487,1311249;1515,1331219;1500,1761241;1510,1821222;1500,1761241;1492,2291220;1510,1821222;1510,1821222;
1185,3211227;1212,2871294;1041,4521416;1041,4521416;1193,2581426;1217,2321339;1239,2211386;900,941685;887,1111641;900,941685;1201,2821385;1159,2881434;1069,4251367;1069,4251367;1066,4961340;1067,4291360;1159,2881434;915,841592;952,2621550;1169,771512;1153,4161302;1141,961577;1159,2881434;1101,4571322;1238,3601182;1196,2541388;1238,3601182;1242,161542;1311,1911490;1603,1391320;1556,2201281;1541,2631303;1603,1391320;1603,1391320;1584,2031330;1603,1391320;1584,2031330;1594,2091311;1577,2101301;1584,2031330;1613,1451301;1603,1391320;
1041,4521416;1041,4521416;1193,2581426;900,941685;887,1111641;900,941685;1201,2821385;1066,4961340;915,841592;952,2621550;1169,771512;1153,4161302;1141,961577;1101,4571322;1242,161542;1311,1911490;1613,1451301;878,441715;900,941685;915,841592;955,2521550;947,2971569;1161,2971462;1161,2971462;988,4441525;1073,4701349;900,4911534;1076,4571396;1091,391734;952,2621550;1184,4151295;1125,821632;1239,11570;1161,2971462;1301,4371251;1242,161542;1279,-131536;1408,3071384;1408,3071384;1279,-131536;1549,5051183;1558,1831381;1451,2711403;1624,3311264;1549,5051183;1594,971403;1624,3311264;1612,3221356;1582,2041364;1624,3311264;1634,2491244;1624,3311264;1666,2251292;1666,2251292;1634,2491244;
1242,161542;878,441715;947,2971569;1161,2971462;1161,2971462;988,4441525;900,4911534;1091,391734;1161,2971462;1242,161542;1279,-131536;1408,3071384;1408,3071384;1279,-131536;1549,5051183;1558,1831381;1451,2711403;1549,5051183;1594,971403;1612,3221356;1582,2041364;948,1391679;947,2971569;1110,5351502;988,4441525;1128,901679;947,1651713;1317,4871266;1167,1061650;1167,1061650;1187,1331634;1012,2751559;988,4441525;1317,4871266;1317,4871266;1167,1061650;1370,3301447;1230,4321379;1230,4321379;1271,31712;1342,-81531;1328,2501509;1370,3301447;1374,3591333;1342,-81531;1377,1411522;1563,4191248;1578,4471177;1573,5241120;1398,-721500;1594,971403;1602,471407;1577,1361411;1582,3371313;1641,3581303;1602,471407;1602,471407;1641,3581303;1679,3871272;1723,2511298;1715,3011294;1715,3011294;1723,2511298;
947,2971569;988,4441525;1091,391734;1612,3221356;947,2971569;1110,5351502;988,4441525;1128,901679;1187,1331634;1012,2751559;988,4441525;1370,3301447;1271,31712;1342,-81531;1328,2501509;1370,3301447;1342,-81531;1377,1411522;1563,4191248;1573,5241120;1398,-721500;1641,3581303;1641,3581303;1679,3871272;1723,2511298;1715,3011294;1715,3011294;1723,2511298;947,2531740;926,2961696;851,5321626;802,6641444;1323,5031308;1323,5031308;940,4911690;1192,1081654;1192,1081654;979,1641726;1308,5731489;1133,6411389;1314,2031559;1315,2241542;1358,-551546;1573,4871238;1582,5211193;1382,3451389;1559,5511300;1537,6731053;1599,3641352;1613,5001217;1582,5211193;1678,1271450;1655,761477;1752,1701436;1708,3211428;1694,3441250;1804,1631351;
1091,391734;1110,5351502;1370,3301447;1271,31712;1370,3301447;1377,1411522;1323,5031308;1323,5031308;940,4911690;979,1641726;1308,5731489;1133,6411389;1314,2031559;1559,5511300;1537,6731053;1678,1271450;1655,761477;1752,1701436;1708,3211428;990,3141671;927,5961616;1056,5831666;910,6651571;950,3931757;1235,941681;1227,1881712;1317,5641497;1301,6071476;1316,1471570;1360,2921543;1439,7501044;1325,-1081550;1308,5731489;1522,6161128;1659,6031076;1360,2921543;1393,2741460;1637,5721184;1589,281520;1638,4771387;1637,-81547;1630,681495;1692,5261292;1702,4441432;1659,6031076;1720,4991243;1692,5261292;1817,3761401;1727,4101311;1817,3761401;
1091,391734;1110,5351502;1271,31712;1323,5031308;1323,5031308;940,4911690;979,1641726;1308,5731489;1559,5511300;1752,1701436;1708,3211428;927,5961616;1056,5831666;910,6651571;950,3931757;1227,1881712;1317,5641497;1301,6071476;1360,2921543;1439,7501044;1308,5731489;1360,2921543;1393,2741460;1637,5721184;1638,4771387;1692,5261292;1702,4441432;1720,4991243;1692,5261292;1817,3761401;1817,3761401;1036,5931675;920,5951643;927,5961616;890,6241577;928,7311526;1153,7591411;1111,7141447;1276,7791288;1265,1001690;1098,5581570;1098,5581570;1351,7921147;1265,1001690;1265,1001690;1350,1371625;1327,4911554;1567,6901122;1350,1371625;1361,1261617;1364,1811605;1329,3891637;1655,6651155;1424,2471591;1618,6021210;1738,1701537;1667,5631226;1706,6161166;1774,1201569;1736,931602;1701,4231449;1753,5211223;1802,4491344;1745,5241161;
1308,5731489;950,3931757;1227,1881712;1317,5641497;1439,7501044;1308,5731489;1638,4771387;1692,5261292;1702,4441432;1720,4991243;1692,5261292;1153,7591411;1111,7141447;1276,7791288;1265,1001690;1098,5581570;1098,5581570;1265,1001690;1265,1001690;1364,1811605;1329,3891637;1424,2471591;1618,6021210;1667,5631226;1701,4231449;1753,5211223;1745,5241161;971,3011789;1008,3321747;1046,5421718;1086,6441670;978,7951600;1020,8401564;1281,8651273;1259,1411777;1232,1871766;1047,5751717;1038,5841709;1069,6731683;1071,7621384;1401,61895;1086,6441670;1357,8211180;1361,3651685;1265,6621529;1292,6111495;1531,750939;1525,611802;1338,5061599;1307,6561480;1683,7221139;1410,3661576;1676,4681421;1650,7421131;1787,2061542;1702,4441432;1525,611802;1733,811626;1701,4231449;1626,6011271;1673,5561318;1706,7001199;1811,1591607;1865,4581411;1855,3681443;1881,4141398;
----Iteration 0----
1175,-709906;920,-4121107;1318,-7181129;1001,-5001331;1438,-103891;855,-3121206;1484,-387900;881,132744;907,196659;788,-160955;943,-2401091;1075,-6591007;
998,-5051250;640,32699;640,32699;629,175699;1438,-103891;1215,-3531237;979,-4751276;640,32699;789,43621;1215,-3531237;829,-5610;1215,-3531237;788,-160955;1497,-4961046;933,-316945;921,-192997;1497,-4961046;1497,-4961046;1568,-401963;1497,-4961046;1530,-430994;1530,-430994;1567,-449965;1568,-401963;
629,175699;1438,-103891;1215,-3531237;1215,-3531237;1215,-3531237;1497,-4961046;921,-192997;1497,-4961046;1497,-4961046;1497,-4961046;1530,-430994;1530,-430994;1059,-4911295;1230,-3961215;1215,-3531237;715,-1511025;677,122773;638,106802;677,122773;677,122773;677,122773;1178,-3761280;885,-100991;918,60989;677,122773;511,290651;677,122773;1215,-3531237;1109,0956;1240,-4221134;1230,-3961215;918,60989;1497,-4961046;1517,-5861036;1488,-129935;1460,-152996;1532,-4521025;1597,-295981;1557,-252968;
1215,-3531237;1215,-3531237;1215,-3531237;1230,-3961215;1215,-3531237;1178,-3761280;511,290651;1215,-3531237;1230,-3961215;1120,-2661210;1093,-1931351;473,306654;1227,-3651274;712,166812;678,256804;1093,-1931351;909,1231030;1330,123916;1330,123916;1234,-3841208;1477,181204;1334,121911;1477,181204;1638,126887;1566,144828;1477,181204;1474,651189;1566,144828;1622,-1021121;1560,-2691134;1566,144828;
511,290651;1093,-1931351;473,306654;1093,-1931351;1062,-2491380;1093,-1931351;1150,1681133;1113,2631019;1242,147971;1506,641205;1486,1061178;1486,1061178;1506,641205;1537,222870;1576,211343;1694,821194;1584,182850;1624,-231315;1663,1321159;1640,-1491273;1683,901186;1683,901186;
1624,-231315;1015,-1411431;713,3081007;1489,2371128;1468,2811110;1387,2371155;1577,991412;1489,2371128;1577,991412;1592,561423;1600,-91320;1653,-761324;1764,1871285;1764,1871285;1792,1841313;1792,1841313;1794,2271269;1815,1871263;
1489,2371128;1468,2811110;1387,2371155;1489,2371128;1764,1871285;1764,1871285;1792,1841313;1792,1841313;1794,2271269;1815,1871263;1521,1751318;1367,3321120;624,386688;1327,3751107;1201,2291386;1521,1751318;1421,2501147;1638,1211476;1446,2441153;1719,2911067;1719,2911067;1829,1131389;1792,1841313;1794,2271269;1738,2911043;1859,2341200;1833,1561354;1859,2341200;1859,2341200;
1859,2341200;1859,2341200;1859,2341200;1660,1661531;1656,2431447;1656,2431447;1677,1471542;1698,1741508;1700,491548;1668,2181522;1710,3851395;1739,4361148;1756,3661376;1773,4311260;1706,131509;1775,3191406;1775,3191406;1802,3891257;1805,3691310;1890,1721471;1869,2151427;1843,2821399;1817,2981351;1911,1821208;1953,1091280;1911,1821208;
1660,1661531;1656,2431447;1656,2431447;1677,1471542;1698,1741508;1700,491548;1668,2181522;1710,3851395;1756,3661376;1773,4311260;1706,131509;1775,3191406;1775,3191406;1843,2821399;1817,2981351;1953,1091280;1596,2421539;1617,2691505;1617,2691505;1617,2691505;1611,1411732;1631,1911720;1615,2251567;1615,2251567;1864,4881089;1864,4881089;1743,4441349;1814,5191183;1768,5431311;1617,2691505;1631,1911720;1625,2151556;1775,3191406;1823,4241287;1871,4651154;1749,81542;1848,4081312;1871,4651154;1864,1651486;1843,2821399;1832,2441410;1881,4221143;1930,2111480;1870,3571251;1957,3731235;1891,2191441;1932,2571386;1930,2111480;
1668,2181522;1773,4311260;1617,2691505;1617,2691505;1617,2691505;1611,1411732;1631,1911720;1864,4881089;1864,4881089;1743,4441349;1814,5191183;1768,5431311;1617,2691505;1631,1911720;1823,4241287;1871,4651154;1848,4081312;1871,4651154;1881,4221143;1930,2111480;1957,3731235;1891,2191441;1932,2571386;1930,2111480;1631,1911720;1681,1961690;1643,2171710;1648,1971671;1527,3171487;1719,5271345;1768,5431311;1728,5861298;1623,2521724;1595,2671540;1527,3171487;1694,4281383;1683,5501367;1691,4361394;1708,1831647;1709,1481628;1708,1831647;1666,2581523;1719,5271345;1771,5061229;1734,641705;1794,-161730;1700,2191510;1861,4071469;1771,5061229;1864,4881089;1742,241691;1895,4211286;1975,1191557;1950,1691507;1886,2931438;1876,4581198;1908,3021386;1907,2761438;1918,2841257;1950,1691507;1952,2151413;1952,2151413;
1728,5861298;1794,-161730;1861,4071469;1610,5711396;1594,6161369;1679,6091313;1707,1061867;1638,3151708;1757,561854;1924,5221446;1806,5981201;1800,3541654;1851,4621579;1924,5221446;1787,2661807;1898,5531380;1927,6221095;1847,111723;1868,1121688;1940,1061625;1846,1561638;1970,4411288;2019,4021303;1970,4411288;2005,1341557;2051,3091509;2006,3131482;2007,1771513;2057,2031465;
----Iteration 2----
1237,-176958;1040,-7851430;927,-5651833;1054,-2781043;1047,31318;1073,248991;748,299984;1450,-576909;1329,-3391107;1234,-333992;
918,193988;918,193988;612,1061343;795,1301167;979,217964;795,1301167;938,1041087;1167,191903;938,1041087;1170,153896;979,271087;1170,153896;1199,251049;1262,-5691151;1346,-5981129;1288,-4481148;1228,-1261121;1316,-6451222;
612,1061343;795,1301167;795,1301167;1199,251049;1228,-1261121;986,2081079;983,2611055;965,561107;986,2081079;983,2611055;1078,272911;1158,1881105;1174,219938;1177,181931;1135,195958;1177,181931;1178,167925;1116,-2491416;1178,167925;1297,-1711194;1278,-3970;1199,251049;1197,311041;1297,-1711194;1199,251049;1389,-2971229;1297,-1711194;1312,-2991433;
612,1061343;795,1301167;795,1301167;986,2081079;983,2611055;986,2081079;983,2611055;1078,272911;1158,1881105;1116,-2491416;1297,-1711194;1297,-1711194;1389,-2971229;1297,-1711194;711,-1121407;711,-1121407;711,-1121407;1025,1201138;1064,111274;1026,2201043;1220,269968;1091,651273;853,1451163;1223,255943;1138,-1151383;1130,911225;1139,2361041;1130,911225;1357,941019;1296,1811069;1179,-611226;1351,91193;1254,731082;1296,1811069;1313,1661037;1334,-2031315;1341,-1781276;1345,145988;1344,-2541440;1402,-3671241;1389,-2971229;1395,-238960;1441,-279974;1392,-2601075;1441,-279974;
1116,-2491416;1138,-1151383;1351,91193;1334,-2031315;1341,-1781276;1344,-2541440;720,-201461;795,1731403;795,1731403;821,-1351605;1269,305973;862,-2501544;1277,2221151;907,-1181484;979,241414;1148,4561172;1195,2941275;1148,4561172;1283,357897;1137,-1011389;1211,2111163;1311,-961364;1322,-841342;1332,-571316;1456,-2301316;1601,-1791295;1611,-1521269;1418,2321149;1611,-1521269;1601,-1791295;1611,-1521269;
795,1731403;795,1731403;1277,2221151;979,241414;1148,4561172;1195,2941275;1148,4561172;1283,357897;1211,2111163;1332,-571316;1418,2321149;839,-971627;773,2081446;834,1791360;821,1941333;961,1001536;1110,-531369;1197,2781313;1261,4141147;1283,319983;1299,329944;1279,364958;1397,-1651827;1497,511215;1395,-1491789;1446,-2001813;1555,841154;1681,-3151610;1684,-751462;1574,371184;1679,-2991572;1631,-1501472;1634,-711410;1684,-751462;1654,-2871582;
1277,2221151;1148,4561172;1195,2941275;1148,4561172;1211,2111163;1418,2321149;1197,2781313;1261,4141147;807,2891412;1325,3401092;1325,3401092;1173,-71972;1113,2651557;1311,400977;1186,-1012101;1328,1441858;1330,1941177;1328,1441858;1546,1091877;1546,1091877;1596,1271510;1813,-3471762;1597,41906;1596,1271510;1835,-531581;1802,1031392;1820,251553;1812,-2551778;1864,-991668;1845,-2491723;1857,331438;1875,-2391524;
1277,2221151;1148,4561172;1195,2941275;1148,4561172;1211,2111163;1418,2321149;1197,2781313;1261,4141147;1325,3401092;1325,3401092;1173,-71972;1311,400977;1186,-1012101;1328,1441858;1330,1941177;1328,1441858;1546,1091877;1546,1091877;1597,41906;1835,-531581;1802,1031392;1812,-2551778;1864,-991668;1845,-2491723;1857,331438;1875,-2391524;1158,-231974;1158,-231974;1173,-71972;1173,-71972;1108,2361644;1136,2931570;1082,3101535;1114,3591488;1152,3771231;1186,-411983;1163,-572165;1217,-101964;1224,231940;1296,1901882;1335,357995;1311,400977;1217,-101964;1412,-1192016;1350,-1892075;1462,781909;1462,781909;1546,1091877;1423,1851197;1363,-211911;1636,-1031868;1511,1321888;1598,1431532;1780,-3631961;1759,-3331933;1597,41906;1650,1161848;1607,1741522;1598,1431532;1655,1301494;1828,951419;1802,1031392;1780,-3631961;1822,781554;1877,-3101877;1843,-721631;1877,-3101877;
1148,4561172;1148,4561172;1261,4141147;1325,3401092;1325,3401092;1173,-71972;1311,400977;1546,1091877;1546,1091877;1597,41906;1835,-531581;1864,-991668;1173,-71972;1173,-71972;1108,2361644;1136,2931570;1114,3591488;1152,3771231;1217,-101964;1224,231940;1296,1901882;1311,400977;1217,-101964;1412,-1192016;1350,-1892075;1546,1091877;1511,1321888;1598,1431532;1780,-3631961;1597,41906;1650,1161848;1607,1741522;1598,1431532;1780,-3631961;1822,781554;1843,-721631;1111,92084;1111,92084;1280,1721931;1106,2401637;1252,3231549;1097,5061402;1240,417956;1369,-1332068;1195,-212216;1147,1391935;1035,2221721;1087,2661616;1355,3771033;1427,-1282047;1381,-752026;1320,1181916;1252,3581259;1427,-1282047;1518,991920;1650,1161848;1567,1521566;1496,2791352;1459,3211126;1780,-3631961;1553,1641863;1513,2641320;1702,-401904;1698,1121729;1702,2011502;1778,-1881953;1885,1531485;1776,-1251841;1888,-2661886;1912,-1811835;1923,1241476;1910,131570;1923,1241476;
1325,3401092;1325,3401092;1311,400977;1546,1091877;1546,1091877;1597,41906;1296,1901882;1311,400977;1350,-1892075;1546,1091877;1511,1321888;1597,41906;1280,1721931;1252,3231549;1369,-1332068;1355,3771033;1427,-1282047;1381,-752026;1320,1181916;1427,-1282047;1518,991920;1496,2791352;1459,3211126;1553,1641863;1513,2641320;1702,-401904;1698,1121729;1702,2011502;1778,-1881953;1885,1531485;1776,-1251841;1888,-2661886;1912,-1811835;1923,1241476;1910,131570;1923,1241476;1151,2021971;1074,3051771;1171,4421669;1243,5691486;1270,902285;1171,4421669;1268,4571507;1417,-802062;1547,721937;1675,2151686;1738,2201465;1665,1731852;1544,2361593;1673,61905;1677,1421793;1738,2201465;1816,-3822057;1794,651788;1847,-2242054;1867,1001658;1835,-411747;1853,-1221803;1900,-411701;
1296,1901882;1511,1321888;1280,1721931;1252,3231549;1553,1641863;1702,-401904;1778,-1881953;1885,1531485;1776,-1251841;1888,-2661886;1912,-1811835;1074,3051771;1243,5691486;1270,902285;1268,4571507;1675,2151686;1738,2201465;1665,1731852;1544,2361593;1673,61905;1677,1421793;1738,2201465;1794,651788;1847,-2242054;1853,-1221803;1168,1982028;1175,2231989;1150,2472018;1124,3691728;1171,5151677;1170,5711666;1207,5691631;1168,1982028;1152,2312056;1208,4811656;1369,5021213;1527,1241916;1175,2231989;1312,5331468;1609,1202110;1665,1731852;1563,3171510;1601,3461479;1667,4051092;1636,-2242067;1694,-391904;1639,2681590;1736,-2211975;1695,2531547;1860,-2442145;1739,2101545;1807,2481411;1826,-1011832;1952,1491748;1908,2291416;1978,1481735;2020,1521716;1978,1481735;
----Iteration 3----
1212,-6531254;894,-5381134;1202,-352945;800,-12800;1015,-9571413;1177,-4741052;1043,-3831085;864,-34547;1120,-5891205;1185,-78902;1034,-1921123;1120,-5521126;1331,-349699;1294,-496756;681,-1211394;1181,-2061030;777,-2991308;943,-72782;
1014,194696;855,206800;1085,186828;1133,211608;1351,1171056;1359,1081075;1436,-721232;1385,1001102;1436,-721232;
1351,1171056;1359,1081075;1385,1001102;1301,273889;1359,1081075;1415,301177;1546,-441253;1562,-871274;1348,1711049;1586,-221209;1586,-221209;
1415,301177;1348,1711049;860,1831073;1418,-741367;1323,342942;1347,2691026;1458,1801027;1619,-1031323;1533,941096;1491,1461135;1615,-441265;1597,251262;1533,941096;1660,231254;1659,-811279;1533,941096;1660,231254;1660,231254;1682,71188;
1323,342942;1286,-3851407;1079,4051083;1519,2281126;1467,2551212;1529,2721115;1519,2281126;1519,2281126;1719,1611392;1719,1611392;1708,1781357;1723,1331358;1818,1191244;
1331,5011103;1446,3521213;1488,4151103;1484,3551143;1587,3401167;1913,2971507;1913,2971507;1913,2971507;
1331,5011103;1488,4151103;1587,3401167;1913,2971507;1913,2971507;1913,2971507;1399,-1461591;1356,-1101572;1370,4511132;1331,5011103;1535,3821431;1559,3911390;1416,4511116;1578,3781350;1578,3781350;1583,3631380;1604,3081191;1913,2971507;1913,2971507;1913,2971507;1899,2981466;1934,2541551;1934,2541551;
1399,-1461591;1934,2541551;1934,2541551;1396,-1081598;1585,5341390;1830,5151408;1844,4791400;1844,4791400;1844,4791400;1902,2641576;1934,2541551;1866,4751380;1961,2291552;2012,4211545;1983,4661515;
1399,-1461591;1396,-1081598;1830,5151408;1844,4791400;1844,4791400;1844,4791400;1902,2641576;1866,4751380;1961,2291552;2012,4211545;1983,4661515;1614,5801467;1662,6371463;1714,6411416;1830,5151408;1842,1201588;1791,5651379;1829,5221389;1830,5151408;1937,3791566;1962,4481529;2012,4211545;2040,3971510;2089,4131476;2135,4131460;
1902,2641576;1961,2291552;2012,4211545;1983,4661515;1662,6371463;1714,6411416;1842,1201588;1937,3791566;1962,4481529;2012,4211545;2040,3971510;2089,4131476;2135,4131460;1813,5381464;1624,7141477;1825,1391615;1813,5381464;1662,6371463;1650,6871450;1842,1201588;1810,5561481;1815,6081383;1745,6341453;1877,1921580;1859,5381448;1849,5701345;1849,5701345;1784,5951438;1948,5041514;2058,3111499;2058,3111499;2134,4151449;2054,4961475;2112,3881466;2135,4131460;2134,4151449;2134,4151449;2134,4151449;2145,3991417;
1624,7141477;1650,6871450;1644,6911530;1644,6911530;1644,6911530;1687,6751429;2024,3151647;1744,6561404;2027,2971630;2027,2971630;2024,3151647;1977,4351579;2027,2971630;2030,3471572;2081,6441527;2123,6011569;2123,6011569;2249,6031534;2249,6031534;2263,6501484;
----Iteration 5----
1345,-1241531;699,-81176;1205,68746;1395,-531881;568,-10241537;1102,-24882;1442,-359808;
1076,1991198;1076,1991198;1084,1981293;1053,3911136;1084,1981293;1059,2901179;1059,2901179;1066,3101157;1066,3101157;1063,2591210;1155,-5861071;1433,4698;1471,-240734;1091,131987;1456,139650;1564,-182713;
1076,1991198;1076,1991198;1084,1981293;1053,3911136;1084,1981293;1059,2901179;1059,2901179;1066,3101157;1066,3101157;1456,139650;1564,-182713;1035,2181323;1070,2651296;1035,2181323;1070,2651296;1027,2731313;1070,2651296;1203,2561123;1179,3531130;1238,2771103;1209,3101086;1238,2771103;1260,3431038;1273,3161056;1345,3881031;1296,4041001;1561,32843;1556,-53970;1478,196641;1530,174546;1571,-161680;1601,-171676;
1556,-53970;1124,4931361;1135,4741269;1135,4741269;1131,4491329;1160,5631236;1160,5631236;1368,4561285;1390,3891098;1511,1801526;1494,2001531;1390,3891098;1390,3891098;1514,2571405;1515,2901404;1665,50855;1660,354703;1648,112813;
1368,4561285;1511,1801526;1494,2001531;1514,2571405;1515,2901404;1660,354703;1138,4751408;1138,4751408;1173,5191387;1251,5851285;1251,5851285;1251,5851285;1246,6001255;1269,6051253;1269,6051253;1174,5061313;1411,5541280;1299,4501299;1489,5581251;1489,5581251;1258,1761584;1489,2111498;1489,5581251;1489,5581251;1490,2221423;1511,1801526;1515,2901404;1489,5581251;1539,5771238;1518,5361278;1539,5771238;1586,6041196;1515,2901404;1621,6431149;1552,2491352;1621,6431149;1633,6081110;1820,2161100;1784,721294;1788,1891134;
1515,2901404;1138,4751408;1138,4751408;1173,5191387;1515,2901404;1518,5361278;1515,2901404;1784,721294;1048,4961431;1136,2811464;1379,7121277;1347,7501243;1569,2581544;1466,5831365;1447,7371274;1577,2491563;1403,4991384;1590,2151765;1470,7071292;1630,2071795;1500,5771327;1622,2901351;1727,6881223;1630,2071795;1630,2071795;1722,6901238;1630,2071795;1789,1541289;1800,701289;1854,2171230;
1784,721294;1347,7501243;1447,7371274;1577,2491563;1590,2151765;1470,7071292;1630,2071795;1727,6881223;1630,2071795;1630,2071795;1722,6901238;1630,2071795;1789,1541289;1800,701289;1854,2171230;1405,7331293;1525,6821310;1460,7301278;1525,6821310;1630,2071795;1232,3031627;1493,6881423;1584,6771499;1711,6581307;1611,6931257;1594,3771562;1606,5811551;1727,6881223;1674,1441792;1623,4251382;1683,6791239;1722,6901238;1646,2271720;1742,1071512;1727,6881223;1759,7151189;1826,3901062;1826,3901062;1884,3581112;
1784,721294;1347,7501243;1447,7371274;1590,2151765;1470,7071292;1630,2071795;1630,2071795;1630,2071795;1630,2071795;1789,1541289;1800,701289;1405,7331293;1460,7301278;1630,2071795;1493,6881423;1584,6771499;1711,6581307;1594,3771562;1606,5811551;1674,1441792;1623,4251382;1646,2271720;1742,1071512;1884,3581112;1463,3411678;1463,3411678;1428,7031311;1590,2151765;1311,3811671;1561,6961368;1630,2071795;1550,7361246;1594,2481755;1630,2071795;1511,3241727;1646,2271720;1644,3111649;1664,6311349;1729,1271769;1633,2441676;1732,661699;1803,7191268;1790,661486;1897,2721278;2016,3391177;1925,5101092;
1606,5811551;1729,1271769;1790,661486;1670,3981787;1404,6901585;1404,6901585;1596,7311533;1442,7721331;1438,4781627;1416,6551643;1416,6551643;1570,7521534;1710,3901817;1570,7521534;1634,7141467;1710,3901817;1442,7191554;1542,7701525;1688,6311512;1743,1741719;1718,2241669;1700,5571536;1815,7211298;1815,7211298;1722,1471753;1921,7101301;1756,2171529;1910,1301377;1945,6791318;2062,3291189;2023,3751319;2042,4061297;2054,2911296;2054,2911296;
1606,5811551;1670,3981787;1596,7311533;1416,6551643;1416,6551643;1570,7521534;1710,3901817;1570,7521534;1710,3901817;1542,7701525;1700,5571536;1758,3491791;1670,3981787;1422,5281673;1489,5951607;1409,6991622;1542,7501536;1582,7421566;1577,7891489;1710,3901817;1504,7681557;1465,6461632;1498,6801577;1723,7161518;1683,7361501;1858,7321337;1805,3761749;1824,4071727;1776,4481753;1824,4071727;1542,7701525;1723,7161518;1828,4521590;1804,4831573;1845,7621390;1847,3631785;1875,4791548;1995,6971449;2027,7271399;1917,1341653;2064,7151378;1974,4071572;2026,3321527;2046,5261512;2117,5281435;2117,5281435;
1416,6551643;1416,6551643;1710,3901817;1710,3901817;1758,3491791;1582,7421566;1710,3901817;1465,6461632;1498,6801577;1723,7161518;1776,4481753;1723,7161518;1804,4831573;1847,3631785;1875,4791548;2064,7151378;2046,5261512;1707,5701799;1707,5701799;1746,5761756;1746,5761756;1387,6511698;1416,7031627;1417,7511625;1574,8341560;1613,8401517;1710,3901817;1711,8301554;1711,8301554;1755,5291773;1746,5761756;1481,6181679;1949,4771749;1765,5751766;1709,6111689;1684,6271596;1949,4771749;1960,4661741;1868,8431423;2057,7941463;2024,1861699;1981,4411766;2010,7671505;2064,8741363;2011,3761587;2039,7131486;2024,1861699;2045,4651542;2113,8331357;2024,1861699;2113,8331357;2146,6061500;2103,2751520;2145,6071280;2158,5711461;
----Iteration 4----
1200,-487995;983,-111943;857,-751274;1007,373491;1270,-438623;1167,-1181286;493,-6501364;672,-561114;1355,-5671235;1053,-5571340;1171,-416475;816,43798;880,-38719;1106,24578;584,2461180;924,-82720;1374,-895675;
898,-391310;859,-271577;1220,358852;1220,358852;1220,358852;1257,336801;1307,1531158;1174,377871;898,-391310;1220,358852;1208,408839;898,-391310;1237,1861025;1053,-5571340;1235,225855;1200,1631068;1309,290752;1375,1501006;1266,-301252;1375,1501006;1407,214855;1315,-681319;1390,-641196;1399,223836;1369,311108;
859,-271577;1307,1531158;1208,408839;1375,1501006;1266,-301252;1375,1501006;1315,-681319;1390,-641196;1225,2251131;1260,390855;1294,406842;810,2091553;1307,1531158;1245,3821023;1245,3821023;1245,3821023;1260,390855;1250,1861490;1335,362921;1315,-681319;1435,276970;1335,362921;1488,371015;1369,-821332;1370,991208;1435,276970;1435,276970;1451,219828;
859,-271577;1245,3821023;1245,3821023;1245,3821023;1250,1861490;1435,276970;1488,371015;1435,276970;1435,276970;1451,219828;859,2121575;1079,4301111;1242,4071054;1298,432859;1048,3241448;1270,454929;1219,4241045;1320,415909;1240,3461287;1224,596996;1272,2111373;1270,454929;1318,2111357;1354,398948;1338,451777;1360,434827;1378,2071416;1408,31269;1435,276970;1445,261226;1435,276970;1468,611041;1563,118976;1476,216913;1505,57998;1549,74996;1563,118976;
859,-271577;1250,1861490;859,2121575;1240,3461287;1224,596996;1563,118976;1549,74996;1563,118976;1100,3751563;1100,3751563;1280,5021131;1280,5021131;1280,5021131;1109,3611525;1280,5021131;1121,3261486;1100,3751563;1280,5021131;1308,3191360;1288,3221336;1419,4441096;1407,4941083;1339,3791202;1481,1211512;1345,1761460;1385,3061459;1339,3791202;1407,4941083;1385,3061459;1407,4941083;1494,4001172;1477,961540;1494,4001172;1494,4001172;1494,-121293;1521,2771208;1537,721021;
1563,118976;1549,74996;1563,118976;1407,4941083;1407,4941083;1407,4941083;1337,4731243;1297,5161230;1268,4631599;1268,4631599;1297,5161230;1294,5461111;1271,3621621;1249,5971698;1258,2461724;1268,4631599;1519,3051515;1465,3191502;1410,4081343;1536,2891539;1435,3291506;1437,3741405;1424,4711068;1523,3021608;1509,4531251;1537,3981348;1548,2391552;1523,3021608;
1563,118976;1563,118976;1407,4941083;1407,4941083;1407,4941083;1249,5971698;1258,2461724;1509,4531251;1537,3981348;1548,2391552;1109,4111722;1317,7281450;1301,7751435;1139,3641700;1317,7281450;1360,6321664;1324,6431646;1323,6611507;1320,6711530;1317,7281450;1369,4001604;1404,3891652;1492,4591593;1352,6361365;1442,4861577;1385,5421510;1486,3141629;1385,5421510;1539,3341624;1523,3591461;1537,3981348;1548,2391552;1562,3351292;
1314,4831730;1447,7131599;1358,5001728;1314,4831730;1358,5001728;1415,8881449;1509,3051697;1347,6001709;1430,6971607;1371,4131753;1482,7591574;1508,3291716;1480,5641707;1430,6971607;1496,8031554;1496,8031554;1545,3171695;1501,4211736;1562,5671663;1545,3171695;1496,8031554;1567,5751631;1536,6161622;1518,6501661;1645,6091613;1498,6741687;1700,6071622;1701,6281605;
1358,5001728;1358,5001728;1347,6001709;1371,4131753;1508,3291716;1501,4211736;1498,6741687;1530,8971591;1358,5001728;1348,6601695;1457,8161637;1503,4141739;1323,5151767;1536,2711708;1541,8681619;1536,2711708;1541,8681619;1619,7031683;1649,6561661;1688,7561646;1751,6471690;1688,7561646;1722,7301604;1766,6401707;1751,6471690;
1530,8971591;1541,8681619;1541,8681619;1619,7031683;1649,6561661;1688,7561646;1751,6471690;1688,7561646;1722,7301604;1766,6401707;1751,6471690;1375,4971803;1437,8801641;1437,8801641;1530,8971591;1509,9721590;1487,9941614;1381,4691849;1375,5371781;1486,3711787;1525,8621694;1522,9471587;1522,9471587;1510,3041773;1530,8971591;1522,9471587;1544,4571750;1540,6581709;1533,7321731;1541,8681619;1604,7481707;1551,8251571;1708,8081550;1708,8081550;1774,8691520;1736,6611655;1766,6401707;1817,7651543;
1541,8681619;1541,8681619;1619,7031683;1649,6561661;1688,7561646;1751,6471690;1688,7561646;1722,7301604;1766,6401707;1751,6471690;1375,4971803;1509,9721590;1487,9941614;1381,4691849;1544,4571750;1540,6581709;1533,7321731;1541,8681619;1604,7481707;1774,8691520;1736,6611655;1766,6401707;1331,5341814;1335,5441797;1359,7641753;1324,7201774;1324,7201774;1497,9441716;1487,9941614;1284,5081939;1289,5831911;1465,8581733;1532,9551708;1307,5111889;1389,7071794;1532,9551708;1530,4401828;1475,8281729;1533,9181615;1504,5861788;1541,8681619;1533,9181615;1556,4071763;1748,9111569;1751,6471690;1764,6341740;1694,8591597;1748,9111569;1861,7651578;1820,7831528;1820,7831528;1861,7651578;
----Iteration 6----
1258,-343694;870,-2691329;1238,-5951292;1311,-535631;1330,-739980;542,-1651250;1280,-4921023;1307,-477906;921,2091192;649,-6621428;1352,-167214;1155,-1161248;1030,-20738;
891,-981473;1146,-1351186;891,-981473;910,-2271266;934,901220;1146,-1351186;1014,209811;1206,-2381464;1146,-1351186;1206,-2381464;1281,-1551122;1423,121990;1472,137956;1281,-1551122;1367,-1301101;1472,137956;1472,137956;1472,137956;
964,-551785;850,61474;992,-461754;964,-551785;992,-461754;990,-1041790;1303,571283;1166,1591287;1320,3491242;1552,2091088;1253,-2961573;1325,-1491563;1288,921291;1359,-1491504;1481,1521122;1552,2091088;1460,-1431460;1591,271192;1644,1701043;1587,2031090;1552,2091088;1562,851246;1562,851246;1611,1811064;
1320,3491242;1552,2091088;1552,2091088;1644,1701043;1587,2031090;1552,2091088;1611,1811064;1251,3121281;1107,-1221807;1107,-1221807;1062,2481834;1323,2641199;1552,2091088;1246,3231248;1501,1931156;1461,2471127;1510,2281144;1518,2131133;1572,2391077;1644,201561;1581,1731630;1586,1341630;1587,2031090;1760,-1191368;1707,1241239;1663,891482;1760,-1191368;
1320,3491242;1251,3121281;1107,-1221807;1107,-1221807;1062,2481834;1246,3231248;1760,-1191368;1707,1241239;1760,-1191368;1081,1721750;1005,2941346;1136,-1641804;1107,-1221807;1402,2051636;1300,2771267;1642,2541522;1401,2141677;1691,2701488;1569,2291582;1623,1731668;1639,731626;1742,301552;1691,2701488;1692,-111562;1680,241601;1691,2701488;1824,-971341;1824,-971341;
1062,2481834;1081,1721750;1401,2141677;1106,-1131848;1081,1721750;1083,2151706;868,5401683;1145,-1191832;1133,4881463;1279,1071720;1133,4881463;1747,4651676;1785,4811655;1841,531454;1851,-811450;
1062,2481834;1106,-1131848;868,5401683;1145,-1191832;1279,1071720;1747,4651676;1785,4811655;1130,2481751;1128,2671752;868,5401683;868,5401683;1151,6131609;864,5711652;1127,-1391864;1171,-1401828;1075,-251863;1469,4081698;1247,1261764;1279,1071720;1304,6101637;1383,701731;1464,1081714;1584,3251704;1747,4651676;1747,4651676;1754,4901637;1792,5061616;1792,5061616;1773,5101617;1797,4711654;1782,3991668;1865,4271574;1792,5061616;1865,4271574;1792,5061616;1900,4161622;1949,4051598;
1127,-1391864;1075,-251863;1113,-1001876;1277,7201855;1130,6181862;1331,7061800;1310,6771838;1424,6641733;1702,5451850;1716,5921800;1716,5921800;1885,4881712;1928,5571692;1928,5571692;1943,5141703;1960,5841658;1975,5411669;
1277,7201855;1130,6181862;1331,7061800;1310,6771838;1702,5451850;1960,5841658;1033,-511930;1347,6931824;1645,7831758;1610,7881589;1580,4221912;1733,5261869;1758,4781850;1526,6071857;1758,4781850;1884,6551749;1898,7021699;1789,5971835;1884,6551749;1846,6611795;1898,7021699;1840,6671742;1884,6551749;1913,5871843;1884,6551749;1993,5801691;1980,5611737;1993,5801691;2008,5371702;
1277,7201855;1130,6181862;1331,7061800;1310,6771838;1033,-511930;1347,6931824;1645,7831758;1610,7881589;1580,4221912;1733,5261869;1526,6071857;1789,5971835;1846,6611795;1840,6671742;1913,5871843;1980,5611737;1195,2911915;1332,6051874;1347,6931824;1597,8241784;1676,7851681;1758,4901909;1767,7611615;1810,5881868;1829,6781830;1704,7591695;1921,7071717;1767,7611615;1938,6621773;1921,7071717;1940,5751805;1921,7071717;1936,7171680;2028,7271659;2004,6631734;2004,6631734;2047,6751721;2037,7131666;2047,6751721;
1645,7831758;1597,8241784;1225,1312052;1416,2481999;1518,7051905;1638,7781832;1598,8101778;1688,8271687;1656,8001721;1617,7731863;1764,7791560;1920,6981866;1911,7151833;1911,7151833;2065,7471777;1986,5271997;1966,6031924;2038,6031916;2065,7471777;2000,5741947;2023,7611804;2065,7471777;2065,7471777;
----Iteration 1----
1338,-2941106;1033,-72951;1068,-3301132;898,-2051115;810,-4991336;1135,-254718;1134,-1491030;1427,-7731252;693,-911059;483,-2651173;1527,-4611251;612,11461;
1192,1731603;1235,1661578;1263,1511560;
1101,601784;1101,601784;1268,3681776;1268,3681776;1268,3681776;1268,3681776;1268,3681776;1268,3681776;
1235,3221825;1308,4071785;1336,4251782;1336,4251782;1226,3521820;1308,4071785;1336,4251782;1336,4251782;1356,3831809;1356,3831809;1356,3831809;1366,4001784;
1308,4071785;1336,4251782;1336,4251782;1308,4071785;1336,4251782;1336,4251782;1356,3831809;1356,3831809;1356,3831809;1366,4001784;1336,4251782;1336,4251782;1308,4071785;1308,4071785;1356,3831809;1336,4651760;1336,4251782;1336,4251782;1392,3721827;1392,3721827;1392,3721827;1395,3401857;1392,3721827;1392,3721827;1392,3721827;
1336,4251782;1336,4251782;1336,4251782;1336,4251782;1336,4251782;1336,4251782;1336,4651760;1336,4251782;1336,4251782;1392,3721827;1392,3721827;1392,3721827;1395,3401857;1392,3721827;1392,3721827;1392,3721827;1106,6271813;1128,5741787;1106,6271813;1259,5541818;1259,5541818;1336,4251782;1372,4371780;1392,3721827;1259,5541818;1395,3401857;1390,4181831;1356,4651733;1390,4181831;1412,4121778;
1106,6271813;1106,6271813;1106,6271813;1106,6271813;1073,6641770;1073,6641770;1138,6171788;1186,6151842;1306,5581860;1327,5131859;1319,5181873;1350,5721814;1378,5901811;1414,6021809;1414,6021809;1410,4741824;1379,5271831;1393,6041770;1475,3881867;1501,3461818;1433,4311832;
1106,6271813;1106,6271813;1106,6271813;1106,6271813;1138,6171788;1186,6151842;1306,5581860;1327,5131859;1319,5181873;1379,5271831;1106,6271813;1072,6431787;1172,6681781;1172,6681781;1186,6151842;1472,6151827;1472,6151827;1472,6151827;1580,4771906;1580,4771906;1596,4271860;
1580,4771906;1580,4771906;1596,4271860;1324,6141954;1197,6411906;1277,7181891;1277,7181891;1329,5011893;1368,6961872;1350,7041851;1368,6961872;1289,7211861;1329,5011893;1479,6451857;1388,6581855;1443,6481810;1479,6451857;1498,6411856;1514,4321928;1498,6411856;1498,6411856;1498,6411856;1593,4371919;1580,4771906;1516,5941887;1498,6411856;1516,5941887;
1580,4771906;1580,4771906;1596,4271860;1277,7181891;1277,7181891;1593,4371919;1580,4771906;1370,6491949;1338,6591974;1277,7181891;1210,7671876;1210,7671876;1210,7671876;1338,6591974;1277,7181891;1210,7671876;1304,7691846;1304,7691846;1319,7221872;1304,7691846;1427,7921811;1462,6391906;1456,7571848;1438,7221870;1460,7091911;1523,6241917;1486,6731841;1593,4371919;1521,6651875;1558,6161951;1565,4981862;1521,6651875;1676,4751790;
1580,4771906;1580,4771906;1277,7181891;1277,7181891;1593,4371919;1580,4771906;1277,7181891;1277,7181891;1427,7921811;1460,7091911;1523,6241917;1593,4371919;1558,6161951;1565,4981862;1676,4751790;1218,7161956;1218,7161956;1336,8141830;1256,7951932;1498,7011993;1536,7111857;1524,7871858;1463,7871878;1599,4731905;1526,7021884;1578,7151838;1536,7111857;1578,7151838;1612,4331918;1599,4731905;1554,7061839;1660,5251836;1660,5251836;1719,4391809;1676,4751790;1719,4391809;
----Iteration 8----
924,1711138;1362,-4671631;1274,-1171035;1009,-2211205;1303,-3791350;935,28894;928,1481147;957,-77934;1519,-196941;
597,220893;1227,-1291019;1174,-1051138;1151,-721210;1082,-11190;1003,301316;1204,-1701295;1285,-3531391;1082,-11190;1315,-1851167;1322,-1701112;1256,-2771304;1277,-1531142;
1003,301316;1204,-1701295;1285,-3531391;752,3091287;992,-1371360;787,2751244;786,2711249;926,-1991394;810,2451262;724,3321378;849,2571255;937,-1481373;937,-1481373;810,2451262;856,2781222;926,-1991394;934,-2491398;923,-641387;974,-281350;856,2781222;992,-1371360;1045,-131301;1285,-3531391;1149,-711246;1183,781242;1123,-1161264;1289,1561212;1329,-2431365;1278,-221230;1380,-1211196;1370,-1381221;1380,-1211196;1380,-1211196;1380,-1211196;1380,-1211196;1380,-1211196;
1204,-1701295;724,3321378;1329,-2431365;724,3321378;844,3431366;977,-1531461;857,2981463;898,4291294;898,4291294;1010,3961365;873,-2181510;1008,-1601509;1042,2151360;1356,-3191470;1332,2291242;1013,3211448;1324,-2671470;1139,2131392;1163,1101383;1332,2291242;1356,-3191470;1495,-2581324;1501,-371223;1538,-651262;1501,-371223;1495,-2581324;
1324,-2671470;1538,-651262;789,481636;946,1181532;938,1681528;889,2991508;846,3071525;1270,4761427;1281,5231387;908,-1031602;889,2991508;1297,4801408;946,1181532;1046,-1101542;1131,3451483;1313,4361395;1364,-3041492;1257,-281524;1397,2291461;1393,-3471509;1503,721383;1349,4221426;1438,-121390;1615,-1921376;1548,-31153;1696,-2131440;1582,-71208;1696,-2131440;1717,-2181397;
1538,-651262;789,481636;946,1181532;938,1681528;846,3071525;1270,4761427;1281,5231387;1297,4801408;946,1181532;1046,-1101542;1131,3451483;1313,4361395;1257,-281524;1397,2291461;1503,721383;1438,-121390;1548,-31153;1696,-2131440;1582,-71208;1696,-2131440;1717,-2181397;820,851594;753,361638;820,851594;938,3381508;1069,3731503;986,4871487;954,4961391;1249,4951420;1281,5231387;922,5551380;938,1681528;938,3381508;1249,4951420;1043,-531602;958,861547;1281,5231387;1367,4261436;1376,3941381;1368,4171395;1609,-2461545;1390,3431423;1564,-1771452;1412,2081505;1427,1651516;1397,2291461;1390,3431423;1442,1021291;1397,2291461;1734,-2631514;1636,-1311404;1514,201146;1427,1651516;1651,-1051392;1651,-1051392;
1281,5231387;1297,4801408;1313,4361395;1696,-2131440;1696,-2131440;1717,-2181397;820,851594;820,851594;1249,4951420;1281,5231387;1249,4951420;1281,5231387;1367,4261436;1368,4171395;1651,-1051392;1651,-1051392;772,2361601;1006,6041503;1217,5771437;1320,5131365;1283,4941557;1293,5391328;1190,541648;1377,4641321;1372,4981375;1377,4641321;1612,-401614;1456,4061522;1393,4201308;1686,-2321557;1598,1191593;1499,3981505;1653,-1291562;1508,2191534;1507,3481509;1536,2401292;1766,-2391539;1598,1191593;1561,2381281;1618,1531238;1766,-2391539;
1006,6041503;1217,5771437;1320,5131365;1283,4941557;1293,5391328;1372,4981375;1173,5511567;1163,6521391;1195,6681360;1202,6421369;1173,5511567;1281,6011416;1202,6421369;1281,6011416;1372,4981375;1411,3441679;1426,4521437;1414,4961505;1387,5051367;1487,4421573;1646,3021643;1526,4251546;1755,-1111588;1599,3841470;1691,2431575;1646,3021643;1755,-1111588;1783,-1791554;1668,2981612;1737,1411614;1685,2791585;1783,-1791554;
1411,3441679;1646,3021643;1755,-1111588;1599,3841470;1691,2431575;1646,3021643;1755,-1111588;1783,-1791554;1668,2981612;1737,1411614;1783,-1791554;1124,4381676;1420,5241623;1371,5621572;1315,6801669;1594,2931670;1427,4081668;1429,5081637;1371,5621572;1336,5711466;1547,3131655;1646,3021643;1646,3021643;1537,4511578;1688,171621;1637,2881695;1724,-721652;1588,3921525;1714,-1341672;1647,1981667;1614,3411481;1688,2961594;1737,1411614;1696,2711563;1732,2441529;
1646,3021643;1691,2431575;1646,3021643;1668,2981612;1646,3021643;1646,3021643;1537,4511578;1637,2881695;1724,-721652;1588,3921525;1714,-1341672;1614,3411481;1688,2961594;1696,2711563;1732,2441529;1428,4361774;1574,3341673;1456,5351678;1618,3261710;1548,3411629;1425,7411730;1613,3301666;1660,2671824;1618,3261710;1514,4691614;1444,4881686;1664,2391767;1635,2021891;1588,3921525;1568,4161551;1695,2001703;1699,2011693;1630,3861476;1620,3881446;1646,3021643;1604,3711624;1830,1101606;1785,1661648;1752,2001591;
1646,3021643;1691,2431575;1646,3021643;1668,2981612;1646,3021643;1646,3021643;1688,2961594;1696,2711563;1732,2441529;1428,4361774;1574,3341673;1618,3261710;1425,7411730;1613,3301666;1660,2671824;1618,3261710;1664,2391767;1635,2021891;1646,3021643;1604,3711624;1830,1101606;1785,1661648;1392,4591796;1394,4201787;1428,4361774;1370,5851816;1341,6181799;1341,6181799;1394,4201787;1488,6041613;1475,6221565;1654,2681830;1556,3781736;1563,3961649;1506,4901642;1569,5731622;1476,5971692;1645,2881780;1595,3271800;1614,5661565;1664,2391767;1664,2391767;1645,5271501;1645,5271501;1730,2401739;1688,3191564;1779,2241769;1779,2241769;1753,3151512;1737,2381796;1801,1841621;1744,2271744;
----Iteration 9----
808,-101113;1127,-3701463;1486,128922;1107,-3581048;1027,-338971;1009,-2371351;834,-891044;610,-1731249;703,-3191517;
978,-1561167;838,134974;838,134974;838,134974;1231,-5041260;978,-1561167;1070,1071046;1486,128922;1259,-5221269;1231,-5041260;978,-1561167;980,-1601174;1038,621062;1030,-1671207;1070,1071046;1070,1071046;1070,1071046;1302,-3171011;1121,-851072;1259,-3141136;1259,-3141136;1265,-3501097;1302,-3171011;1302,-3171011;1302,-3171011;
1486,128922;1259,-3141136;1259,-3141136;1265,-3501097;915,-791217;1022,1081092;1043,351182;1266,-4111303;975,1671102;1022,1271082;1070,511937;1070,511937;1053,331212;1070,511937;1290,-4071296;1102,-1031161;1043,351182;1201,4831044;1228,-3521173;1300,462990;1259,-3141136;1405,2471062;1404,3081076;1404,3081076;1466,-52985;
1486,128922;1070,511937;1070,511937;1070,511937;1290,-4071296;1201,4831044;1300,462990;1404,3081076;1404,3081076;1268,-2331372;1067,891230;893,2201205;1070,511937;1037,548891;1047,513933;1169,-411259;1070,511937;1216,-1741429;1082,1681203;1026,2301163;1094,3201155;1142,489986;1234,-2061514;1216,-1741429;1108,-231243;1300,462990;1224,-1801420;1300,462990;1290,-4071296;1241,-2301405;1316,460985;1361,2621096;1404,3081076;1406,3041083;1406,3041083;1494,561119;1494,561119;1439,1881055;
1201,4831044;1300,462990;1037,548891;1094,3201155;1142,489986;1234,-2061514;1300,462990;1300,462990;1316,460985;1494,561119;1494,561119;1011,1531376;1020,2641296;1153,3521153;1317,-11430;1066,2381352;1113,4971034;1037,548891;1317,-11430;1069,2481326;1094,3201155;1104,5111072;1080,3471219;1204,3821085;1317,-11430;1097,1081310;1189,1561268;1258,4581009;1300,462990;1163,1701232;1381,-1701389;1337,522973;1381,-1701389;1536,3421116;1562,3411103;1494,561119;1465,641167;1562,3411103;1562,3411103;
1201,4831044;1300,462990;1037,548891;1234,-2061514;1300,462990;1300,462990;1316,460985;1317,-11430;1066,2381352;1037,548891;1317,-11430;1104,5111072;1204,3821085;1317,-11430;1258,4581009;1300,462990;1381,-1701389;1337,522973;1381,-1701389;1536,3421116;1562,3411103;1465,641167;1562,3411103;1562,3411103;1321,91413;1042,1941394;1042,1941394;867,4131126;1075,5341112;1024,5471116;1017,2731366;1088,5111107;1088,5111107;1340,-91494;1170,5221067;1075,1991350;1272,3741346;1337,522973;1337,522973;1349,-591426;1317,-11430;1272,3741346;1353,478960;1349,-591426;1367,-401410;1353,478960;1353,478960;1383,-901364;1365,2461192;1397,-2201343;1476,-941333;1522,2981136;1528,3571101;1427,-871268;1504,391158;1556,2751143;1570,3191123;1596,3181110;
1075,5341112;1024,5471116;1210,831599;1245,5261161;1245,5261161;1335,5871106;1245,3961433;1187,4071270;1245,5261161;1236,671647;1183,1091562;1278,3861481;1347,6541094;1275,701621;1245,3961433;1377,5941050;1386,591503;1278,3861481;1412,5711039;1396,361542;1352,3171440;1278,3861481;1376,5941061;1402,361475;1412,5711039;1698,1061439;1605,5001102;1598,3291220;1602,5181155;1619,5441082;1812,921470;1646,4841070;1812,921470;1726,3831138;
1210,831599;1245,5261161;1245,5261161;1335,5871106;1245,3961433;1245,5261161;1236,671647;1278,3861481;1347,6541094;1275,701621;1245,3961433;1377,5941050;1278,3861481;1412,5711039;1396,361542;1352,3171440;1278,3861481;1376,5941061;1412,5711039;1605,5001102;1602,5181155;1619,5441082;1812,921470;1646,4841070;1812,921470;1726,3831138;1209,1181618;1233,1451582;1272,1481556;1278,3861481;1249,4331423;1249,4331423;1249,4331423;1276,5931135;1247,4491385;1278,6151104;1275,701621;1278,3861481;1373,5641141;1377,5811057;1377,5941050;1285,471660;1461,2981534;1293,3631447;1318,4941255;1412,5711039;1553,2871520;1593,4271416;1633,2801481;1615,4041271;1640,2441510;1557,4361319;1692,1791481;1692,1791481;1659,3541274;1721,4251195;1876,2341465;1790,2881417;1863,2451432;1865,2951382;1865,2951382;1849,3391395;1876,2341465;1865,2951382;1878,1911411;
1335,5871106;1236,671647;1347,6541094;1275,701621;1377,5941050;1412,5711039;1376,5941061;1412,5711039;1605,5001102;1602,5181155;1619,5441082;1646,4841070;1209,1181618;1247,4491385;1275,701621;1373,5641141;1377,5811057;1377,5941050;1285,471660;1318,4941255;1412,5711039;1593,4271416;1615,4041271;1557,4361319;1721,4251195;1876,2341465;1790,2881417;1863,2451432;1865,2951382;1865,2951382;1849,3391395;1876,2341465;1865,2951382;1242,4601449;1241,4831419;1292,5321324;1290,5861226;1313,6341143;1435,4041577;1234,5111562;1285,5051326;1244,5721316;1326,4361502;1261,4411451;1404,6181019;1674,3481587;1621,3801505;1401,4871240;1421,5461068;1640,3641585;1721,3321614;1640,3641585;1781,3961175;1722,4691048;1709,4781008;1817,2421526;1674,3481587;1760,4681053;1812,2631482;1817,2421526;1921,2121513;1838,2401511;1849,3391395;1847,3611299;1855,2361480;1971,2081457;
1236,671647;1347,6541094;1285,471660;1593,4271416;1790,2881417;1865,2951382;1865,2951382;1849,3391395;1865,2951382;1313,6341143;1234,5111562;1674,3481587;1621,3801505;1401,4871240;1640,3641585;1721,3321614;1640,3641585;1817,2421526;1674,3481587;1812,2631482;1817,2421526;1921,2121513;1849,3391395;1847,3611299;1971,2081457;1476,4441629;1293,6351241;1462,7521085;1386,5581480;1348,5021486;1661,6481107;1362,6051452;1721,3321614;1721,3321614;1598,4151528;1420,4491561;1749,4771399;1661,6481107;1709,3621504;1749,4771399;1633,6161199;1817,2421526;1719,3611572;1851,5741062;1905,2501515;1888,3421369;1951,4591184;1978,1831516;1876,5861044;2022,2901275;2049,1281459;2008,4411190;2016,1771470;
1849,3391395;1234,5111562;1817,2421526;1817,2421526;1849,3391395;1462,7521085;1386,5581480;1362,6051452;1598,4151528;1749,4771399;1749,4771399;1817,2421526;1851,5741062;1905,2501515;1888,3421369;1951,4591184;1978,1831516;1876,5861044;2008,4411190;1592,3321698;1586,3591687;1498,5051705;1303,5431547;1364,5991460;1276,6121472;1340,6421431;1376,6471307;1662,6671241;1620,7381090;1731,3721643;1502,4061624;1671,3961519;1709,5511484;1624,5751453;1628,6511254;1671,6531203;1751,2581623;1799,2601568;1731,3721643;1739,4551480;1853,6501042;1805,2911502;1947,4891326;1865,2771514;1883,4971394;1891,5621108;2051,1761503;1977,2181535;2062,3011330;2084,1641575;1981,4341197;1951,4591184;1966,4501215;1993,3691342;2008,4411190;2076,1951486;2051,4051209;2109,2741425;
