----Iteration 2----
2544,2893;2698,2872;3107,2712;2939,2821;
3038,3308;3089,3244;
3088,3339;3168,3273;3179,3226;3210,3149;3241,3133;3251,3117;
3088,3339;3056,3342;3151,3316;3210,3296;3232,3288;3266,3284;3371,3203;3373,3191;
3088,3339;3056,3342;3151,3316;3210,3296;3232,3288;3266,3284;2598,3375;3527,3216;3536,3131;
3088,3339;3151,3316;3210,3296;3232,3288;3266,3284;3527,3216;3076,3387;3542,3202;3587,3170;3603,3159;3604,3106;
3210,3296;3232,3288;3266,3284;3587,3170;3603,3159;3604,3106;2697,3443;3109,3440;3114,3332;3157,3320;3313,3230;3305,3233;3268,3276;3574,3217;
3210,3296;3232,3288;3266,3284;3603,3159;3604,3106;3109,3440;3268,3276;2758,3465;3169,3408;3347,3272;3391,3250;3530,3249;3592,3236;
3603,3159;3604,3106;3109,3440;2758,3465;3530,3249;3592,3236;3227,3410;3236,3391;3245,3339;3279,3306;3419,3300;3448,3263;3601,3223;
3109,3440;2758,3465;3592,3236;3419,3300;3601,3223;2762,3449;3313,3430;3403,3310;3535,3298;3539,3293;3578,3278;3614,3176;
3109,3440;2758,3465;3419,3300;2762,3449;3313,3430;3403,3310;3535,3298;3539,3293;3578,3278;3358,3376;3374,3338;3401,3323;3638,3250;
----Iteration 0----
3059,2902;2612,2930;3159,2737;
3259,3131;3339,3106;
3099,3247;3363,3161;3333,3167;3432,3133;
3461,3349;3539,3314;3557,3303;3587,3298;
3461,3349;3539,3314;3557,3303;3587,3298;3530,3333;3573,3300;3608,3270;
3587,3298;3573,3300;3608,3270;3003,3455;3249,3428;3558,3359;3531,3365;3528,3402;3492,3415;
3003,3455;3249,3428;3558,3359;3528,3402;3492,3415;3549,3369;3571,3342;3591,3335;3612,3307;
3558,3359;3528,3402;3492,3415;3549,3369;3571,3342;3591,3335;2969,3532;3126,3509;3134,3481;3174,3468;3482,3428;3461,3456;3630,3325;
3558,3359;3528,3402;3492,3415;3549,3369;3591,3335;2969,3532;3126,3509;3134,3481;3482,3428;3461,3456;3630,3325;3420,3476;3566,3356;3579,3351;3633,3314;
2969,3532;3461,3456;3420,3476;3159,3524;3214,3482;3462,3449;3508,3444;3537,3407;3634,3399;
3420,3476;3159,3524;3214,3482;3508,3444;3537,3407;3634,3399;3087,3566;3099,3549;3111,3544;3173,3513;3203,3503;3197,3510;3487,3458;3644,3370;3645,3368;3683,3364;3698,3322;
----Iteration 6----
2955,2917;3062,2881;2895,2924;2542,2962;
3355,3099;3371,3068;3372,3058;
3507,3171;
3116,3389;3168,3377;3169,3332;3597,3178;3608,3161;
3116,3389;3168,3377;3169,3332;3608,3161;3227,3310;3584,3191;3600,3190;
3116,3389;3168,3377;3584,3191;3600,3190;3205,3355;3371,3313;3481,3305;3511,3288;3541,3260;3544,3252;3643,3171;
3600,3190;3643,3171;3146,3471;3187,3459;3223,3439;3556,3417;3538,3428;3589,3354;
3146,3471;3187,3459;3556,3417;3538,3428;3589,3354;3236,3457;3483,3434;3565,3379;3600,3195;3679,3155;3659,3171;
3146,3471;3187,3459;3538,3428;3236,3457;3679,3155;3659,3171;3383,3442;3502,3437;3591,3427;3623,3315;
3146,3471;3187,3459;3236,3457;3679,3155;3659,3171;3591,3427;3623,3315;3544,3455;3620,3329;3636,3214;
3679,3155;3623,3315;3544,3455;3620,3329;3418,3457;3395,3513;3593,3429;3628,3277;3659,3244;
----Iteration 4----
2759,2806;2999,2719;2833,2761;2746,3033;
2956,3149;2947,3157;3109,2997;3215,2981;3251,2964;3279,2950;
2881,3183;2958,3168;3168,3137;3229,3134;3266,3114;3397,3097;
3011,3210;3148,3198;3202,3177;3288,3143;3369,3119;3472,3113;
3164,3328;3360,3293;3385,3292;3428,3190;3506,3178;
3506,3178;3019,3457;3035,3399;3160,3378;3216,3369;3252,3355;3389,3296;3413,3286;3433,3204;3440,3185;
3329,3468;3402,3361;3570,3304;3550,3311;3641,3262;3612,3275;
3641,3262;3612,3275;3018,3503;3332,3480;3393,3430;3571,3372;3601,3336;3685,3239;3705,3212;
3332,3480;3393,3430;3601,3336;3685,3239;3705,3212;3203,3548;3227,3532;3279,3504;3427,3393;3577,3377;3654,3284;
3601,3336;3685,3239;3705,3212;3577,3377;3654,3284;3255,3573;3270,3572;3299,3535;3378,3506;3418,3443;3453,3437;3509,3383;3664,3266;3726,3210;
3601,3336;3685,3239;3705,3212;3577,3377;3654,3284;3509,3383;3664,3266;3726,3210;3345,3621;3368,3542;3392,3537;3457,3500;3468,3422;3494,3410;3744,3209;
----Iteration 7----
3044,2818;3100,2644;2742,2984;2855,2887;
3079,3153;
3105,3234;3126,3228;3137,3169;3207,3107;3216,3097;
3196,3303;3295,3130;
3196,3303;2730,3404;2801,3380;3210,3238;3341,3230;3379,3221;
3196,3303;2730,3404;3341,3230;3379,3221;2740,3399;2860,3385;3207,3266;3212,3249;3256,3238;
3196,3303;3379,3221;3207,3266;3212,3249;2788,3445;2831,3423;2906,3394;2914,3390;2946,3384;2986,3319;2993,3312;3107,3306;3355,3243;
3196,3303;3379,3221;3355,3243;2894,3486;2901,3463;2914,3424;2995,3403;3068,3377;3117,3335;3306,3298;3348,3290;
3348,3290;2996,3535;3197,3480;3190,3514;3208,3457;3283,3388;3293,3319;3306,3310;3385,3284;3391,3270;3457,3232;
3201,3605;3218,3544;3270,3516;3277,3514;3284,3491;3414,3487;3455,3337;3483,3316;3585,3307;3603,3283;
3201,3605;3603,3283;3240,3564;3300,3554;3357,3545;3405,3501;3420,3489;3458,3476;3597,3428;3565,3437;3613,3266;
----Iteration 3----
2916,2827;2550,2916;3035,2625;2846,2879;
3273,2884;
3273,2884;3486,2861;
3486,2861;3465,3168;3471,3117;3499,2841;
3465,3168;3206,3196;3539,3155;3572,3108;3581,3035;
3465,3168;3539,3155;3572,3108;3375,3270;3426,3258;3438,3213;3505,3164;3571,3109;3594,3093;
3426,3258;3363,3325;3378,3274;3475,3249;3505,3175;3575,3163;3594,3149;3615,3055;3596,3109;
3416,3355;3500,3343;3717,3220;
3500,3343;3717,3220;3439,3373;3493,3372;3672,3279;
3500,3343;3717,3220;3439,3373;3493,3372;3591,3333;3675,3330;3695,3223;
3717,3220;3695,3223;3614,3402;3691,3331;3648,3357;
----Iteration 5----
2737,2831;2732,2900;3133,2819;2517,3024;
3177,3165;3214,3128;3247,3095;3259,3046;3278,3040;3316,3016;3336,2968;
3177,3165;3367,3144;3384,3002;3375,3033;
3367,3144;3273,3238;3303,3175;3452,3053;3482,2893;
3157,3334;3295,3329;3455,3327;3485,3201;3508,3065;3512,3037;3530,3020;
3455,3327;3344,3390;3414,3356;3412,3361;3479,3304;3495,3246;3536,3210;3570,3137;
3344,3390;3283,3418;3480,3385;3518,3356;3591,3320;3592,3310;3601,3153;
3283,3418;3480,3385;3518,3356;3591,3320;3592,3310;3416,3402;3481,3363;3523,3351;3628,3264;3617,3274;
3480,3385;3416,3402;3128,3471;3372,3459;3402,3404;3484,3379;3579,3362;3530,3376;3664,3293;3637,3330;3632,3347;
3372,3459;3579,3362;3637,3330;3632,3347;3171,3480;3397,3438;3521,3424;3530,3414;3567,3393;3605,3358;3744,3317;
3579,3362;3637,3330;3632,3347;3567,3393;3605,3358;3744,3317;3177,3522;3218,3516;3566,3505;
----Iteration 1----
2875,2903;2719,2937;3041,2873;
3139,3096;3097,3126;3384,3062;
3201,3175;3372,3164;3441,3108;3510,3068;
3350,3273;3375,3243;3398,3237;3409,3220;3441,3214;3445,3153;3491,3127;3536,3049;3528,3115;3546,3014;
3360,3294;3472,3272;3517,3258;3518,3252;3520,3240;3581,3130;
3360,3294;3581,3130;3458,3287;3548,3276;
3581,3130;3548,3276;3306,3304;3493,3298;3560,3267;3583,3113;3584,3090;3601,3082;
3493,3298;3352,3355;3592,3293;3610,3185;3626,3153;3629,3135;
3592,3293;3626,3153;3629,3135;3410,3366;3419,3321;3577,3310;3619,3291;
3592,3293;3619,3291;3374,3382;3587,3379;3663,3180;
3356,3395;3675,3294;3674,3382;3683,3196;
----Iteration 9----
2749,2852;3080,2807;3142,2677;2531,2954;
3362,3062;
3487,3164;3479,3166;
3501,3186;
3505,3191;3520,3154;3574,3149;
3505,3191;3520,3154;3574,3149;2897,3275;3046,3230;3599,3133;
3574,3149;2897,3275;3046,3230;3599,3133;2639,3280;3508,3224;3539,3214;3546,3189;3610,3112;
2897,3275;3508,3224;3539,3214;2716,3359;3363,3262;3583,3198;3627,3178;3644,3073;
2770,3382;2779,3339;3624,3279;3654,3221;
2770,3382;2779,3339;3624,3279;2706,3383;2775,3351;3075,3323;3308,3322;3322,3310;3580,3302;3632,3244;3667,3231;
2815,3435;2852,3406;2910,3402;3638,3307;3615,3333;3684,3235;
----Iteration 8----
3045,2699;3034,3026;
3207,3130;3231,3083;
3207,3130;2928,3161;3052,3135;3334,3120;
3334,3120;3030,3220;3036,3189;3312,3185;3407,3098;3437,3083;3472,3074;
3312,3185;3023,3294;3082,3260;3140,3247;3204,3234;3271,3186;3329,3182;3543,3168;3586,3146;
3023,3294;3204,3234;3543,3168;3586,3146;3141,3290;3148,3289;3205,3208;3385,3206;3454,3191;3623,3067;3608,3084;
3543,3168;3586,3146;3025,3336;3219,3326;3471,3303;3526,3197;3651,3093;3610,3105;
3025,3336;3219,3326;3471,3303;3339,3310;3619,3289;3677,3270;3670,3272;
3670,3359;3700,3323;3721,3294;
3700,3323;3721,3294;3104,3399;3687,3398;3694,3363;
3700,3323;3721,3294;3687,3398;3694,3363;3315,3450;3350,3413;
