----Iteration 2----
x_Moead_Rfts=[3109, 2758, 3419, 2762, 3313, 3403, 3535, 3539, 3578, 3358, 3374, 3401, 3638]
y_Moead_Rfts=[3440, 3465, 3300, 3449, 3430, 3310, 3298, 3293, 3278, 3376, 3338, 3323, 3250]
----Iteration 0----
x_Moead_Rfts=[3420, 3159, 3214, 3508, 3537, 3634, 3087, 3099, 3111, 3173, 3203, 3197, 3487, 3644, 3645, 3683, 3698]
y_Moead_Rfts=[3476, 3524, 3482, 3444, 3407, 3399, 3566, 3549, 3544, 3513, 3503, 3510, 3458, 3370, 3368, 3364, 3322]
----Iteration 6----
x_Moead_Rfts=[3679, 3623, 3544, 3620, 3418, 3395, 3593, 3628, 3659]
y_Moead_Rfts=[3155, 3315, 3455, 3329, 3457, 3513, 3429, 3277, 3244]
----Iteration 4----
x_Moead_Rfts=[3601, 3685, 3705, 3577, 3654, 3509, 3664, 3726, 3345, 3368, 3392, 3457, 3468, 3494, 3744]
y_Moead_Rfts=[3336, 3239, 3212, 3377, 3284, 3383, 3266, 3210, 3621, 3542, 3537, 3500, 3422, 3410, 3209]
----Iteration 7----
x_Moead_Rfts=[3201, 3603, 3240, 3300, 3357, 3405, 3420, 3458, 3597, 3565, 3613]
y_Moead_Rfts=[3605, 3283, 3564, 3554, 3545, 3501, 3489, 3476, 3428, 3437, 3266]
----Iteration 3----
x_Moead_Rfts=[3717, 3695, 3614, 3691, 3648]
y_Moead_Rfts=[3220, 3223, 3402, 3331, 3357]
----Iteration 5----
x_Moead_Rfts=[3579, 3637, 3632, 3567, 3605, 3744, 3177, 3218, 3566]
y_Moead_Rfts=[3362, 3330, 3347, 3393, 3358, 3317, 3522, 3516, 3505]
----Iteration 1----
x_Moead_Rfts=[3356, 3675, 3674, 3683]
y_Moead_Rfts=[3395, 3294, 3382, 3196]
----Iteration 9----
x_Moead_Rfts=[2815, 2852, 2910, 3638, 3615, 3684]
y_Moead_Rfts=[3435, 3406, 3402, 3307, 3333, 3235]
----Iteration 8----
x_Moead_Rfts=[3700, 3721, 3687, 3694, 3315, 3350]
y_Moead_Rfts=[3323, 3294, 3398, 3363, 3450, 3413]
----End of Run----
