----Iteration 2----
duplicated=51.0,42.0,31.0,23.0,27.0,21.0,12.0,14.0,13.0,9.0
mean_error=148.31,81.3,68.81,63.82,52.98,49.77,56.37,54.41,53.44,54.3
memory=178.203125,185.69140625,190.4921875,193.57421875,196.0859375,198.29296875,200.25390625,202.1796875,204.2109375,205.58984375
time=17.414196491241455,14.814491987228394,12.67092752456665,11.938570499420166,12.501416683197021,13.351314067840576,12.200661182403564,12.170081615447998,13.782685279846191,12.949709415435791
----Iteration 0----
duplicated=46.0,44.0,40.0,19.0,22.0,17.0,21.0,8.0,11.0,13.0
mean_error=126.91,65.65,86.18,53.08,55.99,55.43,60.07,52.43,57.23,52.72
memory=175.31640625,184.44140625,190.0078125,194.0234375,196.19921875,198.33203125,200.78515625,203.1640625,204.37890625,205.828125
time=16.112269639968872,14.845308065414429,13.596282482147217,12.965863943099976,14.12846851348877,11.893911123275757,15.244282484054565,13.255242586135864,13.532185792922974,13.889539957046509
----Iteration 6----
duplicated=45.0,40.0,36.0,29.0,21.0,24.0,5.0,17.0,9.0,9.0
mean_error=149.47,51.18,75.66,55.35,55.64,58.43,51.54,51.16,49.08,49.21
memory=173.6953125,183.828125,191.2265625,195.68359375,197.5078125,198.92578125,200.59765625,202.734375,204.69921875,205.73828125
time=15.783376216888428,14.887594938278198,14.945864915847778,15.971796751022339,12.378245115280151,13.507769107818604,11.7700514793396,12.328686475753784,14.867635250091553,13.297805309295654
----Iteration 4----
duplicated=47.0,34.0,34.0,27.0,18.0,22.0,23.0,15.0,15.0,14.0
mean_error=162.99,69.99,54.93,62.37,67.14,62.58,58.03,54.9,52.46,56.1
memory=176.265625,182.98046875,190.6015625,194.5703125,196.84375,199.15234375,201.0390625,203.34765625,205.34375,205.6796875
time=16.585170030593872,14.068386793136597,14.73257827758789,14.018941402435303,13.904781579971313,15.559982776641846,15.173867464065552,12.526352643966675,12.88840103149414,10.902844905853271
----Iteration 7----
duplicated=48.0,37.0,25.0,31.0,20.0,19.0,17.0,21.0,35.0,31.0
mean_error=126.48,58.52,50.82,61.19,54.0,50.96,49.96,64.21,67.5,55.42
memory=176.78125,187.203125,191.8359375,195.2578125,196.8203125,199.0,201.03515625,203.44921875,204.9140625,205.625
time=17.006267786026,17.02338171005249,13.689680814743042,13.329955816268921,11.94888949394226,15.45207953453064,13.634994506835938,11.78011417388916,14.214598178863525,13.287619590759277
----Iteration 3----
duplicated=41.0,44.0,50.0,27.0,21.0,16.0,12.0,12.0,13.0,10.0
mean_error=103.44,79.27,107.2,60.79,54.38,50.24,62.74,50.29,49.72,54.44
memory=172.6484375,185.37890625,192.62890625,196.0234375,198.203125,199.35546875,201.125,203.71484375,205.44921875,205.5078125
time=15.294899463653564,16.369762659072876,17.555964708328247,12.73987627029419,15.427398920059204,14.654908895492554,10.560337781906128,15.045817852020264,14.681813955307007,11.83285927772522
----Iteration 5----
duplicated=56.0,33.0,34.0,30.0,21.0,23.0,22.0,10.0,14.0,9.0
mean_error=129.84,69.49,64.72,73.67,55.47,53.27,54.05,56.21,57.0,55.52
memory=179.6796875,187.26171875,192.44140625,195.8984375,197.6328125,200.1015625,202.6875,203.96484375,205.41796875,205.58984375
time=18.786893129348755,15.560096740722656,14.257596969604492,12.930690050125122,15.23868203163147,16.556174755096436,15.473413944244385,11.579099893569946,13.369356393814087,10.950860738754272
----Iteration 1----
duplicated=41.0,31.0,30.0,19.0,7.0,11.0,12.0,12.0,17.0,16.0
mean_error=123.84,58.42,68.44,53.7,52.85,45.49,45.7,48.43,45.54,45.76
memory=170.484375,181.48046875,189.71484375,193.03125,197.46484375,200.046875,201.90234375,204.1484375,205.55859375,205.51953125
time=14.311713218688965,13.998170614242554,13.689864873886108,14.774003982543945,19.35280203819275,16.7477023601532,13.33072543144226,14.11844277381897,15.27126431465149,10.417699337005615
----Iteration 9----
duplicated=48.0,35.0,22.0,26.0,17.0,18.0,13.0,21.0,20.0,16.0
mean_error=115.73,62.84,60.8,55.5,47.9,50.46,57.46,49.06,56.54,49.7
memory=205.359375,205.33203125,205.37890625,205.37890625,205.37109375,205.33984375,205.37109375,205.41015625,205.37890625,205.50390625
time=5.8599467277526855,3.072986602783203,2.7844107151031494,3.822246789932251,3.8906748294830322,3.3179099559783936,2.560243606567383,2.7235844135284424,3.3233304023742676,3.5526251792907715
----Iteration 8----
duplicated=58.0,45.0,37.0,28.0,28.0,17.0,21.0,21.0,26.0,9.0
mean_error=101.97,70.37,69.55,57.03,58.54,58.8,67.81,55.28,52.64,52.87
memory=205.3125,205.4140625,205.46484375,205.34375,205.41015625,205.359375,205.4609375,205.3203125,205.4375,205.44140625
time=9.556452989578247,3.8530702590942383,3.3430240154266357,3.7341806888580322,2.979145050048828,3.2104063034057617,3.2060494422912598,3.2167627811431885,3.8982863426208496,3.278184175491333
