----Iteration 6----
x_Moead_Rfts=[10638, 10639, 10674, 10722, 10763, 10764]
y_Moead_Rfts=[9962, 9947, 9929, 9883, 9866, 9733]
----Iteration 0----
x_Moead_Rfts=[9909, 10122, 10103, 10248, 9978, 10146, 10425]
y_Moead_Rfts=[9574, 9477, 9506, 9405, 9550, 9439, 9400]
----Iteration 4----
x_Moead_Rfts=[9418, 9482, 10245, 10216, 10304, 10290, 10548]
y_Moead_Rfts=[9798, 9698, 9653, 9676, 9620, 9626, 9601]
----Iteration 1----
x_Moead_Rfts=[9759, 10675, 10702, 10761]
y_Moead_Rfts=[9555, 9492, 9460, 9369]
----Iteration 5----
x_Moead_Rfts=[10086, 10167, 10283, 9608, 10509, 10570, 10539, 10556, 10474, 10571, 10604, 10588]
y_Moead_Rfts=[9812, 9806, 9780, 9841, 9516, 9458, 9498, 9479, 9746, 9369, 9298, 9356]
----Iteration 3----
x_Moead_Rfts=[10432, 10483, 10476, 10501, 10519, 10525]
y_Moead_Rfts=[9928, 9911, 9921, 9871, 9831, 9809]
----Iteration 7----
x_Moead_Rfts=[9610, 9485, 9629, 10696]
y_Moead_Rfts=[9280, 9308, 9221, 9206]
----Iteration 2----
x_Moead_Rfts=[9427, 9417, 9408, 9910, 10226, 10605, 10576, 10716, 10727, 9290, 9372, 9469, 10621, 10698, 10712]
y_Moead_Rfts=[9852, 9900, 9926, 9831, 9819, 9753, 9782, 9610, 9595, 10031, 10016, 9838, 9642, 9628, 9611]
----Iteration 9----
x_Moead_Rfts=[10248, 10287, 10384]
y_Moead_Rfts=[10137, 10082, 10075]
----Iteration 8----
x_Moead_Rfts=[9180, 10228, 8959, 9007, 9232, 9497, 10201, 10192, 10330]
y_Moead_Rfts=[9841, 9652, 9855, 9848, 9840, 9736, 9723, 9731, 9638]
----End of Run----
