----Iteration 0----
14348,14149;15316,14128;14076,14254;13816,14288;
14483,14896;15289,14483;15215,14500;15354,14464;15362,14409;15470,14349;15471,14321;
14483,14896;15009,14789;15143,14738;15179,14731;15411,14642;15517,14347;15500,14398;15504,14384;
14483,14896;15411,14642;14946,14860;15017,14848;15205,14828;15262,14741;15320,14727;15332,14662;15663,14608;15706,14594;
15798,15043;15863,14987;15818,14992;15917,14925;15973,14881;
15160,15073;15154,15126;15931,15051;16022,15039;16151,15026;16154,14980;
15154,15126;16151,15026;15140,15169;16085,15094;16170,14994;16186,14951;
16182,15239;16211,15078;
15669,15614;15675,15588;16391,15568;16449,15201;
16414,15648;16444,15635;16449,15612;16632,15249;16626,15272;
16414,15648;16444,15635;16449,15612;16708,15584;
----Iteration 2----
13592,14443;14714,13880;13896,14397;14698,13896;14426,14245;14939,13828;
14500,14094;14504,14005;14570,13899;14698,13896;14426,14245;14511,13901;
14640,14548;14937,14513;14945,14464;
15006,14716;15093,14709;15329,14518;
15006,14716;15093,14709;15410,14657;15508,14642;
15735,14834;
15767,15034;15827,14977;15831,14963;
15983,15216;16012,15170;16034,15139;16021,15154;
16208,15283;
16309,15311;16347,15295;16406,15288;16459,15262;16462,15216;
16406,15288;16372,15372;16386,15360;16444,15279;16472,15252;16459,15278;16485,15234;16492,15229;
----Iteration 5----
13966,14598;14434,14548;14819,13903;14633,14016;
14253,14471;14292,14442;14324,14440;15077,14334;15137,14333;15162,14148;15178,14141;
15249,14481;15287,14405;15365,14196;
15440,14556;15542,14509;15538,14552;15609,14483;
15818,14647;15842,14638;15877,14599;
15935,14736;15945,14714;16069,14593;
16064,14766;16129,14750;16189,14703;
16214,14823;16243,14768;16460,14649;16485,14588;16500,14507;16501,14474;
16214,14823;14619,14834;16479,14799;16485,14735;16580,14709;
16581,14846;16712,14793;
16778,14871;
----Iteration 7----
14391,14290;14350,14629;14861,13850;14569,14281;
13691,14406;13769,14367;14996,14315;15033,14175;15041,14146;
15239,14609;15223,14635;
15319,14609;15312,14685;15440,14529;15453,14483;
15440,14529;15453,14483;14155,14705;15313,14691;15332,14613;15483,14465;
15313,14691;14474,14809;15361,14643;15560,14544;15592,14505;
14474,14809;13846,14875;13861,14836;13884,14813;14616,14803;14677,14791;14700,14715;15529,14702;15772,14696;15893,14680;
13846,14875;15893,14680;13877,14864;14694,14823;15878,14775;15853,14809;
15960,15089;
16201,15179;16235,15172;
16201,15179;16235,15172;16340,15168;16380,15109;16384,15041;
----Iteration 6----
14298,14392;14361,14098;14967,13701;
14779,14268;14776,14304;14829,14262;14851,14123;15045,14097;15056,14085;
15227,14631;15315,14566;15376,14555;15508,14513;15604,14503;
15227,14631;15599,14621;15636,14552;15675,14494;
15737,14666;15814,14652;15815,14587;
15815,14781;15798,14852;15804,14840;16066,14747;
15920,14906;16145,14807;16261,14790;
15920,14906;15949,14845;16109,14827;16292,14816;16406,14808;
15920,14906;15939,14868;16354,14859;16436,14798;16427,14845;
15544,15133;15610,15067;16336,14921;16499,14831;16498,14886;16474,14887;
15544,15133;15610,15067;16498,14886;16474,14887;15621,14989;16366,14981;16560,14851;16626,14845;16689,14843;
----Iteration 3----
14489,14237;14605,13603;14512,13656;13928,14496;
15054,14261;15042,14271;
15241,14323;15298,14293;
15354,14338;15395,14297;15336,14352;
15628,14639;15731,14600;15739,14528;15742,14449;
15915,14901;
16033,15017;
16152,15044;
16278,15078;16277,15100;16294,15073;16335,15029;
14961,15128;16616,15113;
15017,15163;16686,15119;16738,15099;16850,15090;
----Iteration 1----
14110,14218;14307,13980;13605,14248;14592,13968;14643,13439;
14743,14433;14755,14432;14714,14501;
15068,14654;
15329,14937;15378,14868;
15645,15003;15795,14993;15883,14924;
16122,15013;
16263,15086;
13735,15176;16343,15137;16363,15096;16390,15067;16396,15048;
16343,15137;13810,15321;13846,15295;13855,15246;13990,15196;14033,15190;16469,15117;16490,15108;
13883,15416;13912,15342;16564,15239;16567,15238;
13883,15416;16564,15239;16567,15238;13956,15376;13992,15353;16642,15208;16775,15197;16829,15137;16842,15125;16852,15067;
----Iteration 4----
14017,14861;14821,13764;14265,14193;14571,14160;
14546,14467;14550,14412;14618,14407;14607,14410;14669,14366;14911,14178;14913,14130;14949,14103;
14917,14615;14943,14610;15214,14237;
15234,14661;15322,14613;
15234,14661;15396,14655;15410,14641;15419,14623;
15520,14672;15555,14658;
15267,14707;15871,14685;15892,14655;
16007,14861;16057,14684;16073,14663;
16007,14861;16057,14684;16073,14663;16133,14624;
16007,14861;16280,14734;
16007,14861;16280,14734;14612,14880;16414,14687;16422,14642;
----Iteration 8----
14221,14322;14941,13619;13954,14564;14503,13978;14544,13966;
14721,14548;14835,14547;14923,14542;14968,14497;14964,14498;
14923,14542;14713,14611;14835,14609;14916,14548;15235,14433;15175,14511;15228,14452;
15405,14714;15453,14658;
15405,14714;15286,14820;15275,14856;15474,14682;
15612,15059;15656,15057;15663,15038;15759,14964;
15612,15059;15656,15057;15663,15038;15759,14964;15601,15087;15916,14890;15955,14889;
15612,15059;15656,15057;15663,15038;15601,15087;15958,14907;15944,14983;
15612,15059;15656,15057;15663,15038;15601,15087;15944,14983;15080,15164;15103,15120;15946,14961;16004,14921;16014,14846;
15084,15206;15138,15203;15286,15197;15415,15169;15417,15166;15468,15159;16103,15095;16139,14959;16165,14942;
16103,15095;15516,15266;15636,15180;15638,15147;15802,15097;16159,15090;16358,15049;16456,14780;16496,14761;
----Iteration 9----
14899,14144;14667,14333;15139,13308;14932,13870;
15119,13907;15175,13854;15686,13762;15689,13672;
15119,13907;15343,13877;15398,13825;15708,13797;15713,13759;
15301,14033;15808,13967;
15835,14248;15791,14251;16011,14209;15962,14238;16064,14191;16066,14126;
15899,14350;16017,14336;16027,14311;16117,14217;16086,14261;16137,14198;16135,14204;16140,14186;16143,14180;16159,14140;16163,14094;
16181,14611;16190,14599;16243,14564;16364,14535;16481,14426;16464,14455;
16181,14611;16190,14599;16243,14564;16364,14535;16589,14532;
16781,14780;
16817,14974;16821,14973;16865,14931;
16934,15085;
