----Iteration 6----
9081,8661;9106,8240;8912,9185;
9270,8984;
9556,9350;9537,9387;
9537,9387;9583,9361;9636,9345;9701,9337;9760,9303;9737,9323;
9673,9505;9684,9456;9718,9429;9817,9316;9794,9378;9781,9381;
9855,9671;9869,9653;10243,9598;
9855,9671;9869,9653;10243,9598;8867,9685;8849,9742;8913,9676;10196,9629;10293,9466;10353,9417;
9977,9812;10258,9757;10297,9699;10513,9682;
9977,9812;8858,9825;10487,9743;10446,9803;10523,9709;10529,9703;
10496,9958;10544,9945;10630,9920;10747,9711;10728,9714;10687,9755;10701,9721;10707,9716;
10638,9962;10639,9947;10674,9929;10722,9883;10763,9866;10764,9733;
----Iteration 0----
9350,8259;9289,8367;8686,9200;9028,8697;
9330,9328;9375,9315;9282,9348;
9398,9321;9397,9347;9376,9385;9375,9435;
9376,9385;9375,9435;9420,9314;9405,9361;9482,9171;9532,9088;9556,9049;9544,9075;
9376,9385;9375,9435;9420,9314;9405,9361;9554,9282;9486,9295;9638,9279;9640,9206;9681,9203;9818,9157;
9375,9435;9390,9426;9419,9378;9777,9361;9891,9204;9810,9293;
9375,9435;9390,9426;9419,9378;9777,9361;9891,9204;9790,9341;9866,9302;
9375,9435;9927,9429;10057,9407;10102,9221;10101,9289;
9910,9461;10111,9445;10113,9229;
9909,9574;10122,9477;10103,9506;10248,9405;
9909,9574;10122,9477;10103,9506;10248,9405;9978,9550;10146,9439;10425,9400;
----Iteration 4----
8983,8550;8402,8805;8768,8718;9250,8336;9098,8530;9278,8227;
8878,8857;8923,8812;8866,8915;9213,8130;9217,8124;9242,8056;
9100,9132;9153,9085;9201,9054;9309,8287;9477,8141;9498,8087;9506,8067;
9100,9132;9153,9085;9201,9054;9255,9001;9659,8998;
9819,9159;9829,9082;
8945,9336;8939,9339;10022,9218;10116,9216;
10020,9456;10005,9469;10151,9417;10173,9382;10194,9218;10196,9184;
9543,9559;9609,9535;9994,9510;10116,9480;10228,9431;
10246,9602;10266,9566;10294,9507;
10246,9602;9399,9637;9451,9619;10139,9604;10127,9609;10262,9598;10367,9489;10358,9586;
9418,9798;9482,9698;10245,9653;10216,9676;10304,9620;10290,9626;10548,9601;
----Iteration 1----
8273,8862;9408,8674;
9655,8951;9674,8943;9783,8806;9777,8878;9779,8854;
9880,9209;10036,9205;
9881,9290;9948,9232;10030,9220;10073,9211;10074,9188;
9957,9378;9992,9362;9916,9419;10076,9248;10158,9234;
9916,9419;9981,9389;10220,9386;10251,9208;10229,9220;
9916,9419;10220,9386;10121,9405;10295,9376;10385,9164;
9821,9434;10408,9400;10378,9429;10471,9296;10550,9229;
10378,9429;9767,9468;9848,9446;10603,9407;10653,9247;10637,9314;
10378,9429;9767,9468;9848,9446;9776,9454;9789,9449;9892,9437;10140,9434;10658,9413;10692,9383;10695,9287;
9759,9555;10675,9492;10702,9460;10761,9369;
----Iteration 5----
8559,9155;8918,8746;8725,8893;8809,8762;9130,8609;
9151,9319;
9080,9378;9110,9350;9108,9369;9213,9331;9259,9323;9436,9272;9417,9305;9432,9292;9483,9183;9547,9177;
9080,9378;9505,9372;9507,9362;9604,9353;9644,9122;
9727,9667;9774,9658;
9870,9720;9927,9115;9943,9060;
10086,9812;10100,9744;10110,9686;10161,9676;10296,9514;
10086,9812;10296,9514;10167,9806;10252,9658;10244,9744;10327,9410;10315,9457;
10086,9812;10167,9806;10283,9780;10362,9736;10450,9625;10455,9515;10456,9467;10534,9402;
10086,9812;10167,9806;10283,9780;10362,9736;10450,9625;9608,9841;10386,9639;10509,9516;10570,9458;10539,9498;10556,9479;
10086,9812;10167,9806;10283,9780;9608,9841;10509,9516;10570,9458;10539,9498;10556,9479;10474,9746;10571,9369;10604,9298;10588,9356;
----Iteration 3----
9087,8707;8267,8751;
8839,8920;8962,8917;9027,8852;9339,8817;9533,8816;
9501,9231;9654,9108;9667,9091;9746,9075;9796,9066;
9865,9301;9881,9291;9884,9243;
10044,9409;10034,9435;
9952,9622;10069,9617;10079,9584;10212,9566;
10237,9845;10262,9791;10271,9734;10351,9717;
10237,9845;10262,9791;10271,9734;10351,9717;10404,9656;10407,9637;
10237,9845;10262,9791;10271,9734;10351,9717;10404,9656;10407,9637;10403,9674;10397,9684;
10237,9845;10262,9791;10404,9656;10407,9637;10403,9674;10397,9684;10331,9753;10394,9698;10386,9717;10477,9603;
10432,9928;10483,9911;10476,9921;10501,9871;10519,9831;10525,9809;
----Iteration 7----
8945,8814;9003,8174;9110,8016;8252,8867;8970,8537;8821,8865;
9642,8803;
9642,8803;9569,8917;9611,8896;9707,8765;9708,8734;
9569,8917;9611,8896;9298,8926;9254,9103;9718,8869;9737,8867;9741,8849;9842,8826;9865,8819;
9569,8917;9611,8896;9298,8926;9254,9103;9718,8869;9737,8867;9842,8826;9865,8819;9692,8888;9798,8859;9812,8856;9981,8782;
9569,8917;9611,8896;9254,9103;9718,8869;9737,8867;9692,8888;9798,8859;9812,8856;9491,9007;9835,8838;10023,8829;10115,8773;
9599,9122;10189,9014;
9599,9122;10189,9014;9347,9159;9770,9071;10228,8943;10386,8891;10383,8942;
9599,9122;10189,9014;9347,9159;9770,9071;10228,8943;10386,8891;10383,8942;9289,9230;9790,9023;9857,9022;10195,8961;10431,8868;10456,8857;
9286,9294;9610,9280;9682,9146;10635,9118;10654,9083;
9610,9280;9485,9308;9629,9221;10696,9206;
----Iteration 2----
8999,9001;9157,8661;
9665,9356;9720,9284;9704,9331;9776,9247;9829,9219;
9842,9398;9941,9328;10066,9312;
9895,9498;10061,9476;10062,9462;10140,9460;
10091,9582;10106,9529;10191,9502;
10191,9502;8991,9663;10102,9628;10142,9566;10254,9501;
8991,9663;10102,9628;10142,9566;9225,9653;10439,9543;
10102,9628;9130,9821;9242,9732;9382,9696;9414,9683;10441,9621;
9292,9931;9274,9997;9325,9930;9352,9913;9427,9852;10233,9773;10599,9702;10588,9742;10601,9682;
9274,9997;9427,9852;9356,9939;9417,9900;9408,9926;9910,9831;10226,9819;10605,9753;10576,9782;10716,9610;10727,9595;
9427,9852;9417,9900;9408,9926;9910,9831;10226,9819;10605,9753;10576,9782;10716,9610;10727,9595;9290,10031;9372,10016;9469,9838;10621,9642;10698,9628;10712,9611;
----Iteration 9----
8470,8813;8891,8756;9424,8263;8996,8345;
8506,9111;9113,8965;9130,8898;
9515,9370;9496,9421;9520,9367;9540,9352;9556,9336;9524,9356;
9583,10036;9684,9873;9660,9930;9709,9859;9903,9555;
9583,10036;9660,9930;9903,9555;9743,9876;9756,9831;9757,9819;9834,9714;9869,9657;9913,9529;
9583,10036;9660,9930;9821,9924;9861,9900;9896,9888;9959,9775;9923,9811;9984,9771;9989,9758;
9583,10036;9926,9945;9946,9889;9973,9862;10009,9809;10036,9797;10039,9627;
9583,10036;9973,9862;10009,9809;10036,9797;9969,9973;10079,9785;10013,9802;
9583,10036;8468,10039;10082,9976;10115,9917;10136,9764;10148,9705;
10248,10137;10287,10082;
10248,10137;10287,10082;10384,10075;
----Iteration 8----
9472,8562;8599,8943;8984,8727;
9443,9428;
9605,9515;9654,9494;
9848,9622;
9848,9622;9902,9571;9915,9535;
10061,9699;
10061,9699;10153,9557;
10061,9699;10153,9557;8882,9700;10192,9506;
10061,9699;9053,9803;10237,9587;
10061,9699;10237,9587;9197,9813;9180,9841;10228,9652;10239,9553;
9180,9841;10228,9652;8959,9855;9007,9848;9232,9840;9497,9736;10201,9723;10192,9731;10330,9638;
