----Iteration 6----
duplicated=41.0,40.0,43.0,31.0,42.0,35.0,33.0,31.0,28.0,23.0
mean_error=211.07,226.56,106.13,91.26,125.25,114.87,160.22,107.34,112.26,93.8
memory=193.8671875,208.453125,216.4296875,220.05859375,224.16015625,229.3515625,231.57421875,234.66015625,236.9609375,238.234375
time=27.610759258270264,24.996596813201904,28.032706260681152,25.22316837310791,31.338894844055176,26.260812520980835,25.36387062072754,26.791812658309937,24.610807180404663,21.321990251541138
----Iteration 0----
duplicated=53.0,24.0,30.0,36.0,32.0,29.0,25.0,18.0,20.0,28.0
mean_error=302.19,99.62,101.74,111.33,101.91,109.19,111.47,89.9,88.21,117.23
memory=200.421875,209.95703125,218.11328125,221.7734375,226.26171875,229.33984375,232.23046875,236.04296875,237.28515625,238.70703125
time=31.610323667526245,26.282495260238647,31.18711018562317,26.085360765457153,27.437103271484375,25.82919692993164,25.558552265167236,28.06351399421692,22.646270990371704,22.748881578445435
----Iteration 4----
duplicated=53.0,52.0,31.0,39.0,38.0,46.0,23.0,25.0,24.0,34.0
mean_error=205.42,125.02,107.06,102.57,114.67,162.35,92.61,95.45,85.02,97.76
memory=196.96484375,210.25,217.54296875,221.09765625,225.28125,229.33203125,232.10546875,235.16796875,237.00390625,238.71484375
time=29.732146978378296,28.8471782207489,26.125256299972534,28.31392216682434,27.05709457397461,28.699726343154907,25.900635719299316,24.21617841720581,25.936506271362305,24.731061935424805
----Iteration 1----
duplicated=47.0,46.0,25.0,29.0,12.0,25.0,29.0,28.0,24.0,24.0
mean_error=276.51,148.95,86.12,88.64,86.57,79.45,95.29,86.05,82.48,86.45
memory=195.56640625,210.80859375,217.49609375,221.61328125,226.00390625,229.51953125,232.77734375,236.0078125,237.40625,238.859375
time=29.00109076499939,29.764256715774536,28.322442770004272,27.370219945907593,26.55912470817566,30.256728649139404,26.307279109954834,26.80977511405945,22.857248306274414,22.78957772254944
----Iteration 5----
duplicated=41.0,50.0,36.0,46.0,24.0,35.0,32.0,24.0,17.0,22.0
mean_error=215.0,139.45,92.08,163.76,94.06,123.89,97.34,106.28,86.39,97.61
memory=194.4921875,211.734375,218.4609375,222.296875,226.55078125,229.34375,232.28515625,235.1171875,237.4765625,238.625
time=28.067925930023193,32.219995737075806,30.023221015930176,31.045034170150757,23.04040765762329,25.43259024620056,26.082526206970215,21.644405841827393,27.80150270462036,25.387932538986206
----Iteration 3----
duplicated=52.0,44.0,39.0,37.0,42.0,31.0,27.0,24.0,21.0,32.0
mean_error=200.82,179.86,112.13,121.18,121.36,96.09,114.12,84.6,83.19,152.71
memory=199.51171875,211.76953125,217.70703125,221.8125,226.02734375,229.515625,232.6953125,235.74609375,237.84375,238.640625
time=31.10422372817993,28.902574062347412,27.12664222717285,28.000092267990112,27.68209409713745,27.558650970458984,26.850268125534058,25.233655214309692,25.737048387527466,23.57009530067444
----Iteration 7----
duplicated=56.0,30.0,29.0,23.0,26.0,29.0,40.0,30.0,30.0,26.0
mean_error=211.56,87.06,105.94,86.49,85.49,94.26,98.15,94.44,108.99,88.16
memory=203.65234375,213.2734375,218.01953125,221.34375,225.6171875,229.3984375,232.93359375,236.0859375,237.83203125,238.7265625
time=34.71033596992493,28.72367572784424,25.675644636154175,25.683005332946777,26.161604642868042,28.255520582199097,30.63227081298828,23.71703314781189,25.675837755203247,24.26432752609253
----Iteration 2----
duplicated=50.0,49.0,44.0,26.0,27.0,30.0,22.0,38.0,32.0,21.0
mean_error=321.31,122.16,150.19,104.11,99.74,100.87,95.6,111.3,92.23,108.58
memory=198.65234375,211.890625,218.70703125,221.9921875,227.3125,229.82421875,233.55859375,236.15625,238.015625,238.6328125
time=30.029823303222656,30.52561044692993,30.00587749481201,26.25783681869507,30.541099309921265,29.40672016143799,26.836556673049927,28.101271152496338,27.874956130981445,15.72111177444458
----Iteration 9----
duplicated=45.0,27.0,42.0,37.0,30.0,31.0,20.0,26.0,30.0,25.0
mean_error=229.02,238.33,152.79,121.8,103.22,99.78,90.48,110.66,104.39,90.85
memory=238.58203125,238.6875,238.734375,239.31640625,239.41015625,239.703125,240.1015625,240.078125,240.12109375,240.36328125
time=7.67302680015564,4.785315275192261,8.21956729888916,7.145792245864868,5.752577781677246,6.742549896240234,6.626002311706543,5.2015604972839355,5.598705768585205,6.6836559772491455
----Iteration 8----
duplicated=53.0,39.0,38.0,28.0,30.0,29.0,23.0,21.0,16.0,26.0
mean_error=252.82,100.03,117.39,88.92,89.08,97.28,100.53,89.54,96.05,103.49
memory=238.6328125,238.65234375,238.875,239.30859375,239.63671875,239.70703125,240.1015625,240.1640625,240.1953125,240.3046875
time=12.569722175598145,6.909762144088745,7.141316652297974,6.082697153091431,6.879169940948486,6.568258285522461,6.043797731399536,6.342186212539673,5.402124643325806,5.9583961963653564
