----Iteration 0----
x_Moead_Rfts=[16414, 16444, 16449, 16708]
y_Moead_Rfts=[15648, 15635, 15612, 15584]
----Iteration 2----
x_Moead_Rfts=[16406, 16372, 16386, 16444, 16472, 16459, 16485, 16492]
y_Moead_Rfts=[15288, 15372, 15360, 15279, 15252, 15278, 15234, 15229]
----Iteration 5----
x_Moead_Rfts=[16778]
y_Moead_Rfts=[14871]
----Iteration 7----
x_Moead_Rfts=[16201, 16235, 16340, 16380, 16384]
y_Moead_Rfts=[15179, 15172, 15168, 15109, 15041]
----Iteration 6----
x_Moead_Rfts=[15544, 15610, 16498, 16474, 15621, 16366, 16560, 16626, 16689]
y_Moead_Rfts=[15133, 15067, 14886, 14887, 14989, 14981, 14851, 14845, 14843]
----Iteration 3----
x_Moead_Rfts=[15017, 16686, 16738, 16850]
y_Moead_Rfts=[15163, 15119, 15099, 15090]
----Iteration 1----
x_Moead_Rfts=[13883, 16564, 16567, 13956, 13992, 16642, 16775, 16829, 16842, 16852]
y_Moead_Rfts=[15416, 15239, 15238, 15376, 15353, 15208, 15197, 15137, 15125, 15067]
----Iteration 4----
x_Moead_Rfts=[16007, 16280, 14612, 16414, 16422]
y_Moead_Rfts=[14861, 14734, 14880, 14687, 14642]
----Iteration 8----
x_Moead_Rfts=[16103, 15516, 15636, 15638, 15802, 16159, 16358, 16456, 16496]
y_Moead_Rfts=[15095, 15266, 15180, 15147, 15097, 15090, 15049, 14780, 14761]
----Iteration 9----
x_Moead_Rfts=[16934]
y_Moead_Rfts=[15085]
----End of Run----
