----Iteration 0----
duplicated=47.0,26.0,26.0,33.0,32.0,28.0,25.0,49.0,25.0,21.0
mean_error=318.36,143.78,112.97,187.08,116.61,103.28,103.71,167.93,127.41,111.3
memory=219.66796875,235.70703125,251.0859375,259.72265625,267.484375,270.4765625,275.546875,280.625,285.2421875,288.3125
time=40.01386642456055,29.85698413848877,40.82839322090149,36.27992081642151,41.30323791503906,38.13599443435669,37.84915232658386,43.53240442276001,35.7682044506073,33.9870810508728
----Iteration 2----
duplicated=33.0,54.0,39.0,36.0,36.0,33.0,38.0,25.0,41.0,30.0
mean_error=203.73,215.07,155.86,125.08,122.7,112.96,131.28,111.2,117.69,120.61
memory=212.3125,241.19140625,252.41015625,260.8984375,268.515625,271.234375,277.95703125,283.0390625,287.10546875,289.36328125
time=32.62251949310303,44.24952244758606,37.47112035751343,41.53821086883545,40.96617150306702,45.02869367599487,41.13329601287842,37.812166690826416,41.020779609680176,37.264501094818115
----Iteration 5----
duplicated=39.0,48.0,36.0,32.0,44.0,26.0,38.0,28.0,32.0,26.0
mean_error=268.57,143.94,197.21,114.88,118.32,123.54,154.39,121.6,126.53,114.19
memory=217.83984375,243.88671875,254.58203125,264.28125,270.33984375,272.88671875,278.0546875,284.015625,287.984375,289.55859375
time=39.162078857421875,46.071616411209106,41.980488777160645,45.27527070045471,47.36746835708618,34.71339654922485,38.3250777721405,39.03781294822693,36.80456829071045,36.41315007209778
----Iteration 7----
duplicated=41.0,37.0,39.0,41.0,32.0,37.0,29.0,33.0,27.0,36.0
mean_error=264.13,135.52,131.42,117.24,127.39,152.26,145.1,134.6,115.71,136.33
memory=217.84375,241.53125,253.35546875,263.109375,268.70703125,273.03125,279.21875,284.65234375,288.27734375,290.09765625
time=38.23328495025635,38.42331838607788,42.90649676322937,47.80799913406372,41.026832818984985,43.56624174118042,46.087143421173096,37.96287131309509,36.04928731918335,36.43929648399353
----Iteration 6----
duplicated=56.0,42.0,37.0,44.0,33.0,33.0,23.0,26.0,26.0,34.0
mean_error=247.67,199.75,112.6,109.8,116.34,115.67,113.46,110.35,126.83,112.21
memory=229.48828125,246.59375,257.16796875,265.875,270.1640625,274.17578125,278.0234375,283.46875,288.14453125,290.1875
time=46.04876923561096,43.5078866481781,42.46651887893677,46.65465688705444,41.03865718841553,39.48833441734314,32.15091824531555,37.9657769203186,39.21097755432129,40.18737459182739
----Iteration 3----
duplicated=44.0,30.0,21.0,32.0,47.0,30.0,30.0,37.0,36.0,42.0
mean_error=287.8,101.09,99.43,126.17,129.06,110.13,104.33,135.58,119.11,116.4
memory=225.125,243.48828125,253.3671875,261.14453125,268.42578125,271.4140625,277.80078125,282.9453125,287.7421875,287.3515625
time=44.10722517967224,39.813578367233276,36.688361167907715,38.319390296936035,45.279109716415405,37.53575849533081,42.089377880096436,38.783387184143066,45.145374059677124,42.241204500198364
----Iteration 1----
duplicated=44.0,50.0,50.0,38.0,38.0,33.0,28.0,44.0,25.0,32.0
mean_error=302.35,133.63,130.21,142.76,112.72,111.55,115.46,130.4,120.81,128.47
memory=226.2421875,246.30078125,258.859375,265.8515625,270.45703125,275.6796875,279.1875,285.83984375,288.34375,287.28515625
time=44.00142025947571,45.760140895843506,47.026047229766846,41.94856572151184,43.427828788757324,42.38379907608032,39.94317102432251,40.23269486427307,29.591649770736694,35.973976850509644
----Iteration 4----
duplicated=51.0,41.0,42.0,36.0,33.0,30.0,46.0,33.0,28.0,29.0
mean_error=248.57,123.6,125.25,109.24,117.76,126.58,113.92,121.25,107.57,121.8
memory=227.85546875,245.8984375,256.8125,265.75,270.3984375,274.0625,279.90234375,285.87109375,288.71484375,287.6328125
time=45.52343487739563,43.75846791267395,43.13886880874634,45.51401948928833,41.82170391082764,38.18303680419922,48.24526834487915,39.132274866104126,42.46330761909485,25.896275758743286
----Iteration 8----
duplicated=54.0,23.0,29.0,39.0,46.0,40.0,32.0,25.0,38.0,40.0
mean_error=357.83,112.67,110.23,110.1,155.21,120.47,112.69,100.78,123.79,127.37
memory=287.5625,287.86328125,287.875,287.8046875,287.8046875,287.77734375,287.83203125,287.8359375,288.03125,288.18359375
time=31.794572830200195,7.864288568496704,9.429369688034058,11.063504695892334,11.556730031967163,9.940134048461914,10.261490106582642,9.67761516571045,10.046332359313965,10.007871627807617
----Iteration 9----
duplicated=51.0,43.0,32.0,43.0,32.0,42.0,26.0,34.0,32.0,44.0
mean_error=229.66,140.41,112.15,216.22,111.53,169.43,119.71,131.92,156.16,138.58
memory=287.5546875,287.78515625,287.84765625,287.86328125,287.84765625,287.8984375,287.8359375,287.875,288.046875,288.1328125
time=15.037038564682007,10.938971996307373,9.78162670135498,9.957061529159546,10.198271989822388,10.076275110244751,8.169731855392456,8.715571403503418,8.742658615112305,9.83451795578003
