----Iteration 0----
1063,101;1106,66;1143,29;1474,-163;1435,-130;1354,-113;1511,-168;1435,-130;1436,-144;1734,-196;1811,-219;
1106,66;1143,29;1088,118;1094,95;1130,52;1173,-15;1748,-126;1732,-83;1807,-158;1814,-205;
1088,118;1748,-126;1732,-83;928,126;1136,106;1138,100;1210,37;1225,28;1271,13;1823,-136;1896,-140;
1088,118;1136,106;1138,100;1210,37;942,173;1084,136;1136,106;1210,37;1272,36;1272,36;1866,-13;1913,-72;1913,-72;1913,-72;1913,-72;
1088,118;1136,106;1138,100;1136,106;1272,36;1272,36;1866,-13;946,198;1086,164;1145,53;1231,41;1866,-13;1835,29;1863,18;1932,-48;1990,-140;1990,-140;1990,-140;
1047,229;1142,192;1183,154;1224,149;1356,142;2006,44;2006,44;2102,-77;
1356,142;2006,44;2006,44;2102,-77;1115,301;1118,283;1164,193;1262,185;1364,97;1393,89;1943,76;2006,44;2129,-102;
2006,44;2006,44;1115,301;1164,193;1262,185;1943,76;2006,44;1154,291;1157,273;1185,186;1626,168;1646,98;2073,24;2126,10;2153,-15;2201,-59;
2006,44;2006,44;1115,301;1943,76;2006,44;1154,291;1157,273;1626,168;1646,98;2073,24;2153,-15;1278,233;1291,226;2073,24;2145,10;2229,-23;2251,-83;
1626,168;2073,24;2153,-15;1278,233;1291,226;2073,24;2145,10;2229,-23;2251,-83;1102,308;1193,304;1245,287;1347,204;1884,98;1960,79;1976,75;2038,54;2229,-23;
----Iteration 1----
1006,280;1006,280;1006,280;1006,280;1006,280;982,323;1060,165;1250,-541;
1053,410;1098,377;1098,377;1471,-348;1437,-332;1437,-332;
1053,410;1098,377;1098,377;894,529;940,525;943,522;1056,409;1204,67;1426,-315;1406,-290;1426,-315;1504,-334;1470,-318;
894,529;940,525;943,522;1426,-315;1426,-315;1504,-334;1470,-318;894,529;1118,502;1131,421;1163,344;1198,311;1212,305;1228,258;1253,210;1411,-281;1470,-318;
1255,690;1293,669;1380,633;1511,621;1511,621;1511,621;1511,621;1613,589;
1613,589;1306,704;1329,658;1361,657;1453,639;1540,638;1540,638;1540,638;1540,638;1540,638;1540,638;1550,590;1746,561;
1613,589;1306,704;1746,561;1329,698;1361,697;1544,675;1570,656;1573,638;1575,591;1765,530;1765,530;1765,530;
1613,589;1306,704;1329,698;1361,697;1274,726;1361,697;1424,684;1587,680;1587,680;1594,637;1612,590;1771,579;1792,560;1792,560;1792,560;
1299,808;1299,808;1611,761;1611,761;1661,714;1731,674;1773,673;1893,608;1941,560;
1611,761;1611,761;1661,714;1731,674;1773,673;1893,608;1941,560;1370,842;1457,773;1568,767;1628,746;1777,669;1832,634;1960,547;2000,523;2000,523;
----Iteration 2----
1219,145;1246,97;1246,97;1246,97;1246,97;
1219,145;1246,97;1246,97;1246,97;1246,97;1297,69;1297,69;1297,69;1297,69;1297,69;1303,19;
1219,145;1246,97;1246,97;1246,97;1246,97;1353,82;
1373,221;1368,262;1368,262;1368,262;1410,219;1561,195;1667,59;
1373,221;1368,262;1368,262;1368,262;1410,219;1561,195;1667,59;1368,262;1410,219;1609,183;1709,54;1729,30;
1373,221;1368,262;1368,262;1368,262;1410,219;1561,195;1368,262;1410,219;1609,183;1373,221;1561,195;1740,95;
1368,262;1368,262;1368,262;1368,262;1740,95;1420,243;1673,224;1673,224;1687,159;1740,95;1766,87;
1740,328;1763,326;1800,325;1800,325;1828,298;1833,277;
922,341;1865,268;1847,339;
1865,268;1847,339;1351,486;1815,343;1799,344;1847,339;1847,339;1888,266;
----Iteration 3----
1186,424;1219,420;
1209,458;1242,454;1250,445;
1242,454;1250,445;1218,539;1226,530;1299,441;
1218,539;1226,530;1230,490;1263,486;1285,484;1357,483;1392,472;1392,472;
1339,543;1416,492;1423,409;1423,409;
1339,543;1416,492;1416,492;1412,537;1499,485;
1339,543;1412,537;1499,485;1496,511;1544,481;1544,481;1544,481;1544,481;1544,481;
1339,543;1412,537;1496,511;1418,524;1512,510;1563,500;1641,497;1665,450;
1339,543;1412,537;1496,511;1418,524;1512,510;1563,500;1641,497;1665,450;1111,555;1665,450;
1339,543;1412,537;1496,511;1418,524;1512,510;1563,500;1641,497;1665,450;1665,450;1131,555;1651,461;1715,411;
----Iteration 4----
1300,80;834,109;
1300,80;1300,80;1014,340;1014,340;1056,334;1081,328;1129,319;1129,319;1129,319;1184,311;1184,311;1197,143;1254,119;1254,119;1254,119;1320,61;1321,52;
1320,61;1321,52;1311,428;1416,45;1416,45;1416,45;
1416,45;1416,45;1416,45;1050,457;1050,457;1352,449;1366,426;1366,426;1366,426;1408,65;
1033,504;1072,502;1081,486;1409,471;1412,412;1513,135;
1122,516;1482,511;1536,154;1533,155;1566,152;
1482,511;1087,539;1127,538;1162,515;1519,478;1549,476;1549,476;1549,476;1549,476;1577,461;1659,265;1659,265;
1079,589;1119,588;1237,582;1268,568;1699,549;1699,549;1699,549;
1699,549;1699,549;1699,549;1430,719;1446,669;1760,541;1763,513;
1760,541;1763,513;1504,745;1504,745;1740,583;1754,577;
----Iteration 6----
610,91;534,111;534,111;578,107;1126,38;1303,-54;1384,-91;1462,-126;1451,-92;1462,-126;
610,91;1126,38;549,206;603,134;1115,51;1147,30;1317,-40;1401,-58;1541,-101;1538,-83;1556,-115;
549,206;1147,30;1541,-101;1538,-83;1556,-115;645,179;1102,63;1138,56;1147,30;1385,-11;1496,-46;
1541,-101;1538,-83;946,248;1378,177;1528,28;1528,28;1528,28;1538,-83;1559,-113;
946,248;541,259;1232,233;1633,210;1669,160;1685,132;1708,-156;1696,-146;1736,-166;
1232,233;913,397;1212,263;1303,230;1757,225;1757,225;
913,397;912,406;1148,368;1767,321;1787,265;1814,247;
913,397;912,406;1767,321;1787,265;1814,247;1183,395;1183,395;1756,355;1900,237;
1767,321;1183,395;1183,395;1756,355;914,459;1054,457;1132,428;1183,395;2014,270;2029,256;
1767,321;1756,355;914,459;1054,457;2014,270;2029,256;1068,456;1201,442;1275,385;2041,244;2070,218;2070,218;
----Iteration 5----
793,-22;730,43;730,43;730,43;730,43;747,-16;1517,-208;1670,-226;
1517,-208;1670,-226;1062,242;1067,220;1093,173;1143,156;1146,113;1146,113;1146,113;1539,-221;
1151,317;1164,270;1179,261;1182,233;1193,178;1193,178;1546,-20;1595,-21;1693,-77;1689,-32;1690,-41;
1180,334;1196,306;1213,292;1289,237;1411,223;1875,-4;1751,173;1751,173;1751,173;1751,173;1809,103;1809,103;1809,103;1809,103;
1905,424;1917,397;1921,330;2023,236;
2075,492;2086,463;2093,437;2093,437;2093,437;2093,437;
2075,492;2086,463;2093,437;2093,437;2093,437;2093,437;2086,463;2107,436;2150,400;
2075,492;2258,468;
2249,538;2264,524;
2246,566;2289,565;2392,539;2392,539;2392,539;
----Iteration 7----
1134,197;1134,197;1175,194;1326,119;
1134,197;1134,197;1175,194;1280,193;1342,186;1422,84;1455,79;1465,35;
1134,197;1134,197;1175,194;1280,193;1342,186;1080,202;1351,171;1390,164;1454,129;1468,128;1487,124;
1464,245;1464,245;1464,245;1464,245;1464,245;1494,169;
1030,292;990,335;1062,286;1062,286;1480,267;1480,267;1480,267;1480,267;1521,217;1595,101;1626,89;
990,335;990,335;1523,313;1557,287;1573,244;1573,244;1575,211;1630,140;1630,140;1630,140;1630,140;1630,140;1630,140;1630,140;1630,140;1630,140;
1065,393;1623,373;1623,373;1631,364;1647,329;1693,310;
1128,430;1214,428;1648,390;1668,355;1668,355;1695,325;1716,280;1765,245;1765,245;
1648,390;1695,325;1716,280;1241,454;1320,414;1648,390;1670,364;1852,259;
1648,390;1695,325;1716,280;1648,390;1198,493;1376,486;1459,476;1505,457;1532,443;1548,394;1671,376;1682,352;1682,352;1682,352;1714,299;1877,276;1891,275;
----Iteration 8----
895,132;928,83;928,83;1022,81;1025,50;1071,37;1071,37;
895,132;1022,81;1071,37;1071,37;957,108;977,84;1050,66;1050,66;1050,66;1101,-7;1101,-7;1101,-7;1101,-7;1101,-7;1101,-7;
1152,231;1173,144;1173,144;1173,144;1173,144;
1152,231;1152,231;1265,153;
1152,231;1152,231;1265,153;1190,158;1193,155;1193,155;1193,155;1193,155;1286,123;1286,123;
1265,153;1161,273;1230,241;1256,240;1256,240;1256,240;1256,240;1345,152;1345,152;1345,152;1379,127;
1161,273;1230,241;1256,240;1256,240;1256,240;1256,240;1487,239;1534,198;
1161,273;1230,241;1256,240;1256,240;1256,240;1256,240;1487,239;1534,198;1544,183;1541,186;1544,183;1544,183;1548,139;1548,139;
1161,273;1230,241;1256,240;1256,240;1256,240;1256,240;1487,239;874,278;1578,223;
1161,273;1256,240;1256,240;1256,240;1256,240;1487,239;874,278;1578,223;847,304;1238,256;1585,206;1588,203;
----Iteration 9----
827,164;1646,161;1678,151;1698,109;
1698,109;1683,200;1683,200;1683,200;1702,78;1711,63;
1687,249;1700,181;1750,133;1749,158;
1722,388;1984,361;
2112,398;
2112,398;1719,439;2017,420;2092,401;2129,351;2157,324;
2112,398;1719,439;2017,420;2092,401;2156,387;2171,364;2171,364;
1719,439;2017,420;2156,387;2171,364;2171,364;897,484;1086,464;1086,464;2154,411;2156,387;2171,364;2166,385;
1719,439;2017,420;1112,559;1522,451;1830,437;1902,422;2186,418;2173,419;2173,419;2216,382;2216,382;2216,382;2216,382;2232,354;
1132,586;1516,516;1548,509;2194,485;2194,485;2230,422;2230,422;2319,400;
