----Iteration 0----
memory=145.2421875,145.2421875,145.2421875,145.2421875,145.2421875,145.2421875,145.2421875,145.2421875,145.5,145.5
time=0.8461456298828125,1.2321593761444092,1.0791094303131104,0.960810661315918,1.015075445175171,1.027787208557129,0.9467895030975342,1.0045456886291504,0.9503395557403564,1.2389345169067383
----Iteration 1----
memory=145.2421875,145.2421875,145.2421875,145.2421875,145.2421875,145.2421875,145.2421875,145.2421875,145.5,146.2734375
time=0.957676887512207,1.1408581733703613,0.9563388824462891,1.0780408382415771,1.1312286853790283,1.0467557907104492,1.0314195156097412,1.0010013580322266,1.0978903770446777,1.0321238040924072
----Iteration 2----
memory=147.8203125,147.8203125,147.8203125,147.8203125,147.8203125,147.8203125,147.8203125,147.8203125,148.078125,148.078125
time=0.7846174240112305,0.9320182800292969,1.1030216217041016,1.136664867401123,1.1101949214935303,1.1120095252990723,1.0727806091308594,0.9824066162109375,1.0526278018951416,1.1382641792297363
----Iteration 3----
memory=147.8203125,147.8203125,147.8203125,147.8203125,147.8203125,147.8203125,147.8203125,147.8203125,148.078125,148.078125
time=0.9855384826660156,1.019683599472046,0.9773671627044678,1.1006152629852295,1.1316635608673096,1.1919901371002197,1.0041632652282715,1.0629394054412842,1.0419080257415771,1.022369384765625
----Iteration 4----
memory=147.8203125,147.8203125,147.8203125,147.8203125,147.8203125,147.8203125,147.8203125,147.8203125,148.078125,148.47265625
time=1.053114652633667,1.0184497833251953,0.9358627796173096,1.132375717163086,1.1452910900115967,1.0460643768310547,0.9854171276092529,1.0183379650115967,0.9964478015899658,1.0794167518615723
----Iteration 6----
memory=149.24609375,149.24609375,149.24609375,149.24609375,149.24609375,149.24609375,149.24609375,149.24609375,149.24609375,149.24609375
time=0.9969751834869385,1.2299559116363525,1.2507450580596924,1.0835809707641602,1.5616576671600342,1.2215142250061035,1.206183910369873,1.214473009109497,1.3338568210601807,1.1717934608459473
----Iteration 5----
memory=149.24609375,149.24609375,149.24609375,149.24609375,149.24609375,149.24609375,149.24609375,149.24609375,149.24609375,149.24609375
time=0.8715381622314453,1.302882432937622,1.215447187423706,1.057253360748291,1.4347937107086182,1.298377275466919,1.2658555507659912,1.3224079608917236,1.2878270149230957,1.4016895294189453
----Iteration 7----
memory=149.24609375,149.24609375,149.24609375,149.24609375,149.24609375,149.24609375,149.24609375,149.24609375,149.24609375,149.24609375
time=1.1080493927001953,1.220350980758667,1.1803205013275146,1.2088887691497803,1.121680736541748,1.453942060470581,1.2713234424591064,1.2719042301177979,1.2808279991149902,1.019658088684082
----Iteration 8----
memory=149.24609375,149.24609375,149.24609375,149.24609375,149.24609375,149.24609375,149.24609375,149.24609375,149.24609375,149.24609375
time=0.7630584239959717,0.9615662097930908,1.0271499156951904,1.2125933170318604,0.9426100254058838,1.0220057964324951,0.9046657085418701,0.9437220096588135,1.1455533504486084,0.8159682750701904
----Iteration 9----
memory=149.24609375,149.24609375,149.24609375,149.24609375,149.24609375,149.24609375,149.24609375,149.24609375,149.24609375,149.24609375
time=0.8777329921722412,0.9306168556213379,0.9810585975646973,1.196279525756836,0.9532878398895264,1.0813181400299072,0.9739694595336914,1.001650094985962,0.8736507892608643,0.7175068855285645
