----Iteration 1----
x_Moead=[607, 607, 593, 648, 667, 678, 593, 618, 667, 193, 362, 451, 667, 678]
y_Moead=[299, 299, 348, 249, 233, 230, 348, 298, 233, 439, 407, 404, 233, 230]
----Iteration 0----
x_Moead=[360, 374, 517, 546, 517, 543, 600, 18, 343, 530, 543, 182, 295, 343, 480, 464, 504, 512, 593, 627, 646]
y_Moead=[369, 349, 276, 230, 276, 251, 180, 484, 385, 252, 251, 476, 465, 385, 316, 347, 310, 297, 218, 175, 143]
----Iteration 2----
x_Moead=[609, 608, 162, 602, 114, 162, 162, 178, 178, 597, 597, 1, 65, 114, 128, 143, 204, 204, 236, 265, 275, 285, 296, 311, 502, 562, 638]
y_Moead=[132, 168, 477, 192, 525, 477, 477, 446, 446, 233, 233, 571, 538, 525, 520, 493, 438, 438, 423, 377, 356, 323, 308, 298, 281, 247, 90]
----Iteration 4----
x_Moead=[11, 127, -34, -21, 11, 123, 354, 372, 445, 451, 464, 11, 50, 146, 354, 445, 464, 516, 524]
y_Moead=[471, 419, 493, 483, 471, 438, 412, 400, 392, 339, 305, 471, 453, 415, 412, 392, 305, 274, 266]
----Iteration 3----
x_Moead=[209, 183, 201, 206, 256, 39, 206, 38, 39, 141, 206, 482, 183, 183, 307, 348, 495, 453]
y_Moead=[542, 584, 572, 560, 536, 616, 560, 639, 616, 603, 560, 417, 584, 584, 503, 492, 413, 460]
----Iteration 5----
x_Moead=[575, 371, 549, 226, 259, 371, 499, 535, 543, 546, 546, 546, 588, 575, 672, 684]
y_Moead=[192, 445, 196, 495, 491, 445, 436, 367, 341, 321, 321, 321, 187, 192, 186, 136]
----Iteration 6----
x_Moead=[315, 315, 315, 299, 315, 463, 489, -205, 112, 186, 210, 423, 463, 517, 517, -194, -153, -18, 38, 210, 302, 442, 489]
y_Moead=[380, 380, 380, 459, 380, 305, 280, 607, 536, 525, 475, 347, 305, 274, 274, 591, 582, 580, 578, 475, 407, 323, 280]
----Iteration 7----
x_Moead=[244, 346, 244, 401, 496, 496, 148, 145, 278, 394, 394, 394, 394, 394, 394, 450, 450, 485, 485, 485, 485, 496, 552]
y_Moead=[414, 410, 414, 346, 278, 278, 425, 443, 412, 385, 385, 385, 385, 385, 385, 344, 344, 331, 331, 331, 331, 278, 272]
----Iteration 8----
x_Moead=[303, 354, 546, 565, 565, 34, 354, 565, -61, -11, 34, 326, 354, 520, 593, 593, 593, 611, 611]
y_Moead=[436, 383, 357, 341, 341, 458, 383, 341, 485, 480, 458, 404, 383, 382, 334, 334, 334, 322, 322]
----Iteration 9----
x_Moead=[410, 410, 551, 551, 580, 609, 405, 551, 580, 609, 595, 374, 400, 451, 551, 569]
y_Moead=[421, 421, 409, 409, 363, 320, 433, 409, 363, 320, 327, 470, 445, 415, 409, 366]
----End of Run----
