----Iteration 0----
x_Moead=[1626, 2073, 2153, 1278, 1291, 2073, 2145, 2229, 2251, 1102, 1193, 1245, 1347, 1884, 1960, 1976, 2038, 2229]
y_Moead=[168, 24, -15, 233, 226, 24, 10, -23, -83, 308, 304, 287, 204, 98, 79, 75, 54, -23]
----Iteration 1----
x_Moead=[1611, 1611, 1661, 1731, 1773, 1893, 1941, 1370, 1457, 1568, 1628, 1777, 1832, 1960, 2000, 2000]
y_Moead=[761, 761, 714, 674, 673, 608, 560, 842, 773, 767, 746, 669, 634, 547, 523, 523]
----Iteration 2----
x_Moead=[1865, 1847, 1351, 1815, 1799, 1847, 1847, 1888]
y_Moead=[268, 339, 486, 343, 344, 339, 339, 266]
----Iteration 3----
x_Moead=[1339, 1412, 1496, 1418, 1512, 1563, 1641, 1665, 1665, 1131, 1651, 1715]
y_Moead=[543, 537, 511, 524, 510, 500, 497, 450, 450, 555, 461, 411]
----Iteration 4----
x_Moead=[1760, 1763, 1504, 1504, 1740, 1754]
y_Moead=[541, 513, 745, 745, 583, 577]
----Iteration 6----
x_Moead=[1767, 1756, 914, 1054, 2014, 2029, 1068, 1201, 1275, 2041, 2070, 2070]
y_Moead=[321, 355, 459, 457, 270, 256, 456, 442, 385, 244, 218, 218]
----Iteration 5----
x_Moead=[2246, 2289, 2392, 2392, 2392]
y_Moead=[566, 565, 539, 539, 539]
----Iteration 7----
x_Moead=[1648, 1695, 1716, 1648, 1198, 1376, 1459, 1505, 1532, 1548, 1671, 1682, 1682, 1682, 1714, 1877, 1891]
y_Moead=[390, 325, 280, 390, 493, 486, 476, 457, 443, 394, 376, 352, 352, 352, 299, 276, 275]
----Iteration 8----
x_Moead=[1161, 1256, 1256, 1256, 1256, 1487, 874, 1578, 847, 1238, 1585, 1588]
y_Moead=[273, 240, 240, 240, 240, 239, 278, 223, 304, 256, 206, 203]
----Iteration 9----
x_Moead=[1132, 1516, 1548, 2194, 2194, 2230, 2230, 2319]
y_Moead=[586, 516, 509, 485, 485, 422, 422, 400]
----End of Run----
