----Iteration 1----
-80,314;112,274;255,256;282,169;282,169;282,169;282,169;
-14,345;255,294;460,266;
-14,345;255,294;-14,345;79,329;372,291;505,287;
255,294;372,291;505,287;83,351;132,338;158,334;516,284;516,284;517,207;
83,351;132,338;158,334;516,284;516,284;75,374;132,338;447,326;513,302;556,272;
132,338;158,334;75,374;132,338;447,326;513,302;17,400;75,374;124,361;504,311;504,311;513,302;574,290;574,290;
447,326;174,422;270,331;447,326;526,315;607,299;607,299;
174,422;607,299;607,299;83,426;174,422;203,379;593,348;648,249;667,233;678,230;
174,422;607,299;607,299;83,426;174,422;593,348;648,249;667,233;678,230;174,422;279,403;413,380;444,370;593,348;618,298;667,233;
607,299;607,299;593,348;648,249;667,233;678,230;593,348;618,298;667,233;193,439;362,407;451,404;667,233;678,230;
----Iteration 0----
-50,341;-22,316;240,262;233,300;302,245;
240,262;233,300;302,245;-29,403;-10,387;220,302;246,246;329,153;329,153;329,153;329,153;
240,262;233,300;302,245;-29,403;-10,387;220,302;329,153;329,153;329,153;329,153;30,373;255,249;255,249;354,119;329,153;328,176;354,119;
-29,403;-10,387;30,373;30,373;289,336;289,336;289,336;289,336;289,336;353,310;353,310;404,200;
289,336;289,336;289,336;289,336;289,336;-26,470;37,398;47,389;162,354;289,336;368,318;456,237;
-26,470;37,398;47,389;23,420;56,382;360,369;374,349;400,312;400,312;418,300;418,300;511,219;510,242;511,219;511,219;511,219;
-26,470;360,369;374,349;418,300;418,300;255,430;304,384;385,319;411,315;450,297;450,297;517,276;546,230;
-26,470;360,369;374,349;418,300;418,300;255,430;304,384;385,319;411,315;450,297;450,297;517,276;546,230;204,440;274,386;385,319;411,315;477,292;479,280;517,276;543,251;572,205;600,180;
360,369;374,349;418,300;418,300;255,430;385,319;411,315;450,297;450,297;517,276;546,230;204,440;274,386;385,319;411,315;477,292;479,280;517,276;543,251;572,205;600,180;18,484;160,468;343,385;407,317;411,315;477,292;530,252;543,251;550,213;572,205;
360,369;374,349;517,276;546,230;517,276;543,251;600,180;18,484;343,385;530,252;543,251;182,476;295,465;343,385;480,316;464,347;504,310;512,297;593,218;627,175;646,143;
----Iteration 2----
71,308;71,308;71,308;113,292;113,292;113,292;215,202;114,291;114,291;163,278;163,278;228,124;243,81;
215,202;124,335;152,329;178,304;201,254;202,231;205,205;278,182;
124,335;152,329;178,304;124,335;178,304;212,301;227,291;227,291;278,266;325,223;311,255;348,191;395,144;
178,304;178,304;212,301;227,291;227,291;311,255;348,191;395,144;2,431;129,425;153,338;301,273;339,229;
129,425;153,338;75,448;139,420;152,374;282,322;334,281;371,271;473,184;432,205;494,167;469,201;525,122;
75,448;282,322;334,281;371,271;473,184;469,201;165,437;371,271;410,235;473,184;457,215;609,132;608,168;
282,322;334,281;371,271;165,437;371,271;410,235;609,132;608,168;97,459;97,459;165,437;181,401;200,369;561,187;556,228;569,181;578,170;
282,322;334,281;371,271;165,437;371,271;410,235;609,132;608,168;165,437;556,228;64,515;162,477;165,437;205,413;220,402;566,199;602,192;
282,322;334,281;371,271;371,271;609,132;608,168;162,477;205,413;220,402;602,192;-22,551;26,537;114,525;162,477;162,477;178,446;178,446;235,359;235,359;558,246;597,233;597,233;
609,132;608,168;162,477;602,192;114,525;162,477;162,477;178,446;178,446;597,233;597,233;1,571;65,538;114,525;128,520;143,493;204,438;204,438;236,423;265,377;275,356;285,323;296,308;311,298;502,281;562,247;638,90;
----Iteration 4----
12,416;68,365;208,218;
12,416;68,365;-72,420;256,341;262,340;274,329;
12,416;-72,420;274,329;243,388;273,365;273,365;273,365;
12,416;243,388;-43,434;322,375;322,375;322,375;360,309;
12,416;243,388;-43,434;322,375;322,375;322,375;-43,434;338,339;374,316;379,275;390,225;
12,416;-43,434;322,375;322,375;322,375;-43,434;338,339;374,316;379,275;390,225;20,401;259,388;322,375;346,331;
322,375;322,375;322,375;338,339;259,388;322,375;346,331;11,471;29,445;29,445;38,433;127,419;330,367;414,318;445,273;445,273;
322,375;322,375;322,375;259,388;322,375;11,471;29,445;29,445;127,419;330,367;414,318;445,273;445,273;-34,493;51,437;100,424;144,396;330,367;347,344;442,312;445,273;473,267;474,230;
11,471;29,445;29,445;127,419;-34,493;473,267;474,230;-21,483;11,471;123,438;354,412;372,400;445,392;451,339;464,305;502,224;
11,471;127,419;-34,493;-21,483;11,471;123,438;354,412;372,400;445,392;451,339;464,305;11,471;50,453;146,415;354,412;445,392;464,305;516,274;524,266;
----Iteration 3----
-28,446;-40,457;-40,457;56,317;70,162;
56,317;70,162;-59,469;-42,468;39,467;
117,551;
117,551;209,542;
209,542;183,584;201,572;242,522;330,474;
209,542;183,584;201,572;242,522;330,474;-11,589;223,528;242,522;312,486;
209,542;183,584;201,572;330,474;-11,589;312,486;-71,603;-11,589;206,560;256,536;302,501;302,501;302,501;376,439;386,412;
209,542;183,584;201,572;330,474;312,486;206,560;256,536;302,501;302,501;302,501;376,439;386,412;39,616;118,593;206,560;302,501;332,448;479,398;467,409;467,409;467,409;
209,542;183,584;201,572;330,474;312,486;206,560;256,536;302,501;302,501;302,501;376,439;39,616;206,560;302,501;332,448;38,639;39,616;141,603;206,560;302,501;401,421;482,417;
209,542;183,584;201,572;206,560;256,536;39,616;206,560;38,639;39,616;141,603;206,560;482,417;183,584;183,584;307,503;348,492;495,413;453,460;
----Iteration 5----
-37,311;-76,324;-37,311;-37,311;-37,311;-37,311;-46,317;-46,317;-46,317;97,288;190,284;190,284;190,284;209,252;230,232;
190,284;190,284;190,284;143,340;149,312;190,284;263,258;302,245;302,245;302,245;302,245;
143,340;149,312;61,364;256,287;304,269;388,265;
143,340;149,312;61,364;304,269;388,265;-135,370;266,298;388,265;
61,364;-135,370;338,354;338,354;338,354;338,354;338,354;357,338;394,298;378,329;405,266;425,255;431,231;
338,354;338,354;338,354;338,354;338,354;357,338;431,231;236,376;385,332;405,302;428,259;559,125;543,156;559,125;
338,354;338,354;338,354;338,354;338,354;357,338;385,332;559,125;543,156;559,125;-45,427;63,422;275,377;417,311;461,274;485,267;485,267;485,267;485,267;459,292;459,292;502,219;543,156;
275,377;459,292;459,292;120,434;228,420;260,387;357,360;441,347;415,350;509,287;509,287;534,262;575,192;598,88;
441,347;509,287;509,287;534,262;575,192;147,484;371,445;422,402;444,342;491,299;491,299;484,337;538,245;524,265;546,223;549,196;613,137;614,101;
575,192;371,445;549,196;226,495;259,491;371,445;499,436;535,367;543,341;546,321;546,321;546,321;588,187;575,192;672,186;684,136;
----Iteration 6----
-128,344;-59,311;-59,311;-59,311;26,251;-9,265;26,251;26,251;26,251;26,251;26,251;40,237;
57,344;46,379;46,379;46,379;46,379;46,379;46,379;39,417;46,379;75,234;
-96,471;-61,457;-8,455;4,444;58,402;4,444;26,434;44,422;45,415;60,359;262,320;261,356;278,284;
-96,471;-61,457;-8,455;26,434;44,422;262,320;261,356;278,284;24,445;71,415;106,406;253,377;325,241;325,241;
-8,455;26,434;24,445;-135,489;-60,481;-42,469;268,423;315,380;315,380;324,343;332,242;
-8,455;24,445;-60,481;-42,469;268,423;315,380;315,380;324,343;-99,499;-8,455;38,437;287,407;287,407;287,407;287,407;344,334;387,304;413,300;
-8,455;24,445;-60,481;-42,469;315,380;315,380;324,343;-99,499;-8,455;287,407;287,407;287,407;287,407;344,334;387,304;-157,519;-106,510;-60,481;-42,469;-28,465;-8,455;286,443;287,407;315,380;344,334;373,314;452,301;
315,380;315,380;324,343;-99,499;344,334;315,380;344,334;373,314;-164,557;-101,531;100,486;299,459;315,380;347,318;373,314;463,305;489,280;
315,380;315,380;315,380;-164,557;299,459;315,380;463,305;489,280;-205,607;-152,546;112,536;186,525;210,475;423,347;463,305;517,274;517,274;
315,380;315,380;315,380;299,459;315,380;463,305;489,280;-205,607;112,536;186,525;210,475;423,347;463,305;517,274;517,274;-194,591;-153,582;-18,580;38,578;210,475;302,407;442,323;489,280;
----Iteration 7----
225,373;244,357;244,357;244,357;244,357;274,355;
225,373;195,382;195,382;283,358;283,358;283,358;283,358;313,356;329,325;
103,421;165,402;290,392;329,379;363,336;363,336;363,336;363,336;386,288;386,288;
103,421;363,336;363,336;363,336;363,336;244,414;346,410;413,335;421,317;421,317;421,317;421,317;421,317;
103,421;244,414;346,410;413,335;421,317;421,317;421,317;421,317;421,317;244,414;413,335;387,360;401,346;469,266;
103,421;244,414;346,410;244,414;387,360;401,346;424,339;424,339;429,304;430,281;508,267;496,278;
103,421;244,414;346,410;244,414;387,360;401,346;424,339;424,339;429,304;508,267;496,278;424,339;458,296;508,267;519,264;508,267;
103,421;244,414;346,410;244,414;387,360;401,346;424,339;424,339;429,304;508,267;496,278;424,339;458,296;508,267;519,264;508,267;496,278;
244,414;346,410;244,414;387,360;401,346;424,339;424,339;496,278;424,339;496,278;148,425;383,381;424,339;475,311;441,325;475,311;531,267;
244,414;346,410;244,414;401,346;496,278;496,278;148,425;145,443;278,412;394,385;394,385;394,385;394,385;394,385;394,385;450,344;450,344;485,331;485,331;485,331;485,331;496,278;552,272;
----Iteration 8----
168,333;168,333;168,333;
216,378;214,384;240,359;240,359;240,359;240,359;
240,359;240,359;240,359;240,359;239,401;238,424;279,350;268,355;279,350;279,350;279,350;350,314;
238,424;350,314;278,415;286,407;305,375;330,341;330,341;361,296;387,288;387,288;
238,424;278,415;286,407;305,375;309,370;404,355;452,340;498,305;
238,424;278,415;286,407;305,375;309,370;404,355;452,340;498,305;317,362;471,324;
404,355;303,436;321,389;514,342;492,343;514,342;514,342;
303,436;321,389;-66,452;354,383;546,357;514,372;565,341;565,341;573,333;
303,436;321,389;354,383;546,357;514,372;565,341;565,341;573,333;34,458;354,383;585,287;565,341;573,333;
303,436;354,383;546,357;565,341;565,341;34,458;354,383;565,341;-61,485;-11,480;34,458;326,404;354,383;520,382;593,334;593,334;593,334;611,322;611,322;
----Iteration 9----
255,329;284,286;278,310;284,286;284,286;
255,329;255,329;329,310;343,290;
255,329;255,329;329,310;377,266;369,309;377,266;
255,329;255,329;100,337;408,310;408,310;
345,381;395,369;457,354;446,357;489,327;497,312;
345,381;395,369;506,358;
506,358;410,421;411,398;429,386;482,365;506,358;520,338;
410,421;394,436;410,421;551,409;551,409;580,363;609,320;
410,421;394,436;410,421;551,409;551,409;580,363;609,320;394,436;405,433;551,409;580,363;609,320;595,327;
410,421;410,421;551,409;551,409;580,363;609,320;405,433;551,409;580,363;609,320;595,327;374,470;400,445;451,415;551,409;569,366;
