----Iteration 2----
x_Moead=[880, 952, 974, 986]
y_Moead=[1074, 1058, 1013, 979]
----Iteration 1----
x_Moead=[269, 274, 655, 676, 676, 788, 827, 871, 910, 898, 898, 909]
y_Moead=[818, 758, 716, 707, 707, 594, 589, 581, 505, 539, 539, 506]
----Iteration 0----
x_Moead=[464, 794, 834, 62, 83, 94, 786]
y_Moead=[674, 626, 565, 779, 750, 706, 659]
----Iteration 3----
x_Moead=[508, 508, 508, 638, 828, 61, 699, 61, 123, 677, 699, 729, 921, 984, 1016, 1020]
y_Moead=[816, 816, 816, 775, 687, 862, 720, 862, 845, 769, 720, 697, 649, 587, 585, 565]
----Iteration 4----
x_Moead=[-45, 208, 221, 266, 4, 4, 4, 141, 244, 253, 266, 406, 406, 406, 406, 406, 406, 427, 474, 504, 552]
y_Moead=[1011, 927, 906, 843, 985, 985, 985, 928, 862, 860, 843, 814, 814, 814, 814, 814, 814, 758, 745, 732, 697]
----Iteration 5----
x_Moead=[888, 884, 905, 917, 336, 370, 381, 995, 1008, 1019]
y_Moead=[863, 912, 819, 797, 986, 974, 926, 731, 726, 678]
----Iteration 6----
x_Moead=[-10, 641, 710, 747, 789, 789, 833]
y_Moead=[778, 757, 745, 699, 671, 671, 639]
----Iteration 7----
x_Moead=[16, 63, 225, 254, 320, 496, 558, 573, 573, 573, 573]
y_Moead=[1000, 995, 963, 937, 933, 914, 904, 896, 896, 896, 896]
----Iteration 8----
x_Moead=[181, 422, 422, 426, -50, -9, 531, 570, 607, -9, 395, 531, 607, 632, 628, 638]
y_Moead=[931, 887, 887, 880, 1017, 935, 856, 849, 803, 935, 913, 856, 803, 791, 798, 756]
----Iteration 9----
x_Moead=[428, 428, 428, -177, -13, 4, 142, 395, 464]
y_Moead=[717, 717, 717, 800, 788, 759, 747, 739, 691]
----End of Run----
