----Iteration 2----
memory=145.2421875,145.2421875,145.2421875,145.2421875,145.2421875,145.2421875,145.2421875,145.2421875,145.2421875,145.5
time=0.7945623397827148,1.1678569316864014,0.982825517654419,0.9872817993164062,1.0089354515075684,1.0138556957244873,0.9251174926757812,1.0028786659240723,0.9063432216644287,1.107018232345581
----Iteration 1----
memory=145.2421875,145.2421875,145.2421875,145.2421875,145.2421875,145.2421875,145.2421875,145.2421875,145.2421875,145.5
time=0.9710924625396729,0.9539377689361572,0.9692995548248291,0.901618480682373,1.0629196166992188,1.170952558517456,0.8738560676574707,0.9897046089172363,0.9615144729614258,1.2601819038391113
----Iteration 0----
memory=145.2421875,145.2421875,145.2421875,145.2421875,145.2421875,145.2421875,145.2421875,145.2421875,145.5,145.7578125
time=0.9092392921447754,1.1095819473266602,1.0641136169433594,0.9003846645355225,1.0869250297546387,0.9317615032196045,1.0319318771362305,1.1502501964569092,1.0145976543426514,1.2322006225585938
----Iteration 3----
memory=147.8203125,147.8203125,147.8203125,147.8203125,147.8203125,147.8203125,147.8203125,147.8203125,148.078125,148.078125
time=0.7883427143096924,0.9620976448059082,0.9598062038421631,1.0850107669830322,1.083160638809204,1.1618461608886719,0.9962265491485596,1.036728858947754,1.0650250911712646,1.091749668121338
----Iteration 4----
memory=147.8203125,147.8203125,147.8203125,147.8203125,147.8203125,147.8203125,147.8203125,147.8203125,148.078125,148.078125
time=0.9352343082427979,1.017540693283081,1.0352137088775635,1.186112403869629,1.0518755912780762,1.0886459350585938,1.0235719680786133,0.9313600063323975,0.8850538730621338,1.059297800064087
----Iteration 5----
memory=148.98828125,149.24609375,149.24609375,149.24609375,149.24609375,149.24609375,149.24609375,149.24609375,149.24609375,149.24609375
time=0.8190758228302002,0.9459218978881836,1.132836103439331,1.303297758102417,1.1168968677520752,1.3835361003875732,1.5022211074829102,1.2439460754394531,1.4173851013183594,1.1812074184417725
----Iteration 6----
memory=149.24609375,149.24609375,149.24609375,149.24609375,149.24609375,149.24609375,149.24609375,149.24609375,149.24609375,149.24609375
time=0.8707737922668457,1.1060802936553955,1.2337274551391602,1.112290620803833,1.3913202285766602,1.4788193702697754,1.2307803630828857,1.2115445137023926,1.1250474452972412,1.3988831043243408
----Iteration 7----
memory=149.24609375,149.24609375,149.24609375,149.24609375,149.24609375,149.24609375,149.24609375,149.24609375,149.24609375,149.24609375
time=0.9185020923614502,1.1775388717651367,1.2217202186584473,1.2069597244262695,1.539717435836792,1.2148005962371826,1.1422247886657715,1.2301924228668213,1.1854865550994873,1.3027369976043701
----Iteration 8----
memory=149.24609375,149.24609375,149.24609375,149.24609375,149.24609375,149.24609375,149.24609375,149.24609375,149.24609375,149.24609375
time=0.7741742134094238,0.9324913024902344,1.0257861614227295,1.1412255764007568,0.9303042888641357,0.9322824478149414,0.9039971828460693,0.8857319355010986,1.0771980285644531,0.8609144687652588
----Iteration 9----
memory=149.24609375,149.24609375,149.24609375,149.24609375,149.24609375,149.24609375,149.24609375,149.24609375,149.24609375,149.24609375
time=0.8617937564849854,0.8515453338623047,1.0186636447906494,1.1599643230438232,0.9311902523040771,0.9942266941070557,0.878079891204834,0.8533496856689453,1.0354809761047363,0.8453471660614014
