----Iteration 2----
-239,787;139,775;175,772;273,757;
-9,917;382,814;
382,814;75,919;85,877;93,870;378,836;398,802;
124,922;356,897;517,885;
124,922;356,897;517,885;114,969;159,921;166,914;517,885;528,839;
124,922;356,897;114,969;159,921;166,914;114,969;166,914;229,910;530,888;572,847;572,847;
689,947;681,1063;726,933;768,906;
726,933;768,906;709,1071;768,906;805,860;825,797;
709,1071;839,1048;885,1016;905,983;908,968;
880,1074;952,1058;974,1013;986,979;
----Iteration 1----
-144,582;-144,582;-144,582;-144,582;-127,538;-127,538;-127,538;210,331;195,449;209,400;
-134,635;247,576;298,480;334,438;
247,576;-132,681;-111,672;-65,663;154,639;302,539;337,455;337,455;337,455;337,455;
13,682;332,621;332,621;321,640;321,640;488,563;
13,682;562,658;
13,682;562,658;-60,715;-28,694;613,592;639,591;
562,658;-60,715;613,592;639,591;104,711;685,543;649,570;685,543;753,515;
562,658;613,592;639,591;104,711;649,570;-59,735;4,717;104,711;145,679;773,562;
639,591;649,570;145,679;773,562;99,755;126,711;145,679;277,677;596,674;597,638;618,629;640,572;778,512;
269,818;274,758;655,716;676,707;676,707;788,594;827,589;871,581;910,505;898,539;898,539;909,506;
----Iteration 0----
359,666;359,666;359,666;359,666;359,666;
359,666;359,666;359,666;359,666;359,666;453,623;487,546;
359,666;359,666;359,666;359,666;359,666;453,623;487,546;487,546;
359,666;359,666;359,666;359,666;359,666;453,623;453,623;458,587;536,549;611,499;
359,666;359,666;359,666;359,666;359,666;453,623;453,623;536,549;611,499;466,610;482,598;493,550;570,537;611,499;658,490;
464,674;542,644;606,593;698,569;698,569;698,569;754,497;
464,674;542,644;606,593;698,569;698,569;698,569;698,569;778,561;811,494;
464,674;542,644;606,593;811,494;51,711;83,679;664,592;783,580;
464,674;51,711;83,679;40,759;782,647;794,626;834,565;
464,674;794,626;834,565;62,779;83,750;94,706;786,659;
----Iteration 3----
-247,458;222,446;222,446;303,435;303,435;303,435;328,395;
360,532;360,532;419,458;419,458;409,495;419,458;419,458;419,458;419,458;419,458;419,458;
360,532;360,532;-155,598;325,553;359,550;540,424;503,511;503,511;503,511;503,511;503,511;503,511;530,494;530,494;
508,816;508,816;508,816;510,677;568,517;561,525;568,517;561,525;
508,816;508,816;508,816;598,737;598,737;598,737;754,576;704,603;836,567;
508,816;508,816;508,816;598,737;598,737;598,737;836,567;598,737;761,623;777,611;836,567;
508,816;508,816;508,816;598,737;598,737;598,737;836,567;598,737;836,567;598,737;606,709;832,603;804,636;832,603;844,554;846,533;
508,816;508,816;508,816;832,603;832,603;638,775;657,738;828,687;861,596;897,574;914,538;
508,816;508,816;508,816;832,603;832,603;638,775;657,738;828,687;861,596;897,574;84,827;61,862;699,720;940,549;976,542;
508,816;508,816;508,816;638,775;828,687;61,862;699,720;61,862;123,845;677,769;699,720;729,697;921,649;984,587;1016,585;1020,565;
----Iteration 4----
-47,680;-47,680;-47,680;-38,491;201,290;164,350;241,284;241,284;
-47,680;-47,680;-47,680;241,284;241,284;-11,663;-11,663;-11,663;23,623;169,387;174,365;205,301;
-47,680;-47,680;-47,680;-11,663;-11,663;-11,663;169,387;12,654;12,654;24,632;60,608;100,602;393,274;341,371;341,371;407,271;
-47,680;-47,680;-47,680;-11,663;-11,663;-11,663;12,654;12,654;24,632;100,602;393,274;341,371;341,371;407,271;-169,748;-24,671;12,654;62,620;156,568;156,568;314,416;423,238;
100,602;407,271;-169,748;423,238;-225,783;-151,721;-32,703;1,694;22,675;94,647;169,594;173,545;173,545;209,528;269,471;269,471;334,464;362,380;389,363;394,276;455,236;
-169,748;-225,783;169,594;-345,825;-250,800;-225,783;3,747;42,686;70,665;106,648;232,581;242,573;344,535;278,562;295,561;344,535;409,528;409,528;397,534;409,528;409,528;409,528;474,375;484,350;
409,528;409,528;409,528;409,528;409,528;474,375;484,350;-10,901;-2,803;31,772;63,747;321,686;408,685;409,528;420,480;474,375;
484,350;-10,901;-35,954;105,893;105,893;134,856;148,819;157,803;189,740;418,726;454,697;481,655;481,655;481,655;
418,726;-28,967;-45,1011;208,927;221,906;266,843;377,786;377,786;396,750;396,750;417,749;455,715;455,715;481,693;519,659;519,659;
-45,1011;208,927;221,906;266,843;4,985;4,985;4,985;141,928;244,862;253,860;266,843;406,814;406,814;406,814;406,814;406,814;406,814;427,758;474,745;504,732;552,697;
----Iteration 5----
364,602;452,566;
364,602;452,566;431,590;410,595;452,566;465,549;
465,713;497,692;527,687;
472,716;568,714;
611,741;686,697;
686,697;657,742;752,632;
888,863;
888,863;
888,863;884,912;905,819;917,797;
888,863;884,912;905,819;917,797;336,986;370,974;381,926;995,731;1008,726;1019,678;
----Iteration 6----
205,599;205,599;
216,645;286,639;335,594;367,554;367,554;367,554;367,554;367,554;367,554;
335,594;314,671;452,590;
314,671;351,660;363,626;472,606;520,571;
520,571;440,729;465,686;489,638;489,638;520,571;508,605;
440,729;530,698;525,720;525,720;525,720;525,720;525,720;546,697;562,677;566,606;562,677;
440,729;525,720;525,720;525,720;525,720;525,720;557,718;557,718;557,718;611,711;622,663;622,663;
-10,778;641,757;
-10,778;641,757;665,739;665,739;665,739;701,618;743,590;743,590;
-10,778;641,757;710,745;747,699;789,671;789,671;833,639;
----Iteration 7----
-14,723;56,689;56,689;56,689;56,689;56,689;65,685;149,641;153,634;
157,766;150,769;157,766;157,766;223,711;240,675;
157,766;150,769;157,766;157,766;223,711;240,675;202,729;240,675;272,635;255,671;304,623;
157,766;150,769;157,766;157,766;-145,771;275,692;265,741;275,692;315,669;362,654;377,635;377,635;377,635;
157,766;150,769;157,766;157,766;-34,807;47,778;325,747;354,726;422,660;481,575;
325,747;354,726;481,575;-28,820;50,805;211,790;302,777;346,735;430,705;481,575;454,617;482,565;
-19,974;7,936;48,898;294,892;294,892;330,846;367,832;410,826;498,816;498,816;511,795;
-19,974;7,936;48,898;294,892;294,892;498,816;498,816;511,795;-19,974;38,924;294,892;503,810;491,855;491,855;491,855;511,795;521,769;
-19,974;48,898;294,892;294,892;-19,974;38,924;294,892;-19,974;22,936;305,884;536,874;536,874;536,874;536,874;536,874;536,874;536,874;565,831;
16,1000;63,995;225,963;254,937;320,933;496,914;558,904;573,896;573,896;573,896;573,896;
----Iteration 8----
-75,622;-40,619;
-40,619;-207,749;-67,647;-71,667;-67,647;-67,647;-67,647;-67,647;-40,619;84,614;
84,614;-70,822;-19,755;-11,628;84,614;157,533;
-48,850;14,769;27,763;92,737;131,696;200,631;235,614;
181,931;222,893;315,889;
181,931;222,893;315,889;315,889;332,845;332,845;
181,931;-128,941;359,912;422,887;422,887;469,841;508,827;
181,931;359,912;422,887;422,887;469,841;508,827;-102,980;426,880;467,842;521,819;542,814;
181,931;359,912;422,887;422,887;426,880;-50,1017;-9,935;531,856;570,849;607,803;612,767;
181,931;422,887;422,887;426,880;-50,1017;-9,935;531,856;570,849;607,803;-9,935;395,913;531,856;607,803;632,791;628,798;638,756;
----Iteration 9----
67,611;99,609;99,609;99,609;99,609;158,598;
99,609;99,609;99,609;99,609;158,598;19,613;99,609;92,611;213,582;238,565;288,550;
158,598;213,582;238,565;128,704;143,629;143,629;213,582;309,556;
158,598;213,582;238,565;128,704;143,629;143,629;213,582;309,556;133,658;143,629;213,582;314,514;320,508;320,508;
128,704;154,679;343,655;
128,704;154,679;-174,730;154,679;354,676;354,676;
-174,730;-174,730;363,719;407,711;
-174,730;-174,730;363,719;-174,730;363,719;428,717;428,717;428,717;
363,719;363,719;428,717;428,717;428,717;-34,748;175,725;
428,717;428,717;428,717;-177,800;-13,788;4,759;142,747;395,739;464,691;
