----Iteration 1----
memory=145.2421875,145.2421875,145.2421875,145.2421875,145.2421875,145.2421875,145.2421875,145.2421875,145.2421875,145.5
time=0.9846582412719727,1.0113849639892578,0.9017512798309326,0.8469054698944092,1.148604393005371,1.0760924816131592,0.9444406032562256,0.849522590637207,0.8997385501861572,1.0192813873291016
----Iteration 0----
memory=145.2421875,145.2421875,145.2421875,145.2421875,145.2421875,145.2421875,145.2421875,145.2421875,145.2421875,145.5
time=0.8230969905853271,0.9860820770263672,1.0658109188079834,0.9331767559051514,1.1052265167236328,1.0323407649993896,0.9637227058410645,0.9792859554290771,0.8964138031005859,1.0960705280303955
----Iteration 2----
memory=145.2421875,145.2421875,145.2421875,145.2421875,145.2421875,145.2421875,145.2421875,145.2421875,145.2421875,145.5
time=0.8768506050109863,0.9525368213653564,0.9740557670593262,0.9224958419799805,1.0724334716796875,1.0222043991088867,0.9577164649963379,1.0333330631256104,0.9726090431213379,1.1672210693359375
----Iteration 4----
memory=147.8203125,147.8203125,147.8203125,147.8203125,147.8203125,147.8203125,147.8203125,147.8203125,148.078125,148.078125
time=0.8581130504608154,0.8846018314361572,1.1094915866851807,0.9975147247314453,0.995908260345459,1.136244773864746,0.9081587791442871,1.074866771697998,0.9368200302124023,1.0076401233673096
----Iteration 3----
memory=147.8203125,147.8203125,147.8203125,147.8203125,147.8203125,147.8203125,147.8203125,147.8203125,148.078125,148.078125
time=0.8151495456695557,1.0318918228149414,0.9771230220794678,1.0761511325836182,1.0725181102752686,1.1253223419189453,1.026677131652832,1.0566279888153076,0.906329870223999,1.004272699356079
----Iteration 5----
memory=147.8203125,147.8203125,147.8203125,147.8203125,147.8203125,147.8203125,147.8203125,148.078125,148.078125,148.73046875
time=0.9152593612670898,1.0187044143676758,1.0115530490875244,1.1710731983184814,1.253490686416626,1.06618070602417,0.9979331493377686,1.1843838691711426,0.9473044872283936,0.9151065349578857
----Iteration 6----
memory=148.98828125,149.24609375,149.24609375,149.24609375,149.24609375,149.24609375,149.24609375,149.24609375,149.24609375,149.24609375
time=0.8158614635467529,1.0069568157196045,1.146545171737671,1.1622295379638672,1.1004438400268555,1.5258491039276123,1.329200267791748,1.1043767929077148,1.2093901634216309,1.171762466430664
----Iteration 7----
memory=149.24609375,149.24609375,149.24609375,149.24609375,149.24609375,149.24609375,149.24609375,149.24609375,149.24609375,149.24609375
time=0.9150519371032715,1.050844669342041,1.2671959400177002,1.0573034286499023,1.415696382522583,1.2003238201141357,1.1961650848388672,1.187790870666504,1.2688205242156982,1.2657625675201416
----Iteration 8----
memory=149.24609375,149.24609375,149.24609375,149.24609375,149.24609375,149.24609375,149.24609375,149.24609375,149.24609375,149.24609375
time=0.66707444190979,0.8122663497924805,0.8534970283508301,1.0188918113708496,1.219508409500122,0.9136037826538086,0.9436964988708496,0.857975959777832,0.8630337715148926,0.9078693389892578
----Iteration 9----
memory=149.24609375,149.24609375,149.24609375,149.24609375,149.24609375,149.24609375,149.24609375,149.24609375,149.24609375,149.24609375
time=0.780113935470581,0.8364026546478271,0.819371223449707,1.1107397079467773,0.888463020324707,0.8676581382751465,0.9572632312774658,0.8223991394042969,0.8659267425537109,0.8801660537719727
