----Iteration 4----
13347,1420113972;14897,1370314151;14708,1384413273;14324,1359514289;14024,1407414039;15025,1348113747;13472,1453713850;14267,1418414023;14304,1391713741;14704,1386213866;14063,1402014284;
14275,1409913953;14488,1374914126;14491,1423913941;14537,1361113917;14654,1415613297;14545,1361213853;14645,1389813534;14613,1409613419;14587,1343613804;14744,1327413568;
14488,1374914126;14491,1423913941;14368,1413314046;14594,1410913968;14325,1402914068;14877,1431313898;14280,1359114140;14471,1421913974;14913,1423313922;14639,1368113977;14799,1423513908;15177,1369113743;15169,1368413805;15151,1373413817;15106,1376913750;15174,1363813792;15180,1358413800;
14368,1413314046;14526,1391914462;14529,1385414440;14575,1383914467;14353,1412714125;14711,1378814461;14681,1375614510;14718,1368914436;14671,1379614479;14960,1398414095;14686,1371514476;14888,1374014209;15071,1389314193;15061,1392114073;15160,1446114029;15137,1388414113;15314,1374013815;15282,1368413917;15326,1368613877;
14575,1383914467;14681,1375614510;14671,1379614479;14686,1371514476;15160,1446114029;14567,1388214519;14438,1398114507;14379,1418314170;14329,1416714184;14715,1382414465;14415,1418914110;15165,1445413959;14533,1393914554;15263,1396014359;15133,1446313968;15368,1402114244;15335,1440014087;15282,1444414092;15327,1442714074;15258,1412814452;
14575,1383914467;14681,1375614510;14671,1379614479;14686,1371514476;14567,1388214519;14438,1398114507;14379,1418314170;14329,1416714184;14533,1393914554;15258,1412814452;14736,1382914470;14534,1392914487;14403,1424214159;15088,1450914117;15343,1449914158;15400,1397414447;15451,1438114030;15468,1398314352;15437,1404914330;
14681,1375614510;14567,1388214519;14438,1398114507;14533,1393914554;15258,1412814452;15400,1397414447;15468,1398314352;14427,1397314586;14566,1414714444;15051,1457114192;15109,1457914157;15119,1454514180;14569,1393314510;15042,1432814355;15266,1466614069;15209,1409114479;15267,1459714059;15433,1453314257;15768,1441714332;15801,1441414329;
14567,1388214519;14533,1393914554;15400,1397414447;15468,1398314352;14427,1397314586;15051,1457114192;15109,1457914157;15119,1454514180;14569,1393314510;15042,1432814355;15266,1466614069;15209,1409114479;15267,1459714059;15433,1453314257;14751,1379614567;14477,1400014528;14595,1452614348;15265,1464614118;15319,1409014489;15303,1455814156;15331,1414514462;15416,1451514262;15312,1418814450;15430,1450014313;15897,1443114351;15912,1448114333;
15266,1466614069;15209,1409114479;15265,1464614118;15319,1409014489;15331,1414514462;15312,1418814450;14888,1380614661;14501,1410414647;15413,1408114612;15470,1386314395;15964,1458414369;15947,1460814389;
15964,1458414369;15947,1460814389;15463,1462714353;15410,1464914252;15326,1466814071;15743,1418714637;15731,1426814693;16174,1440714437;16104,1443114439;16093,1446814445;16156,1441114495;16121,1441214508;
15964,1458414369;15947,1460814389;15731,1426814693;16174,1440714437;16104,1443114439;16093,1446814445;16156,1441114495;16121,1441214508;14746,1398514709;15463,1474414258;15654,1460814405;15658,1472814328;15720,1433614538;15542,1472314386;15573,1464414360;15775,1428414658;15660,1461614208;15943,1466314121;15947,1463614105;16144,1462514106;16169,1443714438;16237,1448714304;16220,1452214304;16227,1448014307;
----Iteration 3----
14450,1369313877;14075,1399813602;13671,1429813646;15099,1356913582;13997,1413813280;13862,1367714403;13900,1371214011;13792,1419313838;14587,1317913612;14465,1356114242;14121,1367514222;13567,1393614199;14064,1403213213;13842,1405613475;14304,1390813880;
14599,1442414007;14390,1397614044;14607,1458913911;14636,1467113864;14620,1470713898;14995,1423613603;14691,1456413980;14984,1417713607;15009,1435913519;14765,1408613863;15296,1430013512;15161,1427013580;15170,1426713548;15257,1420813600;15267,1424413538;
14344,1391114141;14356,1385914143;14424,1403614131;14708,1474114090;14768,1470614115;14844,1412114022;15327,1480914015;15422,1475313886;15419,1478113878;15440,1475713881;15418,1469013939;15482,1475213910;15512,1473413864;
14768,1470614115;15327,1480914015;15419,1478113878;15482,1475213910;15512,1473413864;14352,1386914285;14676,1475814231;14733,1474014214;14740,1475714160;14749,1470514184;14933,1482013885;15018,1472214020;14960,1436014177;15370,1480313941;15449,1475513988;14968,1431914156;15470,1476513919;15493,1477613903;15564,1472614002;15505,1470114090;15568,1471413987;
15327,1480914015;15482,1475213910;14676,1475814231;14733,1474014214;15370,1480313941;15470,1476513919;15493,1477613903;14464,1389614292;14082,1433214367;14594,1465714232;14752,1477814173;14751,1480014141;15104,1482413988;14105,1440214312;14681,1462914220;14731,1479114189;14951,1475314113;15384,1476714000;15517,1478713888;15472,1475514086;15528,1474914186;15632,1473314101;15669,1467614110;15669,1468214045;
14725,1487714296;14764,1490814144;15465,1483914022;15581,1485013986;15564,1488213955;15486,1483814217;15456,1482914247;15770,1477914315;15875,1473614336;15862,1477514368;15851,1477614284;
14725,1487714296;14562,1467114414;14559,1458714558;14731,1493614283;14965,1501714166;14856,1493914227;15261,1437814451;14993,1440214541;15647,1495713965;15642,1494514030;15738,1489814256;15937,1481814369;15955,1484314330;15966,1477914391;16003,1481714344;16023,1480014236;15988,1471214377;16023,1485514208;
14965,1501714166;15491,1450714733;15444,1455214628;14949,1493314338;14839,1498914307;15447,1462914575;15665,1498413974;15513,1447814690;15720,1497414021;15530,1425514558;15873,1495714307;16020,1490414352;16131,1488314480;16127,1484514490;16150,1485614410;16171,1485414425;
14965,1501714166;14839,1498914307;15447,1462914575;15665,1498413974;15720,1497414021;15550,1455714900;14761,1474914605;14994,1467714554;15236,1502113967;14632,1489214597;14822,1499514298;15678,1497614053;15747,1497413951;15805,1496414251;16239,1488914546;16219,1496114528;
14965,1501714166;14839,1498914307;15236,1502113967;14632,1489214597;14822,1499514298;16239,1488914546;16219,1496114528;15500,1455014927;15563,1456014909;15507,1457314873;15583,1461814829;14775,1504614326;15649,1454114841;15635,1456714809;15811,1430114799;16134,1500714294;15808,1436714844;16138,1499414304;16049,1475314628;16255,1486414588;
15500,1455014927;15563,1456014909;16061,1515614367;15899,1462514908;16166,1488114761;16286,1497914696;16242,1506814508;16271,1506214522;16352,1481814685;16326,1475614759;16376,1474714752;16320,1483714832;16461,1472014847;16402,1477714623;
----Iteration 0----
13534,1434413862;13241,1388914177;14351,1401013910;14607,1402013712;14327,1419913814;14857,1390713965;14033,1429914004;14573,1415213768;15086,1366614082;13968,1416914176;14260,1408214033;14351,1367014459;
14456,1312614394;13871,1438714079;14810,1363314333;14660,1420613948;14635,1427913899;14840,1370014328;14910,1418014276;15009,1416314323;
15009,1416314323;14726,1442514181;14671,1452614165;14944,1343214572;15000,1387414429;14748,1449414152;14914,1346814549;15053,1346614556;15022,1382714516;15020,1399514383;14987,1421814306;15258,1377514200;15317,1377514139;
15009,1416314323;14944,1343214572;15053,1346614556;15022,1382714516;14987,1421814306;14807,1460714308;15100,1373714552;14984,1411814456;14914,1460914255;14982,1412514519;15043,1414814400;15215,1425914163;15013,1410214402;15230,1422614180;15097,1398814470;15401,1416214353;15077,1423014268;15264,1420714151;
14807,1460714308;14914,1460914255;14982,1412514519;15312,1374114556;15130,1445914447;15175,1375014524;15115,1448314457;15230,1364214592;15260,1369714569;14928,1453014273;15208,1446214439;15135,1400114642;15251,1450714426;15701,1429014331;15520,1450314379;15430,1440914403;15732,1429714306;15805,1431114262;
14982,1412514519;15115,1448314457;15135,1400114642;15251,1450714426;15520,1450314379;15430,1440914403;15084,1443814488;15180,1444514462;15060,1457214436;15000,1470914501;15325,1378314624;15236,1447714455;15628,1394514606;15319,1455814425;15472,1414214439;15726,1436514259;15714,1438314283;15652,1444914354;15778,1435914320;15883,1433514348;15826,1433914326;
15135,1400114642;15084,1443814488;15180,1444514462;15236,1447714455;15628,1394514606;15319,1455814425;15652,1444914354;15883,1433514348;15359,1397414723;15313,1399414760;15283,1399514719;15125,1448514474;15083,1472814552;15400,1487614404;15347,1476414405;15409,1373914613;15559,1452014427;15563,1424214530;15608,1450314346;15719,1439014303;15641,1451314295;15863,1463914190;15877,1438514424;
15628,1394514606;15359,1397414723;15313,1399414760;15083,1472814552;15400,1487614404;15347,1476414405;15559,1452014427;15563,1424214530;15608,1450314346;15641,1451314295;15863,1463914190;15327,1389414786;15155,1462214614;14979,1474014591;15142,1468514482;15405,1480814398;15432,1487014336;15303,1407014806;15230,1414314733;15363,1475614447;15498,1388514691;15514,1387314708;15583,1452214421;15600,1454114363;15767,1454914284;15766,1465214212;15806,1464914238;15852,1462814237;15832,1467114171;15953,1442814507;15906,1450614321;15952,1448214472;
15628,1394514606;15359,1397414723;15313,1399414760;15083,1472814552;15400,1487614404;15347,1476414405;15559,1452014427;15608,1450314346;15863,1463914190;15327,1389414786;15155,1462214614;14979,1474014591;15405,1480814398;15432,1487014336;15303,1407014806;15230,1414314733;15498,1388514691;15514,1387314708;15583,1452214421;15600,1454114363;15953,1442814507;15906,1450614321;15952,1448214472;15340,1398614775;15194,1446914682;15011,1452014622;15337,1468114507;15231,1481214551;15422,1478514402;15171,1463814607;15375,1475914450;15449,1483914286;15306,1427314585;15377,1456414583;15551,1388414641;15566,1382914673;15507,1458414548;15743,1471514149;15649,1427714546;15854,1470014305;15826,1474614148;15799,1393214518;16007,1428114491;15895,1474114134;15922,1463414230;15969,1441714425;
15628,1394514606;15400,1487614404;15347,1476414405;15559,1452014427;15405,1480814398;15432,1487014336;15303,1407014806;15498,1388514691;15514,1387314708;15583,1452214421;15952,1448214472;15337,1468114507;15375,1475914450;15449,1483914286;15566,1382914673;15507,1458414548;15319,1497714675;15287,1491114709;15483,1460714724;15598,1389214669;15340,1448414788;15459,1483814334;15722,1428614578;15873,1487414221;15909,1478614402;15938,1449014403;15931,1467314231;16018,1443114530;
15628,1394514606;15400,1487614404;15432,1487014336;15498,1388514691;15514,1387314708;15952,1448214472;15566,1382914673;15507,1458414548;15483,1460714724;15598,1389214669;15340,1448414788;15459,1483814334;15722,1428614578;15909,1478614402;16018,1443114530;15424,1416714871;15316,1447514841;15471,1462414773;15424,1465814746;15357,1497414715;15331,1504614826;15428,1483014709;15925,1494614292;15365,1485014748;15941,1489114262;15494,1395614658;15585,1403814588;15925,1496314232;15883,1402514555;15932,1471714485;15951,1460714447;15986,1445014543;15987,1455814396;
----Iteration 2----
14429,1390914077;14120,1373814496;14429,1399913968;14269,1403314134;14776,1359713426;14572,1417113865;14283,1394214181;14744,1385213803;14212,1428714055;14466,1366914154;14615,1393113523;
13869,1367514165;13861,1370414127;13927,1344614208;13988,1342814181;14317,1359414059;13933,1340214202;13907,1476613584;14784,1409414051;14791,1411014009;15352,1472213911;
15352,1472213911;13915,1364914219;15280,1480313869;15266,1441813963;15307,1484513845;15395,1485413835;15286,1480013849;15628,1491113784;15590,1495413773;15585,1494713831;15723,1433114183;15688,1435614213;
15723,1433114183;15688,1435614213;14593,1507813441;14451,1354214364;15564,1473314201;14564,1508413453;14863,1405414329;15525,1480514229;15419,1472114248;15531,1474314235;15758,1491513736;15792,1482913978;15640,1497714185;15798,1484613926;15714,1502514175;15725,1494714154;15715,1499113932;15748,1457814087;15757,1451814035;
15723,1433114183;15688,1435614213;15758,1491513736;15792,1482913978;15640,1497714185;15798,1484613926;15714,1502514175;15748,1457814087;14837,1392214428;15486,1521114044;15456,1521114081;15459,1518614114;15510,1517414016;15336,1460514338;15468,1509914129;15532,1514214085;15553,1515814046;15538,1488414316;15530,1511614122;15548,1507214101;15597,1497314198;15682,1495314276;15707,1496014203;15725,1502514164;15803,1465014064;15842,1487013880;15820,1490113914;15747,1466614101;15763,1486213949;
15714,1502514175;14837,1392214428;15336,1460514338;15553,1515814046;15538,1488414316;15682,1495314276;15725,1502514164;15842,1487013880;15403,1529414288;15429,1527214165;14814,1405714434;15231,1511914303;15303,1467714337;15449,1526714266;15499,1525914173;15535,1528413990;15472,1520714251;15537,1522914144;15476,1536514011;15545,1521114160;15773,1498714267;15597,1512814124;15646,1504514226;15648,1508714011;15735,1504814089;15825,1496014232;15834,1503313918;
14837,1392214428;15538,1488414316;15403,1529414288;14814,1405714434;15476,1536514011;15302,1473114423;15322,1531514312;15342,1524614364;15378,1533514284;15498,1515614415;15850,1534314246;15824,1528714302;15798,1535014231;15903,1509214297;
15529,1512714736;15532,1514714667;15543,1513514719;15578,1512514738;15489,1539614284;15556,1540814281;15616,1517314648;15595,1519714654;15837,1535814508;15740,1506914672;15976,1534314607;16031,1533714637;16114,1539214460;16184,1532114463;16161,1537714448;
15529,1512714736;15543,1513514719;15578,1512514738;16114,1539214460;16184,1532114463;16161,1537714448;15537,1504514801;15596,1512314742;15485,1516714771;15591,1512114761;15863,1542614497;15945,1537714609;15968,1535614592;16110,1535514711;16175,1534814078;16121,1529014490;16214,1524014399;
16114,1539214460;16184,1532114463;16161,1537714448;15863,1542614497;15945,1537714609;15968,1535614592;16110,1535514711;16175,1534814078;16121,1529014490;16214,1524014399;15630,1530914922;15678,1536414865;15863,1539414520;15816,1543414488;15634,1529214892;15813,1541214517;15779,1516114790;15817,1515914747;15884,1537914470;16078,1541514424;16128,1538814458;16187,1529314467;16182,1525514565;
15630,1530914922;15678,1536414865;15634,1529214892;15721,1537214831;15886,1550214536;15896,1553014468;15688,1534614889;16056,1547114449;15850,1556614671;16069,1545914504;16236,1531414572;16213,1544714827;16205,1535914866;16240,1525614637;16227,1531714580;
----Iteration 6----
14498,1398813751;14324,1349813816;13932,1347314157;14052,1375514130;14754,1361213497;14671,1348514002;14231,1375514077;14073,1379113962;14065,1389813929;13721,1345614265;13734,1447313874;14731,1303413856;13748,1380313945;13694,1372614145;
13884,1473113785;13889,1469513833;14472,1467414053;14605,1467214210;14651,1463514171;14506,1448714295;14687,1464314160;
14506,1448714295;14687,1464314160;13798,1427514322;13846,1434314312;14686,1481214182;14704,1480414119;14651,1484914232;14616,1486414215;14666,1480414185;14788,1463113953;14773,1462714001;14768,1462414018;14814,1457114032;15187,1431314051;15226,1434614037;
14686,1481214182;14651,1484914232;14616,1486414215;14666,1480414185;14015,1451714389;14703,1483714117;14698,1477514187;14809,1465614277;14689,1482414128;14847,1470814258;14806,1469314327;15191,1471014117;15178,1473414038;14991,1481414122;15009,1490414010;14996,1494213957;15141,1464314150;15050,1474014033;15076,1476413882;15575,1444114166;15395,1450714049;15502,1448714082;15498,1448514083;15597,1436914137;
15048,1542414600;15104,1528214469;15056,1542214665;15881,1500514415;15872,1507314437;
15048,1542414600;15056,1542214665;15001,1545514656;15014,1544914623;16110,1522914786;16124,1522414781;16064,1527014784;16061,1527614783;16155,1532314753;
14475,1504014974;14480,1498914972;16091,1548714847;16207,1540814870;16209,1534314910;16255,1532614807;16248,1535614760;
14480,1498914972;16091,1548714847;16207,1540814870;16209,1534314910;16255,1532614807;14477,1505915000;15369,1569114889;15413,1564214906;15814,1525514953;16097,1533014915;16082,1543914913;16197,1542114828;16528,1554314774;16420,1539314806;16548,1546614799;16516,1549814805;
16209,1534314910;15369,1569114889;15413,1564214906;15814,1525514953;16097,1533014915;16082,1543914913;14508,1514415034;15508,1560714985;14560,1503114997;16065,1524814960;16055,1544814911;16096,1536414912;16031,1551814889;16661,1565414844;16623,1560714852;16615,1567714874;
15369,1569114889;15413,1564214906;15508,1560714985;16661,1565414844;16615,1567714874;15768,1570814821;16124,1523315023;16228,1536314967;15521,1557015006;16028,1549814963;16205,1518815058;16636,1560714950;
15369,1569114889;15413,1564214906;16661,1565414844;16615,1567714874;15768,1570814821;16636,1560714950;14986,1516015224;16114,1549115177;16123,1548115177;16154,1542015196;16479,1563114941;16629,1560315096;16621,1560915111;16651,1557015067;
----Iteration 5----
14735,1376113925;13870,1420614017;14022,1330214327;14862,1366613609;14840,1378513735;14263,1398314136;14140,1439013674;14295,1399013796;14552,1369614239;14413,1378813669;13290,1446112993;
15181,1412114543;15235,1405914551;15225,1410014548;15242,1406814475;
15236,1414814582;15215,1413014586;15320,1413714563;15454,1411714385;15278,1419414458;15507,1406714308;15560,1421314249;15555,1421014254;15588,1417214268;15564,1415714277;
15627,1429914543;15572,1407114635;15588,1431114485;15672,1429114564;15668,1405914616;15584,1409014585;15577,1415314614;15683,1404414605;15811,1424114511;15757,1417814521;
15672,1429114564;15668,1405914616;15577,1415314614;15683,1404414605;15375,1421814621;15578,1421914572;15675,1434114554;15648,1413414625;15626,1397614637;15598,1407614648;15574,1414914663;15643,1436914568;15754,1435914524;15722,1437314553;15747,1438514487;15696,1410414590;15957,1436314399;16036,1427114507;16053,1429814489;16106,1435414449;16009,1435414537;16151,1428914422;16139,1431914340;
15670,1444314954;15673,1458514487;15719,1452414551;15663,1452114602;15728,1451914540;15753,1438214999;15873,1424614989;15864,1425414947;15795,1426914979;15867,1451614789;15973,1435214937;15962,1435714762;15971,1431614938;15924,1437514921;16052,1433314809;16233,1439014633;
15753,1438214999;15873,1424614989;15750,1447014893;15877,1451514815;16179,1457214796;16199,1445014984;16252,1445214930;16284,1442214932;16305,1472614629;16227,1466914776;16299,1474414694;16365,1463714783;16341,1471814721;16366,1472314682;
15753,1438214999;15873,1424614989;16199,1445014984;16385,1482514971;16428,1471614957;16589,1449114840;16504,1473114812;16594,1448614868;16614,1455314770;16583,1451214896;
16572,1474615037;16571,1488915015;16448,1493214888;16650,1474014964;16600,1473214991;16600,1475614947;16591,1476814854;16906,1471415205;16934,1468615086;
16571,1488915015;16448,1493214888;16906,1471415205;16934,1468615086;16276,1477615129;16711,1474915096;16601,1482915028;16594,1484515014;16684,1479715053;16670,1481415003;16721,1474415153;16838,1476114940;17033,1461415245;16963,1467915281;
16906,1471415205;16838,1476114940;17033,1461415245;16963,1467915281;16571,1501315249;16599,1497614937;16660,1492015350;16693,1492615305;16719,1490815360;16674,1496815292;16604,1487515370;16726,1486914971;16860,1472415164;17021,1460315279;16967,1467715273;16800,1477715154;17024,1466715250;16944,1470415309;17011,1465915272;16957,1471215287;
----Iteration 7----
14861,1370813584;14822,1362113779;13525,1436314000;14000,1385914005;13890,1402214206;14783,1383814555;14497,1428813923;
14105,1352914502;14003,1353514494;14682,1400714087;14641,1411514358;14923,1400414357;14762,1398314381;14800,1396014381;14964,1398514296;
14858,1391314619;14885,1377914641;14929,1383514594;15449,1406414583;15544,1407414545;15947,1455614513;
15947,1455614513;15132,1387814803;15051,1389714881;15129,1395614711;14841,1411714934;15160,1383414757;15190,1378814763;15693,1452914696;15855,1460114469;16035,1460914443;15994,1456514489;15999,1458314476;
15947,1455614513;15051,1389714881;14841,1411714934;15693,1452914696;15855,1460114469;16035,1460914443;15994,1456514489;15999,1458314476;15291,1401014810;15587,1464114665;15382,1466114512;15580,1464314719;15590,1464314607;15320,1399314778;15631,1410514706;15739,1449414654;15946,1460014533;16097,1443914510;16082,1446114488;
15051,1389714881;15580,1464314719;15032,1415314959;15347,1433314857;15741,1463314706;15639,1472714642;15628,1478214577;15358,1400114853;15724,1471614682;15370,1405514807;15735,1472314646;15383,1401814768;15493,1411914759;15619,1414114757;15758,1450114681;15834,1428514744;16060,1466014614;16069,1461914621;16065,1459214639;16200,1453514555;
15980,1487414878;15955,1492314843;15897,1476014943;16009,1479014825;16323,1458214967;16384,1462814938;16498,1466014917;16427,1470714917;
15955,1492314843;16323,1458214967;16384,1462814938;16498,1466014917;16427,1470714917;15583,1460715115;15867,1471015008;15953,1477314998;16017,1487914946;16075,1487214957;16136,1480414991;16301,1458215001;16310,1458014975;16294,1462514961;16693,1459614956;16736,1468914900;16714,1463114902;16752,1467014860;
16323,1458214967;16427,1470714917;15583,1460715115;16301,1458215001;16310,1458014975;16294,1462514961;16693,1459614956;15910,1452415230;15902,1453715248;16053,1494915041;16080,1500015032;16219,1428415089;16151,1482415032;16065,1503414879;16235,1421715032;16306,1460814988;16340,1463114945;16190,1477614931;16818,1480414907;16771,1467514940;16575,1485114764;
15583,1460715115;16301,1458215001;15902,1453715248;16053,1494915041;16080,1500015032;16151,1482415032;16306,1460814988;16818,1480414907;15952,1452415240;15851,1456715282;15993,1505715040;16093,1493415093;16117,1510714926;16098,1506814936;16087,1485715104;16234,1428215150;16210,1435215138;16106,1496015010;16287,1431115147;16775,1465514951;16773,1470014954;16594,1485314809;16644,1467914982;16592,1492114818;16611,1481114784;16767,1479114959;
16080,1500015032;15993,1505715040;16117,1510714926;16098,1506814936;16287,1431115147;16644,1467914982;15970,1467315317;15983,1465515255;15981,1511714950;16041,1513214943;16091,1511714929;16239,1497415168;16309,1435615116;16928,1465214995;16559,1499914593;16589,1473015008;16790,1497514806;16798,1495314961;16860,1490314954;16868,1488814966;16862,1488914894;
----Iteration 1----
14549,1436913832;14386,1414913863;13832,1356514464;13903,1435314096;14604,1405513925;14680,1406113814;14797,1391414078;14194,1418114003;14028,1391714071;13679,1464714426;
14240,1443814184;14210,1448414146;14284,1443214189;13797,1363914442;14265,1448614100;14203,1441514216;15019,1418913926;14831,1431313783;14846,1433913769;14833,1435013733;14969,1409214346;14983,1405914342;14957,1417314432;
14240,1443814184;14284,1443214189;14203,1441514216;14281,1384214502;14326,1454914147;14323,1446414167;13714,1451914401;14376,1450014084;14884,1433313813;14811,1428714036;14847,1437513844;14868,1439013812;15007,1425614475;15057,1428614333;15157,1413914487;15138,1417814480;
14326,1454914147;13714,1451914401;14376,1450014084;14295,1448414307;14316,1458614135;14337,1452214128;14401,1458414072;15092,1431114577;15167,1439314550;15161,1441014531;15187,1444414467;15154,1448014344;15458,1407214498;15468,1423914409;15561,1418514440;15517,1420214438;15571,1414014412;
15458,1407214498;15468,1423914409;15561,1418514440;15517,1420214438;15571,1414014412;14841,1472714757;15258,1460114716;14865,1464014546;15351,1448214566;15495,1446514349;15453,1453814387;15427,1463514559;15433,1463914496;15421,1472514523;15523,1433614302;15574,1439314246;15539,1436414287;15511,1439814162;
15561,1418514440;15571,1414014412;15421,1472514523;15175,1473014762;15109,1506014817;15161,1484814887;15163,1500814829;15140,1490714998;15282,1461914734;15458,1462214646;15503,1458514674;15530,1470614431;15554,1466214630;15536,1467714294;15636,1444514394;
15109,1506014817;14973,1508415029;14922,1510314965;15245,1503015026;15249,1505815021;15659,1503914833;15642,1489614863;
14973,1508415029;15245,1503015026;15249,1505815021;15659,1503914833;15642,1489614863;15265,1517414980;15314,1501314975;15505,1472815019;15582,1478614874;15646,1503214848;15623,1478714868;15640,1509114834;15682,1505314753;
15633,1520315288;15577,1526615418;15673,1517115290;15690,1519415224;15905,1508815025;15867,1507115064;
15577,1526615418;15905,1508815025;15867,1507115064;15636,1522415320;15710,1518915330;15642,1525215163;15639,1520515349;15814,1508315153;15721,1514215306;15762,1523715266;15788,1510715113;15903,1513114996;15953,1505115228;15858,1513815031;
15577,1526615418;15762,1523715266;15617,1518515386;15646,1531215178;15694,1518715376;15673,1527915179;15796,1521715338;15646,1522815349;15702,1516015439;15868,1515115307;15902,1515515168;15877,1527515188;15972,1513414958;15996,1512015241;15923,1529015139;15969,1506015248;16019,1508215221;16064,1498015160;
----Iteration 8----
13988,1409414017;14324,1375913975;14996,1369213713;14170,1389613986;14658,1377513291;14453,1351113809;14434,1390513913;13619,1417513899;14139,1401613941;14007,1392514277;13321,1442913728;13592,1462713600;
13590,1402213374;13446,1402713328;14055,1402013773;15329,1400814182;15582,1392914445;15730,1396514425;
14357,1402914131;14674,1418014074;15861,1400714542;15841,1401514490;
15437,1418114512;15318,1384914593;15371,1422614546;15898,1404014551;15860,1404314544;15943,1404514342;15954,1407014313;
15686,1434014584;14733,1415814639;15551,1415514714;15573,1438914585;15730,1433514572;15584,1438414627;15709,1437014577;15851,1409614644;15908,1403814577;16078,1443014510;16046,1440214552;16091,1412714515;16087,1419214467;
15551,1415514714;15851,1409614644;16078,1443014510;16091,1412714515;15282,1381514739;15601,1448814660;15520,1461414649;15537,1459514612;15721,1441914644;15564,1453514670;15571,1453514619;16018,1442214618;15978,1444314528;16067,1443614575;16148,1440114417;16105,1442114400;16159,1435414448;16104,1434514470;16166,1441014415;
16078,1443014510;16067,1443614575;15629,1455114915;15267,1466214759;15597,1467814705;15504,1475014718;15469,1478614679;15461,1461314801;15524,1472714697;15553,1472014714;15706,1456314717;15935,1452614899;16062,1449314624;16026,1451214596;16215,1452914473;16154,1420814575;16232,1442614526;16281,1437014567;16187,1443914483;16264,1442314475;
15629,1455114915;15597,1467814705;15504,1475014718;15469,1478614679;15461,1461314801;15524,1472714697;15553,1472014714;15935,1452614899;16062,1449314624;16026,1451214596;16215,1452914473;16264,1442314475;15436,1465514888;15604,1452614953;15534,1471614735;15406,1469214957;15605,1475414612;15706,1453814922;15564,1475114668;15864,1445514908;15810,1458014734;15942,1456714846;15972,1460314616;16027,1456014585;16070,1449114597;16253,1452414385;16157,1428314714;16236,1447614535;16375,1440314627;16323,1437914643;16368,1438414639;16374,1439814634;16384,1437214532;
15504,1475014718;15469,1478614679;16215,1452914473;15605,1475414612;15564,1475114668;15972,1460314616;16027,1456014585;16253,1452414385;16236,1447614535;15483,1477214978;15850,1473415074;15936,1468414966;15942,1467014981;15730,1465615090;15954,1466114602;16049,1463114555;16145,1452115031;16211,1451315167;16402,1447414792;16218,1441215017;16439,1440314416;16515,1429814751;16416,1422814792;16515,1423614757;
16402,1447414792;16439,1440314416;16515,1429814751;16515,1423614757;16301,1458715251;16292,1480815286;16361,1460615224;16385,1460015130;16397,1444614997;16388,1447715078;16453,1425314838;16482,1432714737;
16402,1447414792;16439,1440314416;16515,1429814751;16515,1423614757;16301,1458715251;16292,1480815286;16361,1460615224;16385,1460015130;16453,1425314838;16482,1432714737;15860,1482514995;15881,1482114886;15793,1486214831;16391,1454115124;16297,1461615204;16400,1454215047;16414,1441914986;16407,1442815055;16499,1431414773;16454,1433314719;
----Iteration 9----
14610,1429213913;14761,1428813782;14295,1380614144;14392,1347914031;14371,1354514036;14195,1302214315;14237,1358914157;14163,1460414233;
14135,1406814130;14668,1387014233;14104,1405814163;14610,1390014284;14661,1385514294;14822,1377214168;14769,1373614226;14810,1381414163;14799,1399114204;15047,1433714000;
14104,1405814163;14769,1373614226;14810,1381414163;14799,1399114204;14093,1404014174;14396,1403214273;14720,1390214293;14757,1392914219;14727,1389214326;14784,1372714242;14825,1379014204;15017,1458314063;15123,1456914092;15243,1452714079;15395,1444814137;15410,1450114083;
14577,1396814450;15344,1424514419;15337,1415814430;15421,1458914182;15650,1421114352;15658,1424114347;15668,1422514285;
15550,1463514205;15569,1461914104;15515,1466414186;15534,1465214213;15694,1453014188;15715,1453414134;15813,1447214601;
15649,1469614218;15755,1465114277;15717,1465414310;15800,1468614248;16170,1456814867;15774,1461014300;16220,1450414812;15992,1458714667;16215,1455314724;16248,1447014813;16233,1448914792;
16183,1466114973;16226,1463115027;16213,1465615013;16275,1467314908;16301,1467114970;16253,1473714969;
16275,1467314908;16301,1467114970;16253,1473714969;16250,1471915076;16314,1464214928;16314,1461714961;
16301,1467114970;16253,1473714969;16250,1471915076;15788,1475114972;16244,1474615123;16297,1472014941;16304,1471414877;16337,1470614938;16335,1464614978;
15555,1459415171;16254,1482415146;16354,1480315067;16265,1480115113;16357,1476815142;16341,1486915050;16400,1489215028;16293,1481215099;16368,1460915059;16359,1491614954;16439,1474115046;16477,1480715030;
16254,1482415146;16477,1480715030;15527,1458015224;16274,1481415134;16290,1479715171;16267,1489315127;16326,1483315112;16335,1498115058;16464,1496915089;16314,1485515123;16446,1493415099;16605,1478215178;16628,1475315194;
