----Iteration 2----
x_Moead_Rfts_Worst=[8869, 8990, 8882, 8960, 9339, 9180, 9224, 9207, 9430, 9259, 9431, 9413, 9640, 9623, 9430, 9635, 9752, 8943, 8930, 8780, 8770, 9088, 8715, 8838, 9105, 8998, 9202, 9427, 9412, 9325, 9489, 9583, 9502, 9439, 9687, 9520, 9665, 9740]
y_Moead_Rfts_Worst=[9187, 9077, 9087, 9158, 8807, 9567, 9579, 9518, 8780, 9510, 8776, 9092, 8748, 8882, 9052, 8744, 8562, 9071, 9101, 9107, 9122, 9568, 9601, 9609, 9523, 9082, 9587, 8859, 9203, 9409, 8682, 8654, 8895, 9063, 8629, 8931, 8642, 8675]
z_Moead_Rfts_Worst=[9011, 9067, 9128, 9066, 8945, 8936, 8912, 8959, 8952, 8973, 8866, 8769, 8654, 8618, 8767, 8827, 8484, 9123, 9125, 9072, 9122, 8958, 8762, 8729, 8942, 8993, 8903, 8830, 8787, 8894, 8915, 8873, 8698, 8726, 8983, 8613, 8843, 8557]
----Iteration 3----
x_Moead_Rfts_Worst=[9574, 9726, 9797, 8997, 9410, 9847, 9844, 9853, 9809, 9656, 9780, 9844, 9844, 9089, 9056, 9139, 9443, 9460, 9457, 9007, 9483, 9510, 9561, 9526, 9635, 9640, 9536, 9661, 9677, 9877, 9903]
y_Moead_Rfts_Worst=[9646, 9464, 9490, 9610, 9930, 9341, 9348, 9351, 9346, 9599, 9535, 9207, 9424, 9577, 9510, 9555, 9781, 9811, 9886, 9951, 9780, 9747, 9900, 9579, 9543, 9616, 9650, 9516, 9542, 9390, 9214]
z_Moead_Rfts_Worst=[8899, 8741, 8657, 9053, 9042, 8929, 8905, 8890, 8915, 8835, 8696, 9004, 8688, 9148, 9210, 9133, 9052, 9005, 9031, 8891, 9036, 9001, 8946, 9008, 9012, 8820, 8966, 8967, 8907, 8689, 8866]
----Iteration 5----
x_Moead_Rfts_Worst=[9347, 9107, 9274, 9398, 9456, 9306, 10062, 10076, 10146, 9466, 9070, 9040, 9067, 9095, 9133, 9134, 9324, 9501, 9598, 9849, 9687, 9729, 10098, 10081]
y_Moead_Rfts_Worst=[9393, 9505, 9483, 9363, 9376, 9485, 9027, 9078, 9081, 9009, 9342, 9364, 9567, 9292, 9343, 9491, 9464, 9339, 9317, 9185, 9334, 9316, 9111, 9314]
z_Moead_Rfts_Worst=[8663, 8796, 8729, 8774, 8722, 8662, 8990, 8975, 8914, 9024, 8957, 8901, 8853, 8919, 8869, 8783, 8834, 8646, 8659, 8935, 8570, 8512, 8918, 8907]
----Iteration 4----
x_Moead_Rfts_Worst=[9918, 9174, 9337, 9391, 9391, 9353, 9169, 9495, 9677, 9352, 9304, 9489, 9354, 9394, 9628, 9499, 9593, 9712, 9839, 9815, 9942, 9856, 9890, 10029, 10016, 10204, 10146, 10158]
y_Moead_Rfts_Worst=[9138, 9499, 9472, 9383, 9456, 9462, 9539, 9310, 9286, 9483, 9488, 9316, 9399, 9458, 9366, 9277, 9232, 9175, 9295, 9274, 9128, 9284, 9196, 9073, 9051, 9133, 9055, 9059]
z_Moead_Rfts_Worst=[8900, 9146, 9323, 9127, 9079, 9034, 9128, 9296, 9042, 8945, 8942, 9268, 9247, 9076, 9241, 9271, 9297, 9119, 8970, 9035, 9159, 8975, 8928, 9129, 9130, 9016, 9067, 9018]
----Iteration 6----
x_Moead_Rfts_Worst=[10099, 10053, 10080, 10103, 10163, 9459, 9556, 9623, 9673, 9733, 9681, 9729, 10036, 9998, 10277, 10299, 10331, 10277]
y_Moead_Rfts_Worst=[9181, 9265, 9257, 9133, 9184, 9212, 9252, 9446, 9500, 9245, 9601, 9404, 9387, 9354, 9336, 9322, 9271, 9320]
z_Moead_Rfts_Worst=[9183, 9171, 9160, 9170, 9155, 9306, 9246, 9223, 9220, 9230, 9177, 9140, 8999, 9044, 9119, 9129, 9037, 9148]
----Iteration 7----
x_Moead_Rfts_Worst=[9067, 9091, 9128, 9086, 9640, 9738, 9077, 9486, 9350, 9132, 9416, 9578, 9496, 9514, 9568, 9845, 9528, 9533, 9490, 9921, 9736, 9975, 9892, 9905]
y_Moead_Rfts_Worst=[9133, 9120, 9120, 9388, 9327, 9425, 9145, 9489, 9508, 9239, 9495, 9443, 9449, 8798, 9334, 9309, 8783, 8764, 8791, 9271, 9479, 9222, 9222, 9156]
z_Moead_Rfts_Worst=[9025, 8987, 8963, 8968, 8560, 8500, 8978, 8946, 8836, 8949, 8827, 8869, 8812, 9035, 8897, 8795, 9312, 9272, 9261, 8729, 8494, 8814, 8839, 8854]
----Iteration 0----
x_Moead_Rfts_Worst=[9716, 10105, 10110, 9589, 9747, 9751, 9825, 9765, 9926, 10108, 10102, 10114, 10102, 10161, 9723, 9708, 9582, 9626, 9662, 9665, 9860, 9960, 9736, 9917, 9936, 10007, 9997, 10030, 10036, 9955, 10071, 9981, 10045, 10192, 10219, 10117]
y_Moead_Rfts_Worst=[9247, 8738, 8700, 9186, 9255, 9243, 8970, 9232, 9202, 8679, 8796, 8860, 8882, 8896, 9146, 9175, 9218, 9306, 9275, 9269, 8740, 8889, 9067, 9074, 9013, 9122, 8864, 8963, 9121, 9126, 8953, 9109, 9068, 8993, 8955, 8903]
z_Moead_Rfts_Worst=[9136, 9266, 9270, 9168, 9056, 9031, 9321, 9075, 9024, 9334, 9141, 9073, 9110, 9050, 9302, 9274, 9212, 9115, 9026, 9103, 9342, 9288, 9261, 9251, 9155, 8989, 9294, 9282, 9019, 9020, 9246, 9066, 8976, 8954, 9013, 9063]
----Iteration 1----
x_Moead_Rfts_Worst=[9960, 10055, 10096, 9946, 9971, 9831, 9845, 9992, 10030, 10153, 10121, 9900, 9933, 9903, 9998, 10014, 10128, 10028, 10004, 10079, 10231, 10334, 10312, 10323]
y_Moead_Rfts_Worst=[9002, 8946, 8964, 9188, 9344, 9119, 9300, 9315, 8965, 8913, 8934, 9245, 9265, 9280, 9309, 9043, 9140, 9207, 9233, 9188, 8833, 8932, 8946, 8978]
z_Moead_Rfts_Worst=[9089, 9045, 9017, 8999, 8969, 9135, 9055, 8978, 9057, 9023, 9074, 9071, 8996, 9010, 8948, 9044, 8945, 8940, 8991, 8815, 9119, 8960, 9007, 8983]
----Iteration 8----
x_Moead_Rfts_Worst=[9718, 9747, 9759, 9615, 9574, 9603, 9618, 9677, 9638, 9675, 8908, 8905, 9374, 9495, 9434, 9294, 9276, 9462, 9680, 9437, 9584, 9571, 9553, 9774, 9716]
y_Moead_Rfts_Worst=[8763, 8810, 8866, 9206, 9145, 9073, 9186, 9152, 9172, 9235, 9037, 9042, 9337, 9238, 9299, 9665, 9717, 9328, 9066, 9335, 9087, 9186, 9274, 8803, 9095]
z_Moead_Rfts_Worst=[8816, 8784, 8722, 8743, 8812, 8841, 8763, 8716, 8801, 8699, 9102, 9060, 8969, 8973, 8922, 9008, 9023, 8692, 8926, 8589, 8997, 8787, 8920, 8732, 8784]
----Iteration 9----
x_Moead_Rfts_Worst=[9535, 9580, 9567, 9768, 9836, 9925, 9908, 9927, 9942, 9486, 9440, 9646, 9637, 9624, 9605, 9692, 10000, 9915, 10076, 10064, 10031, 10038]
y_Moead_Rfts_Worst=[8917, 8921, 8952, 8780, 8865, 8908, 9049, 8835, 8990, 8927, 8993, 9173, 8895, 8909, 8815, 8805, 8971, 8991, 8923, 8831, 8916, 8846]
z_Moead_Rfts_Worst=[9410, 9368, 9325, 9376, 9202, 9146, 9106, 9279, 9128, 9336, 9309, 8632, 9394, 9395, 9518, 9511, 9131, 9146, 9123, 9333, 9145, 9275]
----End of Run----
