----Iteration 2----
9106,82748421;8528,85387922;8215,86468237;8757,83538330;8563,84248421;8303,86368344;9151,85088223;8559,78478490;8321,84728271;8469,87028100;
8100,88527981;8586,87788061;8215,86468237;8627,86397953;8600,87197945;8604,86577923;8764,85608525;8866,85538471;8810,85628508;
8354,89658110;8588,89788003;8624,89138024;8870,88488620;8827,88158693;8892,85378476;8972,85268489;9026,85348448;8952,85948433;
8870,88488620;8827,88158693;7985,91897924;8139,90478002;8188,90537998;8231,91077982;8511,86538806;8578,86938802;8802,90338690;8838,88668607;8783,89918733;9091,86468700;8816,89398657;9143,87108670;9124,86788671;9290,86778336;9363,86448548;
9290,86778336;9363,86448548;8509,85398856;8586,94078347;8556,94328380;8581,93468359;8931,91148752;8969,91038769;9214,87108808;9096,88388847;9197,87778764;9218,86928631;9313,86988302;9309,87348245;9324,87358232;
9290,86778336;9214,87108808;9096,88388847;9197,87778764;9218,86928631;9313,86988302;9309,87348245;9324,87358232;8670,87728889;8749,87898873;8518,93698528;8468,95108430;8775,93538591;8794,94418522;8970,91718788;8861,92018745;8725,92908630;9396,86478774;9104,88278779;8927,90368818;8991,89828737;9040,88738853;9022,90438461;9295,86708574;9327,87088239;9394,86538572;9331,87698199;9413,86278518;
9214,87108808;9096,88388847;9324,87358232;8468,95108430;8775,93538591;8794,94418522;9396,86478774;9040,88738853;9327,87088239;9331,87698199;8733,95018690;8473,95078532;8503,95048514;8992,92098896;8880,92428306;8830,92628279;9092,91058846;9332,86928793;9309,87428798;9212,87858830;9144,90298798;9270,90518724;9119,91208826;9239,90078760;9306,89138225;9461,87008615;
9096,88388847;9396,86478774;9040,88738853;8992,92098896;9092,91058846;9309,87428798;9212,87858830;9144,90298798;9270,90518724;9119,91208826;9239,90078760;9306,89138225;9461,87008615;8707,95848741;8731,95698699;8877,93668837;8943,95358802;8953,93538827;8835,95418710;9305,87708801;9364,86818837;9020,92268838;9333,87138828;9271,87658912;9351,87288824;9358,87398786;9161,90238803;9358,87558603;9342,89498222;9423,87848435;
9096,88388847;9396,86478774;8992,92098896;9092,91058846;9212,87858830;9144,90298798;9270,90518724;9119,91208826;9239,90078760;9306,89138225;9461,87008615;8707,95848741;8731,95698699;8943,95358802;8835,95418710;9364,86818837;9271,87658912;9358,87398786;9161,90238803;9358,87558603;9342,89498222;9423,87848435;8915,93058926;9038,95098872;8985,94978920;9065,94958888;8749,95378766;8960,90379057;9075,94898854;9127,92628557;9356,87808891;9531,86958768;9578,85818716;
8707,95848741;8869,91879011;8990,90779067;8882,90879128;8960,91589066;9081,95358942;9339,88078945;9180,95678936;9224,95798912;9207,95188959;9430,87808952;9272,90138849;9259,95108973;9431,87768866;9413,90928769;9392,91248760;9640,87488654;9623,88828618;9430,90528767;9635,87448827;9709,86178543;9752,85628484;
8869,91879011;8990,90779067;8882,90879128;8960,91589066;9339,88078945;9180,95678936;9224,95798912;9207,95188959;9430,87808952;9259,95108973;9431,87768866;9413,90928769;9640,87488654;9623,88828618;9430,90528767;9635,87448827;9752,85628484;8943,90719123;8930,91019125;8780,91079072;8770,91229122;9088,95688958;8715,96018762;8838,96098729;9105,95238942;8998,90828993;9202,95878903;9427,88598830;9412,92038787;9325,94098894;9489,86828915;9583,86548873;9502,88958698;9439,90638726;9687,86298983;9520,89318613;9665,86428843;9740,86758557;
----Iteration 3----
8304,81228467;9197,80877461;8655,84048326;8012,82598443;8175,86538121;9153,84057796;8081,87178248;8859,85768111;8343,86288422;8480,85967975;9099,84728029;8671,82228180;9019,81998295;
8564,86968769;8571,87448743;8734,89828502;8659,91998733;8798,89768508;8767,89848470;8774,89898461;8827,89108548;8898,88438460;
8564,86968769;8571,87448743;8659,91998733;8653,88848734;8531,88658737;8733,91608710;8773,91608669;8779,92188587;8864,91328629;9035,89648692;9047,88958667;
8564,86968769;8571,87448743;8659,91998733;8653,88848734;8531,88658737;9035,89648692;9047,88958667;8826,92918703;8524,90908787;8859,93048672;8857,92898715;8883,92708667;9034,90388587;8906,92908548;9124,90478522;9098,90798581;9135,91958444;9134,91408462;9169,91268506;
8789,94158545;8914,93908708;8835,94128669;9134,93868675;9110,93758744;9308,92958776;9289,93468873;
9308,92958776;9289,93468873;8566,91798897;8862,95718870;8974,97028802;8888,95328803;8976,96548785;9036,93848816;9138,94238765;9100,94408741;9518,90108510;9614,89708573;9464,90118536;
9308,92958776;9289,93468873;8974,97028802;8976,96548785;8822,92688984;8908,96168900;8858,96588888;8808,97978767;9088,95338864;9077,96318860;8809,96228978;9115,95068927;8984,96708733;9142,95198862;9222,95728804;9300,94888745;9498,94658762;9513,91588804;9565,90248638;9633,90238595;
8974,97028802;8822,92688984;9222,95728804;9300,94888745;9498,94658762;9513,91588804;8789,97038923;8807,97678921;8794,97688860;8930,97988799;9099,96878981;8932,97688848;9183,96338976;9069,96918900;9119,97008712;9205,95358836;9281,95128791;9374,94698727;9459,92508902;9350,95078722;9453,93708902;9661,91998758;9612,91668776;9519,93038693;9624,92318757;9706,91438716;
9099,96878981;9183,96338976;9002,95438988;8920,98988743;8854,98408775;9414,97888924;9055,98278833;9547,94058943;9536,97038876;9764,91518864;9704,91878834;9601,95118842;9574,96468899;9647,91588870;9681,92658843;9726,94648741;9714,91628834;9797,94908657;
9547,94058943;9536,97038876;9601,95118842;9574,96468899;9726,94648741;9797,94908657;8997,96109053;9432,98518964;9456,98038968;9410,99309042;9847,93418929;9460,98168889;9844,93488905;9490,97218777;9853,93518890;9809,93468915;9656,95998835;9672,94958737;9780,95358696;9844,92079004;9844,94248688;
9574,96468899;9726,94648741;9797,94908657;8997,96109053;9410,99309042;9847,93418929;9844,93488905;9853,93518890;9809,93468915;9656,95998835;9780,95358696;9844,92079004;9844,94248688;9089,95779148;9056,95109210;9139,95559133;9443,97819052;9460,98119005;9457,98869031;9007,99518891;9483,97809036;9510,97479001;9561,99008946;9526,95799008;9635,95439012;9640,96168820;9536,96508966;9661,95168967;9677,95428907;9877,93908689;9903,92148866;
----Iteration 5----
8876,82878013;8075,85528440;8860,85968303;8491,82478640;8007,88138006;9021,86127866;8641,84658395;8665,82258653;8958,81277946;8667,86878337;9168,76447684;
8678,86398356;8647,86478400;8670,86528382;9095,87408314;9117,87298289;8667,86878337;9129,87198139;9188,85758136;9237,85508085;
8647,86478400;8814,88308350;8535,89408253;8797,88328396;8843,88228310;8976,88138338;9347,86588067;9300,88188243;9334,87848355;
9506,90348568;
9506,90348568;8833,90388294;9653,86918402;9512,89388527;9607,88848556;9597,89638371;9634,89458524;9567,89538520;
9506,90348568;8995,91958540;9167,92718501;9479,90868430;9159,93928532;9632,88838577;9578,89118590;9754,88248614;9688,90268573;9548,90548487;9877,88178571;9891,88168544;
9506,90348568;9479,90868430;9159,93928532;9688,90268573;9548,90548487;9877,88178571;9891,88168544;9037,93528703;9246,93048556;9249,92678573;8975,93738699;9265,92658577;9431,91658635;9761,89948650;9713,90018624;
9159,93928532;9877,88178571;9891,88168544;9249,92678573;9265,92658577;9431,91658635;9201,93128575;9036,94138756;9134,93748752;9314,93048545;9281,93138567;9410,91468656;9455,91928562;9784,90868745;9799,91348681;9848,88458549;9858,88888504;9882,88008565;9898,87528471;
9134,93748752;9784,90868745;9086,94538798;9363,93118706;9347,93938663;9392,93208580;9799,90668720;9431,92738675;9770,92118664;9775,91028807;9817,90498775;9883,89398686;9914,89838655;9853,89668773;9864,91778682;9980,88428491;
9134,93748752;9086,94538798;9347,93938663;9770,92118664;9864,91778682;9059,93658812;9049,94128811;9107,95058796;9274,94838729;9398,93638774;9456,93768722;9306,94858662;10028,91038912;10012,91208897;9690,93018617;10062,90278990;10076,90788975;10146,90818914;
9347,93938663;9107,95058796;9274,94838729;9398,93638774;9456,93768722;9306,94858662;10062,90278990;10076,90788975;10146,90818914;9466,90099024;9070,93428957;9040,93648901;9067,95678853;9095,92928919;9133,93438869;9134,94918783;9324,94648834;9501,93398646;9598,93178659;9849,91858935;9687,93348570;9729,93168512;10098,91118918;10081,93148907;
----Iteration 4----
7729,87118333;8369,86278378;8772,82687840;8274,86318313;8326,87567758;7955,83208449;8831,81658117;8650,83938277;8091,86998250;8721,83367872;8147,87947755;8158,86628359;8379,87177935;7913,85098472;8837,81377935;8756,82258098;8348,84918411;8459,84418330;8643,86687933;7795,81108485;8856,81318057;8862,79727828;8644,81618316;8157,80268418;
8733,87888270;8762,87237988;8431,87368384;8488,87928349;8732,89508322;8611,86288365;8750,89068230;8776,86248406;8807,86138511;
8807,86138511;8719,85988715;8648,87328802;8874,85108520;8658,86478826;8706,86838750;9022,91298506;
8683,87428834;9087,91658824;9252,91228696;9399,90928705;9415,90208752;
9087,91658824;9399,90928705;8853,87488832;8808,87458862;8845,87408838;8848,87788834;9267,91108670;9316,90988706;9259,91978702;9434,90428713;9336,90678749;9418,90368784;9452,90098770;
9087,91658824;9259,91978702;8725,89678982;8715,90228964;8970,90348908;8995,92838763;9137,89178948;8920,92028901;9105,89368958;9261,91038907;9580,90518847;9549,91258834;9586,90478890;
9259,91978702;8995,92838763;8920,92028901;9549,91258834;9192,91638902;9120,92658742;9040,92648752;8858,91739067;9068,92718704;9143,92388730;9191,91928934;9378,91588716;9255,91578950;9204,91588860;9405,91539031;9427,91078930;9644,90348971;9642,90678997;9699,89978961;9693,90068882;9734,90048828;
9642,90678997;9699,89978961;9734,90048828;9197,92958811;9174,93228823;9171,93518759;9242,92908743;9393,91909123;9462,91739037;9468,91269014;9628,91079035;9587,92468998;9695,90318997;9693,90528989;9720,90748842;9663,92598979;9774,90398753;9754,90448685;9785,89958800;9854,90228735;9879,90048728;
9197,92958811;9174,93228823;9171,93518759;9242,92908743;9393,91909123;9462,91739037;9628,91079035;9587,92468998;9663,92598979;9021,92649128;9257,92639045;9198,92629069;9254,92759016;9190,93148807;9437,92389082;9256,93048737;9573,91609093;9554,91709099;9643,90219085;9587,91359017;9671,91718860;9732,90899051;9733,90939007;9958,89858968;9918,91388900;9883,91208925;9847,90859002;9870,90778927;9977,89528961;10035,91078901;
9573,91609093;9554,91709099;9732,90899051;9733,90939007;9918,91388900;9847,90859002;9174,94999146;9337,94729323;9391,93839127;9391,94569079;9353,94629034;9169,95399128;9495,93109296;9677,92869042;9592,90899172;9707,90879087;9615,91499169;9966,90549082;9856,91838932;9971,89509009;10130,91318983;
9918,91388900;9174,94999146;9337,94729323;9391,93839127;9391,94569079;9353,94629034;9169,95399128;9495,93109296;9677,92869042;9352,94838945;9304,94888942;9489,93169268;9354,93999247;9394,94589076;9628,93669241;9499,92779271;9593,92329297;9712,91759119;9839,92958970;9815,92749035;9942,91289159;9856,92848975;9890,91968928;10029,90739129;10016,90519130;10204,91339016;10146,90559067;10158,90599018;
----Iteration 6----
8570,79348440;8818,84838268;8243,83788577;9059,87678251;8291,87868003;8506,87628478;8485,82348679;8826,82958414;8520,80468444;9121,79018204;
9102,86108184;9170,85088355;9080,87148339;9079,86538356;9091,85798413;9186,85428325;9275,84878464;9244,84988502;
9244,84988502;8317,91398400;8374,90538465;8343,90788458;8859,88508657;8342,90648658;8420,90068504;8921,88688534;9090,87658466;9141,87688398;9121,88258405;9242,87648576;9139,87778451;9242,86768613;9190,87228581;9380,85178486;9307,85238438;
8508,92318647;8580,92068640;8559,92238576;9315,89428935;9342,89488899;9333,91038793;9315,89608853;9435,88948712;9347,89778756;9448,89188671;9299,91158856;
8581,92218754;8548,93158693;8569,92868628;9520,91259036;9294,91888703;9482,91559061;9534,91589021;9555,91059031;9571,91278960;9492,91808985;
8581,92218754;8548,93158693;8569,92868628;9482,91559061;9534,91589021;9492,91808985;8609,92938619;9394,92178762;9330,92208840;9630,91759002;9605,91329037;9654,91189004;9655,90668828;
8602,93538580;9723,92679091;9718,93499069;9740,92789042;9737,92639049;9797,93059030;9852,92439059;9832,92889027;
9723,92679091;9718,93499069;9797,93059030;9572,93548807;9569,93688833;9715,92849104;10041,92159084;10141,92139133;10114,92929070;
9718,93499069;9797,93059030;9572,93548807;9569,93688833;9715,92849104;10141,92139133;10114,92929070;9582,92139156;9518,93558925;9968,92659116;9842,92739123;10099,91819183;10167,91759098;10119,92479100;
9718,93499069;9797,93059030;9715,92849104;10141,92139133;10114,92929070;9842,92739123;10099,91819183;10119,92479100;9569,94319206;9592,95128867;9576,94758896;10053,92659171;10179,91859102;10080,92579160;10154,92019083;10003,93279029;10103,91339170;10162,91999134;10163,91849155;
10099,91819183;10053,92659171;10080,92579160;10103,91339170;10163,91849155;9459,92129306;9556,92529246;9623,94469223;9673,95009220;9733,92459230;9681,96019177;9729,94049140;10036,93878999;9998,93549044;10277,93369119;10299,93229129;10331,92719037;10277,93209148;
----Iteration 7----
8801,87848104;8306,85368476;8640,89088259;8997,83717871;8949,84178393;
8274,88128260;8448,87428316;8911,83188213;9272,90398104;9232,89188144;9247,89188123;9282,89698083;
8911,83188213;9232,89188144;8526,90568438;8529,91448396;8406,89478497;8473,88828472;8417,89178483;8665,91287971;8677,91227914;8763,86318270;8803,85908224;8825,90348141;9283,89148204;9413,90308114;9306,88618212;9364,91148138;9373,89838132;9389,90658125;
9364,91148138;9389,90658125;8559,90678489;8522,90268563;8568,92498442;8749,90008589;8848,93358255;8800,87518387;8775,89468287;8967,87388390;8987,86948512;9033,87118465;8986,86998491;9056,86948492;9351,90858166;9289,91758067;9230,92138068;9327,91148176;9512,89988172;9403,89708255;9465,90368123;9434,87838192;9533,89478163;
9364,91148138;9389,90658125;8749,90008589;8848,93358255;9351,90858166;9289,91758067;9230,92138068;9327,91148176;9512,89988172;9403,89708255;9465,90368123;9533,89478163;8476,91348514;8654,92898361;8571,92688505;8575,92928474;8662,90708554;8472,91758531;8589,92688486;8711,90288671;8900,90548402;9160,89488597;9088,88108610;9395,90898092;9253,86828271;9303,90438231;9470,90178162;9490,90428108;9489,89928174;9509,89648218;
8848,93358255;9351,90858166;9289,91758067;9230,92138068;9327,91148176;9512,89988172;9465,90368123;8476,91348514;8654,92898361;8571,92688505;8575,92928474;8472,91758531;8589,92688486;9160,89488597;9303,90438231;9470,90178162;9490,90428108;9489,89928174;8686,90018827;8695,89968871;8604,92878473;8614,92618513;8683,90028816;9194,92338236;9199,92238187;8952,89588841;8980,91298787;9100,89148740;9379,90818155;9415,91478144;9278,91638262;9295,90228353;9288,90838388;9467,89858387;9506,89448318;9517,89878263;9546,89858268;
8695,89968871;9467,89858387;9506,89448318;8949,93328764;8962,91318858;9029,93458753;9204,93078510;9187,91968797;9202,92118793;9089,93648721;9346,91138464;9304,92418279;9325,92368253;9327,89028512;9439,90638369;9439,88808494;9619,91428314;9488,91558175;
9187,91968797;9202,92118793;9089,93648721;9439,90638369;9619,91428314;8977,90738946;9046,91558941;8901,94248908;8923,94008926;8951,93618909;9095,93358784;9050,93748895;9220,93428492;9158,93498527;9197,91598804;9354,93258750;9532,92088189;9516,92078227;9472,92258092;9481,88898568;9513,91008347;9439,89568638;9889,89998358;9542,91998298;9854,89818413;9802,89668433;9633,90618560;
9187,91968797;9202,92118793;9089,93648721;8901,94248908;8923,94008926;8951,93618909;9095,93358784;9050,93748895;9197,91598804;9354,93258750;9439,89568638;9889,89998358;9854,89818413;9073,91738956;9067,91339025;8977,92098927;8921,94018939;8910,94238888;8925,94158892;9091,91208987;9114,91158954;9331,93618664;9088,92558789;9145,92548769;9335,93928632;9177,91558854;9411,93078691;9433,92308727;9459,90068621;9674,92058535;9715,91788597;9664,92418602;9830,90978572;
8901,94248908;8923,94008926;9889,89998358;9854,89818413;9067,91339025;8921,94018939;8910,94238888;8925,94158892;9091,91208987;9411,93078691;9433,92308727;9715,91788597;9664,92418602;9830,90978572;9128,91208963;9152,92048933;9086,93888968;9346,94678840;9186,94238879;9391,94568786;9354,94928780;9187,91558910;9241,93088858;9221,90498882;9405,93028770;9522,90308675;9705,91758602;9640,93278560;9450,90738675;9616,89838695;9738,94258500;9595,90188715;9753,93088549;9772,91168578;
9067,91339025;9091,91208987;9128,91208963;9086,93888968;9640,93278560;9738,94258500;9077,91458978;9486,94898946;9350,95088836;9132,92398949;9416,94958827;9578,94438869;9496,94498812;9514,87989035;9568,93348897;9845,93098795;9528,87839312;9533,87649272;9490,87919261;9921,92718729;9736,94798494;9975,92228814;9892,92228839;9905,91568854;
----Iteration 0----
8403,84888377;7788,82968646;8853,88008322;8781,78918470;8323,82168477;9093,84698202;8314,86978549;
9741,84868467;9724,85338421;9762,83958487;9872,84918461;9820,82848576;9911,83438566;9878,83788547;9900,85168457;
9164,87518243;9284,87378242;9766,85738466;9939,85628592;9958,85568581;
9289,84448701;9277,88908320;9281,88228305;9485,86788156;9328,87478253;9910,85808634;9879,85648646;9964,86348621;9965,86688572;9869,85768637;9997,85908618;10000,85418611;
9277,88908320;9343,85158859;9377,85128800;9234,88448347;9302,88528336;9304,88368320;9424,84958821;9884,86328732;10043,86988719;9882,87508770;9980,87778674;10093,85428591;
9277,88908320;10043,86988719;9882,87508770;9980,87778674;10093,85428591;9437,85128875;9372,85108905;9298,88618489;9359,88658337;9487,86578788;9423,88628337;9444,85698858;9411,85758882;9451,88188327;9621,83668825;10047,87398668;9944,87298680;9940,87358707;10041,87178710;10045,86888778;10046,87018704;10088,85588681;10119,85908560;
10043,86988719;9980,87778674;9444,85698858;9411,85758882;10047,87398668;10041,87178710;10045,86888778;10046,87018704;10119,85908560;9292,86968946;9600,89418776;9387,89848779;9310,90328724;9603,88818731;9580,88488783;9400,89668713;9937,85678910;9666,89798521;9973,88068807;9687,89728522;9969,88508665;9933,88178673;9991,87738729;10053,87748659;10052,86448764;10116,86478735;
10116,86478735;9578,88129089;9524,90709122;9568,90649133;9843,86449055;9539,90779068;9664,90719038;9849,86309092;9670,91829036;9793,87099058;9926,90328859;9688,90468526;9874,86209028;9826,85629110;9893,85558958;9940,85548972;9971,88958817;10093,88618882;9949,88658893;10035,86258914;10078,87368912;10171,86398842;
10116,86478735;9926,90328859;9971,88958817;10093,88618882;9949,88658893;10171,86398842;9716,92479136;9179,92668835;9252,92618808;9748,92049029;9892,87549188;9736,92239054;9790,88909049;9828,91398940;9893,91578909;9779,91549001;9877,91298937;10105,87389266;9914,91498897;10110,87009270;10069,87449190;9958,89178891;
10171,86398842;9716,92479136;9179,92668835;9252,92618808;10105,87389266;10110,87009270;10069,87449190;9958,89178891;9589,91869168;9747,92559056;9751,92439031;9825,89709321;9765,92329075;9926,92029024;9840,87489261;9945,89149189;10108,86799334;9960,87609256;9868,88019222;9943,90678892;10102,87969141;10114,88609073;10102,88829110;10161,88969050;
9716,92479136;10105,87389266;10110,87009270;9589,91869168;9747,92559056;9751,92439031;9825,89709321;9765,92329075;9926,92029024;10108,86799334;10102,87969141;10114,88609073;10102,88829110;10161,88969050;9723,91469302;9708,91759274;9582,92189212;9626,93069115;9662,92759026;9665,92699103;9860,87409342;9960,88899288;9736,90679261;9917,90749251;9936,90139155;10007,91228989;9997,88649294;10030,89639282;10036,91219019;9955,91269020;10071,89539246;9981,91099066;10045,90688976;10192,89938954;10219,89559013;10117,89039063;
----Iteration 1----
8584,85068321;8684,85938316;8561,83948364;9276,84248214;8543,86728002;8370,87908567;
9423,86248610;9396,86588620;9362,86658595;9350,86648597;9414,86048620;9369,87978504;9397,86558602;9350,86328704;9433,87328583;9485,87608406;
9504,87878660;9431,87858747;9445,88448650;9467,88478647;9518,88278602;9525,88218589;9547,87338534;9579,86838545;9553,87098545;
9431,87858747;9467,88478647;9518,88278602;9525,88218589;9418,87578801;9081,89798575;9397,88628729;9408,89118693;9374,89618687;9421,88688685;9465,88968652;9376,89308669;9458,86448938;9472,88968585;9496,85758784;9529,88018679;9508,88338668;9584,86408772;9722,87988658;9717,87618675;9738,87458634;
9431,87858747;9418,87578801;9374,89618687;9376,89308669;9458,86448938;9584,86408772;8971,87468845;9553,87358849;9488,86828858;9628,89598657;9133,90008586;9443,87708789;9405,88688815;9475,86688871;9558,86888798;9559,87458744;9587,87088749;9765,89358576;9905,89238739;9887,89248721;
9458,86448938;9475,86688871;9905,89238739;9887,89248721;9639,88708842;9656,89778836;9744,90778673;9761,90598604;9715,91498650;9844,89478798;9825,90348766;10000,90068617;10045,88638861;10056,88428687;
9458,86448938;9905,89238739;9656,89778836;9844,89478798;9825,90348766;10045,88638861;9691,89108844;9616,91708782;9746,92098751;9643,91568774;9614,89908903;9608,91008808;9670,89198874;9743,91038756;9879,91158688;9774,89828818;9773,90118813;9841,92088746;9721,90158802;9900,89618794;10043,90468684;10006,88718810;10073,89078773;10082,89868651;
10045,88638861;9841,92088746;9841,91828810;9801,92538782;9793,93088755;9673,91578896;9845,91159054;9815,90929093;9968,91268909;9813,92008760;10041,88448862;10017,90378833;10001,91018970;10007,89318854;10094,90728801;10023,89218872;
9841,91828810;9801,92538782;9793,93088755;9815,90929093;10017,90378833;10001,91018970;10094,90728801;9529,91099058;9719,92498786;9743,93118721;9845,91459055;9981,91808976;9823,92358781;9848,92708756;9990,89399049;9960,90029089;10055,89469045;10096,89649017;10092,88649053;10102,89398985;10047,90278810;10127,87748652;
10017,90378833;10001,91018970;10094,90728801;9960,90029089;10055,89469045;10096,89649017;10102,89398985;10047,90278810;9946,91888999;9971,93448969;9831,91199135;9845,93009055;9992,93158978;10030,89659057;10191,89079002;10011,91548920;10153,89139023;10121,89349074;10178,87669056;10234,88268990;10294,89198903;10222,89258894;
9960,90029089;10055,89469045;10096,89649017;9946,91888999;9971,93448969;9831,91199135;9845,93009055;9992,93158978;10030,89659057;10153,89139023;10121,89349074;9900,92459071;9933,92658996;9903,92809010;9998,93098948;10014,90439044;10128,91408945;10028,92078940;10004,92338991;10079,91888815;10231,88339119;10334,89328960;10312,89469007;10323,89788983;
----Iteration 8----
8814,83188286;8795,84288102;8733,86888301;8836,85128059;8119,87668474;8533,85748338;
8943,89958773;8971,89658827;9010,88878800;
8943,89958773;8971,89658827;9010,88878800;9020,88308598;9034,87688539;9034,88018531;9018,87028725;9184,86578772;
8943,89958773;8971,89658827;9010,88878800;9018,87028725;9184,86578772;9107,88938628;9206,89188614;9197,87608693;9232,87478604;9249,86658664;9293,85748683;
8943,89958773;8971,89658827;9010,88878800;9184,86578772;8932,90148699;8986,91278549;8941,90398606;9222,89588668;9156,89598637;9314,89198741;9343,88928753;9386,89118737;9441,88668736;9446,88898668;9399,89138631;
8943,89958773;8971,89658827;8932,90148699;8986,91278549;9222,89588668;9386,89118737;9441,88668736;9446,88898668;9399,89138631;8686,83598919;8669,83928869;9007,91058614;8965,91068554;8957,89798714;9091,90628588;9191,89608697;9374,89408809;9527,87758676;9506,87898648;
9386,89118737;9374,89408809;8724,85418964;8867,89388955;9191,90118907;8803,90298775;9044,92438560;9108,91298646;9062,92488492;9142,91168626;9219,90858693;9192,89278848;9500,88858766;9274,90778702;9452,89338701;9493,89308726;9568,87738707;9549,87168793;9605,87488726;9577,88038684;
9374,89408809;8867,89388955;9044,92438560;9108,91298646;9062,92488492;9142,91168626;9219,90858693;9274,90778702;8793,85769032;8820,89248963;8809,89488986;9251,90078861;9080,91858544;9167,90608894;8915,88888934;9101,91928537;9195,91818445;9216,90548915;9271,89468925;9325,90918656;9333,90588676;9457,89068800;9457,89048828;9568,88828830;9433,89828629;9622,89048788;9593,89558745;9646,89268758;9634,88658770;
8867,89388955;9044,92438560;8793,85769032;9251,90078861;9080,91858544;9167,90608894;9101,91928537;9195,91818445;9216,90548915;9568,88828830;9622,89048788;9593,89558745;9646,89268758;9634,88658770;8786,86369056;8832,89969029;9186,90548927;9329,91118823;9081,91168700;9093,91768547;9157,92928509;9107,93038415;9016,91548603;9048,92638524;9135,87358976;9297,89328964;9334,89038958;9221,90538841;9182,91478494;9299,89788868;9366,91188698;9366,91458671;9476,89018951;9433,91088701;9497,89718884;9635,89688690;9476,89638940;9579,90898769;9591,89098793;9718,87638816;9747,88108784;9759,88668722;
9044,92438560;9251,90078861;9216,90548915;9646,89268758;8786,86369056;8832,89969029;9186,90548927;9157,92928509;9135,87358976;9297,89328964;9334,89038958;9299,89788868;9476,89018951;9497,89718884;9476,89638940;9718,87638816;9747,88108784;9759,88668722;8866,87889027;8940,89938959;9167,90318935;9189,90748913;9082,92838550;9047,92908531;9118,93758463;8848,89239032;9178,91528866;9287,89508962;9509,91288837;9548,87618869;9334,92318745;9615,92068743;9574,91458812;9620,87628830;9603,90738841;9618,91868763;9677,91528716;9638,91728801;9675,92358699;9663,87198856;9765,87308721;
9718,87638816;9747,88108784;9759,88668722;9615,92068743;9574,91458812;9603,90738841;9618,91868763;9677,91528716;9638,91728801;9675,92358699;8908,90379102;8905,90429060;9374,93378969;9495,92388973;9434,92998922;9294,96659008;9276,97179023;9462,93288692;9680,90668926;9437,93358589;9584,90878997;9571,91868787;9553,92748920;9774,88038732;9716,90958784;
----Iteration 9----
8476,86307898;8173,87468099;8766,77268346;8661,85348438;9012,83708275;8420,87348457;8827,84698197;8779,84788276;
8882,81708408;8925,82328377;8882,82558386;9168,85958272;9132,87068371;
9168,85958272;9132,87068371;8711,82558526;8784,84928444;8822,84918447;8988,86778430;9115,87408427;9396,83778448;9345,84278451;
9132,87068371;8988,86778430;9115,87408427;9396,83778448;9345,84278451;8745,81188592;8702,81748585;8989,86638554;8768,86788450;9265,85898418;9120,85988375;9202,86528352;9184,81568481;9225,85968272;9209,86048289;9258,85228434;9404,83998404;9278,84608323;9372,83528458;
9265,85898418;8745,86448607;8868,87888422;9005,86898592;9136,87498487;9211,87518450;9165,87678444;9217,83768974;9265,86168391;9448,85168902;9451,85308869;9445,85848833;9493,84738893;
9265,85898418;9211,87518450;9165,87678444;9265,86168391;9445,85848833;9104,88128760;9094,88308704;9152,87888726;9198,87448622;9146,88168680;9227,87168447;9702,85599089;
9104,88128760;9152,87888726;9076,88508816;9111,87778784;9091,88208750;9120,89428621;9215,88358720;9239,88078465;9277,87468420;9250,87278475;9764,86549160;9813,86979133;9834,86919092;
9215,88358720;9239,88078465;9764,86549160;9050,87998907;9207,89518887;9148,89658668;9749,87379210;9727,87699234;9814,87749148;9850,87319146;9886,86769036;
9207,89518887;9148,89658668;9550,88739349;9194,88928889;9263,89488865;9444,90118511;9586,88268964;9778,87899215;9789,87709247;9834,87589304;9924,87739224;9909,88039190;
9535,89179410;9580,89219368;9567,89529325;9768,87809376;9836,88659202;9893,87449290;9879,87369323;9925,89089146;9890,88019318;9908,90499106;9927,88359279;9942,89909128;
9535,89179410;9580,89219368;9567,89529325;9768,87809376;9836,88659202;9925,89089146;9908,90499106;9927,88359279;9942,89909128;9486,89279336;9440,89939309;9646,91738632;9637,88959394;9624,89099395;9605,88159518;9692,88059511;10000,89719131;9915,89919146;10076,89239123;10064,88319333;10031,89169145;10038,88469275;
