----Iteration 5----
memory=162.44921875,166.41796875,168.1328125,168.859375,170.140625,170.5234375,171.265625,172.2265625,172.8359375,173.65625
time=11.112786531448364,13.259671688079834,13.569469690322876,10.394340753555298,11.208583354949951,10.147380113601685,10.176535844802856,11.568564891815186,10.170209646224976,8.039491891860962
----Iteration 6----
memory=162.39453125,165.92578125,167.7890625,168.66015625,170.0078125,170.546875,171.734375,172.28515625,172.6640625,173.79296875
time=11.071824789047241,11.309577226638794,13.690402269363403,11.622263431549072,11.499291181564331,11.481873989105225,11.970284223556519,8.402650356292725,9.732736110687256,9.65153694152832
----Iteration 3----
memory=164.1953125,166.41015625,167.91796875,168.78125,169.6484375,170.421875,171.37109375,172.27734375,172.84375,173.71484375
time=13.470410346984863,11.997349262237549,12.1148202419281,9.908329248428345,9.698720455169678,11.62845253944397,11.821977138519287,11.027986764907837,10.14612340927124,9.131774663925171
----Iteration 1----
memory=164.1640625,166.828125,168.20703125,169.296875,170.1875,170.94921875,171.8203125,172.33984375,172.73046875,173.6953125
time=12.472432136535645,13.161305904388428,14.375982284545898,11.21323013305664,12.353009939193726,10.658011436462402,7.511016130447388,10.517344951629639,10.687525033950806,8.270086526870728
----Iteration 0----
memory=163.41015625,166.16015625,167.79296875,168.8203125,170.19921875,170.51953125,171.33203125,172.1640625,172.80078125,173.70703125
time=12.00022029876709,12.005578756332397,10.85912036895752,13.205199241638184,14.239965677261353,8.98214077949524,9.575556516647339,11.12592339515686,9.192355155944824,10.624408483505249
----Iteration 7----
memory=163.2734375,166.3046875,168.16796875,168.734375,170.2734375,170.78125,171.8515625,172.22265625,173.19921875,173.72265625
time=11.979449272155762,12.507331848144531,13.396575689315796,11.35011625289917,14.55438232421875,10.452271699905396,11.65000033378601,10.39244818687439,11.923683881759644,6.994486570358276
----Iteration 2----
memory=161.99609375,166.6171875,168.21484375,168.796875,170.19140625,170.80078125,171.87109375,172.46484375,173.46875,173.81640625
time=10.148518323898315,14.9933500289917,12.294249773025513,11.614938497543335,13.468767881393433,10.85813593864441,13.444947719573975,11.411949634552002,10.133106708526611,6.491428375244141
----Iteration 4----
memory=163.546875,166.8515625,168.125,169.19140625,170.375,170.90234375,171.91015625,172.44140625,173.6484375,173.875
time=11.572252750396729,14.529633522033691,13.777591228485107,12.014394044876099,13.195651054382324,9.363415956497192,11.153221368789673,11.2694251537323,12.305480241775513,5.907555818557739
----Iteration 9----
memory=174.15625,174.20703125,174.34765625,174.29296875,174.3984375,174.33984375,174.5234375,174.6796875,174.76171875,174.88671875
time=4.33027982711792,2.8325436115264893,2.5756828784942627,2.9311890602111816,3.461869716644287,2.5495517253875732,2.8005800247192383,2.8703696727752686,2.656651735305786,2.373823404312134
----Iteration 8----
memory=173.9765625,174.16015625,174.2890625,174.2734375,174.2734375,174.3125,174.5234375,174.71484375,174.9140625,174.7734375
time=4.4225075244903564,2.6289634704589844,3.3232340812683105,2.8494150638580322,3.891739845275879,2.3140487670898438,2.5443615913391113,3.0693564414978027,2.9933624267578125,1.9701595306396484
