----Iteration 5----
x_Moead_Rfts_Worst=[3201, 3299, 3278, 3406, 3192, 3110, 3412, 3415, 3473, 3136, 3090, 3031, 3280, 3430, 3345, 3415, 3417, 3152, 3176, 3260, 3255, 3380, 3410, 3358, 3360, 3429, 3474]
y_Moead_Rfts_Worst=[2947, 2886, 2907, 2834, 3026, 3157, 2916, 2912, 2905, 3142, 3149, 3158, 3112, 2813, 3087, 2827, 2961, 3136, 3133, 3126, 2713, 2850, 2798, 3070, 3061, 2943, 2811]
z_Moead_Rfts_Worst=[3286, 3301, 3307, 3199, 3290, 3282, 3192, 3194, 3187, 3385, 3291, 3233, 3274, 3281, 3282, 3214, 3184, 3391, 3420, 3284, 3450, 3318, 3404, 3264, 3244, 3181, 3248]
----Iteration 6----
x_Moead_Rfts_Worst=[2956, 2959, 2929, 3241, 3315, 3207, 3297, 3336, 3341, 3379, 3097, 3124, 3152, 3127, 3178, 3152, 3189, 3166, 3226, 3249, 3276, 3335, 3289, 3283, 3295, 3331, 3387]
y_Moead_Rfts_Worst=[3228, 3202, 3193, 3362, 3201, 3400, 3342, 3206, 3110, 3148, 3188, 3167, 3386, 3043, 3264, 3408, 3120, 3126, 3374, 3095, 3316, 3280, 3399, 3115, 3347, 3093, 3132]
z_Moead_Rfts_Worst=[3471, 3492, 3500, 3265, 3391, 3352, 3238, 3214, 3176, 3148, 3550, 3566, 3463, 3523, 3449, 3427, 3478, 3471, 3266, 3444, 3280, 3320, 3260, 3406, 3275, 3339, 3094]
----Iteration 3----
x_Moead_Rfts_Worst=[3242, 3171, 3343, 3345, 3386, 3109, 3167, 3247, 3367, 3340, 3376, 3053, 3106, 3041, 3208, 3104, 3198, 3156, 3266, 3328, 3347, 3349]
y_Moead_Rfts_Worst=[3249, 3238, 3268, 3259, 3132, 3248, 3380, 3279, 3257, 3233, 3054, 3188, 3262, 3182, 3379, 3114, 3111, 3445, 3100, 3290, 3238, 3229]
z_Moead_Rfts_Worst=[3450, 3555, 3440, 3420, 3311, 3515, 3462, 3414, 3404, 3467, 3389, 3588, 3516, 3610, 3499, 3564, 3529, 3468, 3492, 3410, 3448, 3428]
----Iteration 1----
x_Moead_Rfts_Worst=[3132, 3123, 3220, 3168, 3121, 3366, 3204, 3205, 3052, 3129, 3200, 3169, 3203, 3359, 3222, 3353, 3065, 3145, 3351, 3297, 3275, 3356, 3383, 3427, 3137, 3097, 3022, 3118, 3078, 3166, 3160, 3097, 3286, 3339, 3239, 3327, 3394, 3449]
y_Moead_Rfts_Worst=[3233, 3258, 3139, 3207, 3234, 2899, 3026, 3034, 3269, 3192, 3160, 3213, 3084, 2946, 3087, 2918, 3259, 3222, 2936, 2979, 3070, 3004, 3012, 2973, 3131, 3159, 3308, 3293, 3356, 3120, 3165, 3243, 3024, 3072, 3094, 3083, 3028, 2970]
z_Moead_Rfts_Worst=[3453, 3398, 3241, 3486, 3482, 3467, 3375, 3370, 3523, 3537, 3509, 3381, 3269, 3412, 3228, 3446, 3551, 3409, 3451, 3414, 3270, 3406, 3279, 3313, 3599, 3538, 3540, 3488, 3519, 3569, 3512, 3512, 3522, 3261, 3091, 3207, 3222, 3399]
----Iteration 0----
x_Moead_Rfts_Worst=[3055, 3133, 3137, 3186, 3139, 3165, 3299, 3296, 2960, 3054, 3040, 3028, 3047, 3159, 3326, 2953, 2885, 3046, 3031, 2968, 3013, 3104, 3129, 3101, 3224, 3285]
y_Moead_Rfts_Worst=[3127, 3173, 3152, 3132, 3179, 3098, 2973, 2919, 3010, 3069, 3118, 3164, 3116, 3175, 3130, 3047, 3091, 3112, 3256, 3029, 3010, 3210, 2985, 3031, 3168, 3020]
z_Moead_Rfts_Worst=[3594, 3546, 3589, 3543, 3488, 3551, 3394, 3426, 3674, 3616, 3607, 3571, 3605, 3499, 3346, 3660, 3656, 3634, 3477, 3662, 3655, 3556, 3606, 3612, 3518, 3494]
----Iteration 7----
x_Moead_Rfts_Worst=[3329, 3278, 3359, 3383, 3408, 3285, 3303, 3311, 3298, 3323, 3501, 3458, 3476, 3487, 3289, 3333, 3307, 3510, 3539, 3246, 3229, 3260, 3243, 3246, 3281, 3454, 3395, 3481]
y_Moead_Rfts_Worst=[3143, 3237, 3149, 3123, 3116, 3179, 3173, 3105, 3130, 3187, 3056, 3085, 3111, 3103, 3177, 2989, 3169, 3020, 3045, 3317, 3289, 3305, 3238, 3288, 3227, 3113, 2977, 3009]
z_Moead_Rfts_Worst=[3284, 3357, 3237, 3360, 3310, 3345, 3333, 3371, 3353, 3206, 3268, 3332, 3310, 3311, 3297, 3382, 3213, 3283, 3282, 3455, 3531, 3446, 3479, 3471, 3407, 3315, 3375, 3357]
----Iteration 2----
x_Moead_Rfts_Worst=[3228, 3088, 3045, 3112, 3208, 3045, 3042, 3074, 3192, 3200, 3066, 3041, 3084, 3017, 3127, 2934, 3026, 2995, 3022, 3047, 3163, 3088, 3117, 3309, 3289, 3283]
y_Moead_Rfts_Worst=[3130, 3189, 3205, 3184, 3135, 3170, 3179, 3144, 3132, 3172, 3149, 3232, 3213, 2977, 3177, 3009, 3229, 2979, 3259, 3193, 3140, 3202, 3199, 3099, 3092, 3123]
z_Moead_Rfts_Worst=[3241, 3387, 3378, 3355, 3264, 3431, 3395, 3437, 3314, 3240, 3425, 3316, 3295, 3447, 3354, 3451, 3416, 3480, 3408, 3368, 3367, 3313, 3288, 3322, 3382, 3411]
----Iteration 4----
x_Moead_Rfts_Worst=[3131, 3117, 3102, 3137, 3123, 3147, 3084, 2998, 3166, 3387, 3174, 3282, 3062, 3138, 3120, 3221, 3295, 3231, 3376, 3377, 3365, 3377]
y_Moead_Rfts_Worst=[3133, 3183, 3200, 3193, 3171, 3294, 3197, 3214, 3182, 3169, 3175, 3011, 3207, 3226, 3143, 3117, 3272, 3023, 3263, 3027, 3192, 3162]
z_Moead_Rfts_Worst=[3626, 3669, 3587, 3569, 3625, 3464, 3673, 3562, 3562, 3440, 3605, 3544, 3660, 3541, 3649, 3653, 3475, 3608, 3514, 3480, 3521, 3461]
----Iteration 9----
x_Moead_Rfts_Worst=[2882, 3052, 3197, 3171, 2878, 2984, 3252, 3427, 2789, 3160, 3135, 3137, 3184, 3236, 3319, 3363, 3395]
y_Moead_Rfts_Worst=[2790, 3225, 3291, 3099, 2810, 3305, 3230, 3167, 2887, 3109, 3425, 3413, 3086, 3283, 3173, 3215, 3179]
z_Moead_Rfts_Worst=[3474, 3457, 3339, 3429, 3516, 3316, 3339, 3403, 3540, 3472, 3278, 3302, 3448, 3412, 3404, 3390, 3373]
----Iteration 8----
x_Moead_Rfts_Worst=[3490, 3437, 3430, 3446, 3447, 3385, 3338, 3171, 3344, 3412, 3400, 3274, 3512, 3459, 3528, 3368, 3415, 3324, 3455, 3329, 3487, 3546, 3538]
y_Moead_Rfts_Worst=[3064, 3180, 3070, 3121, 3113, 3129, 3171, 3231, 3100, 3126, 3177, 3317, 3119, 3138, 3054, 3190, 3081, 3205, 3212, 3230, 3107, 3080, 3106]
z_Moead_Rfts_Worst=[3551, 3636, 3637, 3590, 3574, 3685, 3705, 3565, 3694, 3660, 3650, 3526, 3546, 3520, 3550, 3657, 3649, 3564, 3536, 3445, 3576, 3528, 3499]
----End of Run----
