----Iteration 2----
memory=188.92578125,200.0,203.55859375,206.328125,209.01953125,210.8984375,211.359375,214.6015625,217.140625,218.58203125
time=26.03540325164795,34.26855993270874,25.957294702529907,27.453455924987793,18.919557332992554,17.95413899421692,16.979538202285767,21.060601472854614,26.051069736480713,19.719035625457764
----Iteration 3----
memory=192.8984375,199.5234375,203.72265625,205.3984375,208.8984375,210.83984375,212.6796875,215.25390625,218.00390625,218.8046875
time=31.03720259666443,25.41943073272705,28.003352880477905,21.949561834335327,26.047653198242188,20.56074833869934,20.14637517929077,20.29811120033264,27.816594123840332,17.037357330322266
----Iteration 5----
memory=194.97265625,199.6484375,203.5,205.2890625,208.3671875,210.80078125,212.203125,215.30078125,217.171875,218.5234375
time=32.43788409233093,25.308835983276367,25.466830015182495,22.907555103302002,21.359349727630615,23.387253284454346,20.521429777145386,19.374094009399414,27.80528211593628,20.625419855117798
----Iteration 4----
memory=190.31640625,198.9921875,202.3046875,205.421875,209.140625,211.01171875,213.171875,215.25390625,217.26171875,218.8984375
time=25.603255033493042,25.283516883850098,26.320375442504883,28.612248420715332,24.00962734222412,23.380232095718384,19.802298069000244,19.18390440940857,25.147220134735107,22.07839322090149
----Iteration 6----
memory=188.8046875,199.23828125,203.16015625,205.40234375,209.171875,211.015625,213.453125,216.421875,217.83984375,219.48046875
time=25.126502513885498,28.35526943206787,29.04703402519226,24.582298040390015,26.512932062149048,23.288867235183716,22.729472398757935,22.760865688323975,22.396363496780396,16.979238271713257
----Iteration 7----
memory=188.90234375,199.2109375,203.83984375,205.82421875,209.16015625,211.0,213.16796875,216.47265625,217.93359375,219.52734375
time=24.345125913619995,28.316001892089844,30.15412163734436,26.45807147026062,20.190537929534912,22.890340089797974,22.208085775375366,21.31947135925293,24.92698383331299,20.039663791656494
----Iteration 0----
memory=195.29296875,200.88671875,203.95703125,206.21484375,209.61328125,211.14453125,213.390625,216.62109375,217.9765625,219.9765625
time=33.78832817077637,30.83156132698059,23.968852281570435,24.146223068237305,25.184797048568726,21.912752389907837,19.07775354385376,22.805662631988525,28.988969326019287,13.735143661499023
----Iteration 1----
memory=192.9140625,201.19140625,204.6953125,207.59765625,210.83203125,213.234375,215.671875,217.67578125,220.0546875,220.26171875
time=31.11448073387146,39.08630967140198,29.186244249343872,23.180872201919556,29.42265009880066,21.88462734222412,20.527430295944214,31.443638801574707,18.604673385620117,8.365975856781006
----Iteration 8----
memory=220.20703125,220.34765625,220.3125,220.4375,220.57421875,220.765625,220.76171875,221.12890625,221.1953125,221.47265625
time=10.588761568069458,7.015180349349976,7.064652442932129,6.466484546661377,5.603639841079712,5.024421453475952,5.6480443477630615,4.512032747268677,3.9391720294952393,4.066786766052246
----Iteration 9----
memory=220.28515625,220.24609375,220.421875,220.484375,220.66796875,220.8203125,220.78125,221.1953125,221.53515625,221.453125
time=10.247817516326904,7.042041063308716,7.590009450912476,6.0825817584991455,5.520613193511963,4.759728908538818,4.994671583175659,5.086465120315552,6.090213775634766,2.155418634414673
