----Iteration 4----
x_Moead_Rfts_Worst=[15964, 15947, 15731, 16174, 16104, 16093, 16156, 16121, 14746, 15463, 15654, 15658, 15720, 15542, 15573, 15775, 15660, 15943, 15947, 16144, 16169, 16237, 16220, 16227]
y_Moead_Rfts_Worst=[14584, 14608, 14268, 14407, 14431, 14468, 14411, 14412, 13985, 14744, 14608, 14728, 14336, 14723, 14644, 14284, 14616, 14663, 14636, 14625, 14437, 14487, 14522, 14480]
z_Moead_Rfts_Worst=[14369, 14389, 14693, 14437, 14439, 14445, 14495, 14508, 14709, 14258, 14405, 14328, 14538, 14386, 14360, 14658, 14208, 14121, 14105, 14106, 14438, 14304, 14304, 14307]
----Iteration 3----
x_Moead_Rfts_Worst=[15500, 15563, 16061, 15899, 16166, 16286, 16242, 16271, 16352, 16326, 16376, 16320, 16461, 16402]
y_Moead_Rfts_Worst=[14550, 14560, 15156, 14625, 14881, 14979, 15068, 15062, 14818, 14756, 14747, 14837, 14720, 14777]
z_Moead_Rfts_Worst=[14927, 14909, 14367, 14908, 14761, 14696, 14508, 14522, 14685, 14759, 14752, 14832, 14847, 14623]
----Iteration 0----
x_Moead_Rfts_Worst=[15628, 15400, 15432, 15498, 15514, 15952, 15566, 15507, 15483, 15598, 15340, 15459, 15722, 15909, 16018, 15424, 15316, 15471, 15424, 15357, 15331, 15428, 15925, 15365, 15941, 15494, 15585, 15925, 15883, 15932, 15951, 15986, 15987]
y_Moead_Rfts_Worst=[13945, 14876, 14870, 13885, 13873, 14482, 13829, 14584, 14607, 13892, 14484, 14838, 14286, 14786, 14431, 14167, 14475, 14624, 14658, 14974, 15046, 14830, 14946, 14850, 14891, 13956, 14038, 14963, 14025, 14717, 14607, 14450, 14558]
z_Moead_Rfts_Worst=[14606, 14404, 14336, 14691, 14708, 14472, 14673, 14548, 14724, 14669, 14788, 14334, 14578, 14402, 14530, 14871, 14841, 14773, 14746, 14715, 14826, 14709, 14292, 14748, 14262, 14658, 14588, 14232, 14555, 14485, 14447, 14543, 14396]
----Iteration 2----
x_Moead_Rfts_Worst=[15630, 15678, 15634, 15721, 15886, 15896, 15688, 16056, 15850, 16069, 16236, 16213, 16205, 16240, 16227]
y_Moead_Rfts_Worst=[15309, 15364, 15292, 15372, 15502, 15530, 15346, 15471, 15566, 15459, 15314, 15447, 15359, 15256, 15317]
z_Moead_Rfts_Worst=[14922, 14865, 14892, 14831, 14536, 14468, 14889, 14449, 14671, 14504, 14572, 14827, 14866, 14637, 14580]
----Iteration 6----
x_Moead_Rfts_Worst=[15369, 15413, 16661, 16615, 15768, 16636, 14986, 16114, 16123, 16154, 16479, 16629, 16621, 16651]
y_Moead_Rfts_Worst=[15691, 15642, 15654, 15677, 15708, 15607, 15160, 15491, 15481, 15420, 15631, 15603, 15609, 15570]
z_Moead_Rfts_Worst=[14889, 14906, 14844, 14874, 14821, 14950, 15224, 15177, 15177, 15196, 14941, 15096, 15111, 15067]
----Iteration 5----
x_Moead_Rfts_Worst=[16906, 16838, 17033, 16963, 16571, 16599, 16660, 16693, 16719, 16674, 16604, 16726, 16860, 17021, 16967, 16800, 17024, 16944, 17011, 16957]
y_Moead_Rfts_Worst=[14714, 14761, 14614, 14679, 15013, 14976, 14920, 14926, 14908, 14968, 14875, 14869, 14724, 14603, 14677, 14777, 14667, 14704, 14659, 14712]
z_Moead_Rfts_Worst=[15205, 14940, 15245, 15281, 15249, 14937, 15350, 15305, 15360, 15292, 15370, 14971, 15164, 15279, 15273, 15154, 15250, 15309, 15272, 15287]
----Iteration 7----
x_Moead_Rfts_Worst=[16080, 15993, 16117, 16098, 16287, 16644, 15970, 15983, 15981, 16041, 16091, 16239, 16309, 16928, 16559, 16589, 16790, 16798, 16860, 16868, 16862]
y_Moead_Rfts_Worst=[15000, 15057, 15107, 15068, 14311, 14679, 14673, 14655, 15117, 15132, 15117, 14974, 14356, 14652, 14999, 14730, 14975, 14953, 14903, 14888, 14889]
z_Moead_Rfts_Worst=[15032, 15040, 14926, 14936, 15147, 14982, 15317, 15255, 14950, 14943, 14929, 15168, 15116, 14995, 14593, 15008, 14806, 14961, 14954, 14966, 14894]
----Iteration 1----
x_Moead_Rfts_Worst=[15577, 15762, 15617, 15646, 15694, 15673, 15796, 15646, 15702, 15868, 15902, 15877, 15972, 15996, 15923, 15969, 16019, 16064]
y_Moead_Rfts_Worst=[15266, 15237, 15185, 15312, 15187, 15279, 15217, 15228, 15160, 15151, 15155, 15275, 15134, 15120, 15290, 15060, 15082, 14980]
z_Moead_Rfts_Worst=[15418, 15266, 15386, 15178, 15376, 15179, 15338, 15349, 15439, 15307, 15168, 15188, 14958, 15241, 15139, 15248, 15221, 15160]
----Iteration 8----
x_Moead_Rfts_Worst=[16402, 16439, 16515, 16515, 16301, 16292, 16361, 16385, 16453, 16482, 15860, 15881, 15793, 16391, 16297, 16400, 16414, 16407, 16499, 16454]
y_Moead_Rfts_Worst=[14474, 14403, 14298, 14236, 14587, 14808, 14606, 14600, 14253, 14327, 14825, 14821, 14862, 14541, 14616, 14542, 14419, 14428, 14314, 14333]
z_Moead_Rfts_Worst=[14792, 14416, 14751, 14757, 15251, 15286, 15224, 15130, 14838, 14737, 14995, 14886, 14831, 15124, 15204, 15047, 14986, 15055, 14773, 14719]
----Iteration 9----
x_Moead_Rfts_Worst=[16254, 16477, 15527, 16274, 16290, 16267, 16326, 16335, 16464, 16314, 16446, 16605, 16628]
y_Moead_Rfts_Worst=[14824, 14807, 14580, 14814, 14797, 14893, 14833, 14981, 14969, 14855, 14934, 14782, 14753]
z_Moead_Rfts_Worst=[15146, 15030, 15224, 15134, 15171, 15127, 15112, 15058, 15089, 15123, 15099, 15178, 15194]
----End of Run----
