----Iteration 5----
2882,28053089;2932,27022579;2358,28232881;2538,28612867;2910,25713019;2966,25442928;2806,29082719;
3103,28193217;3109,27623106;3123,27183044;
2702,29443025;3015,28633177;2931,29492916;2826,29712880;3116,27983232;3154,28103176;3066,28293215;3110,28273248;3142,28323188;3146,28773174;
3015,28633177;2931,29492916;2826,29712880;3110,28273248;3142,28323188;3146,28773174;2886,28813233;2838,29033235;2911,28923211;3071,28283254;2995,29463039;2970,29363047;3123,28453238;3023,28483236;3226,27733172;3160,28313222;3324,27613252;
3110,28273248;3142,28323188;3146,28773174;3071,28283254;2995,29463039;2970,29363047;3160,28313222;3324,27613252;3022,29143265;2968,30153179;3044,27823299;3098,28963209;3004,29373041;3048,29143123;3129,28503241;3119,29183086;3303,27823258;3315,28143185;3278,28303184;
2968,30153179;3303,27823258;3062,28413300;3143,29693262;3201,29473286;3341,28343257;3231,29193279;3291,29063225;3362,28133251;
3303,27823258;3201,29473286;3341,28343257;3231,29193279;3291,29063225;3362,28133251;3089,29583330;3158,30233304;3225,30323237;3172,30083294;3224,30673274;3251,29413094;3299,28863301;3361,28443231;3319,28523220;
3201,29473286;3341,28343257;3231,29193279;3291,29063225;3158,30233304;3172,30083294;3224,30673274;3251,29413094;3299,28863301;3361,28443231;3319,28523220;3109,30333369;3155,30663338;3231,30373270;3245,27413309;3315,29123210;3244,29593170;3238,29793258;3278,29073307;3199,30153278;3406,28343199;3331,29133205;3356,28503153;3376,28163265;
3201,29473286;3341,28343257;3231,29193279;3291,29063225;3158,30233304;3172,30083294;3224,30673274;3299,28863301;3361,28443231;3319,28523220;3109,30333369;3155,30663338;3231,30373270;3245,27413309;3315,29123210;3238,29793258;3278,29073307;3199,30153278;3406,28343199;3331,29133205;3376,28163265;3134,30843316;3192,30263290;3110,31573282;3199,30913174;3266,30193209;3290,30073245;3412,29163192;3415,29123194;3473,29053187;
3201,29473286;3158,30233304;3172,30083294;3299,28863301;3361,28443231;3155,30663338;3278,29073307;3406,28343199;3376,28163265;3192,30263290;3110,31573282;3412,29163192;3415,29123194;3473,29053187;3050,29833389;3136,31423385;3090,31493291;3031,31583233;3290,27653318;3353,29493240;3280,31123274;3430,28133281;3345,30873282;3415,28273214;3417,29613184;3428,29403115;
3201,29473286;3299,28863301;3278,29073307;3406,28343199;3192,30263290;3110,31573282;3412,29163192;3415,29123194;3473,29053187;3136,31423385;3090,31493291;3031,31583233;3280,31123274;3430,28133281;3345,30873282;3415,28273214;3417,29613184;3152,31363391;3176,31333420;3260,31263284;3255,27133450;3380,28503318;3410,27983404;3358,30703264;3360,30613244;3429,29433181;3474,28113248;
----Iteration 6----
2761,28253010;2912,25702980;2976,28372972;2823,27052989;2786,27533119;2651,28173047;2966,28572970;2603,28782701;
2957,29983040;2969,29873013;2990,29593047;2988,29773105;3009,29833042;2989,29213171;3004,29403106;
2957,29983040;2990,29593047;2988,29773105;3009,29833042;2989,29213171;3004,29403106;2785,29093175;2799,29933099;2987,30713025;3100,28283074;3006,30353015;3039,28343127;3072,30243016;3078,28093225;3090,27773303;3117,27063273;3070,28063268;
3072,30243016;3090,27773303;3117,27063273;3070,28063268;2795,29933160;2829,29583256;2781,30583152;2998,29693213;2961,29763227;2808,29823249;2771,31873272;3012,29293278;3016,30903102;2873,31332827;3022,29133241;3019,29503248;2981,30703150;3185,28473236;3152,28793261;3136,29483240;3179,29903200;3086,29953053;3177,29073244;
3090,27773303;3117,27063273;2771,31873272;3185,28473236;3152,28793261;3136,29483240;3179,29903200;3177,29073244;3037,32323161;3071,32213140;2813,30163255;3071,29993312;2999,32853169;3122,29883240;3063,32063146;3043,32143152;3250,30653157;3257,30323152;3212,29963167;
2771,31873272;3071,29993312;3088,32813219;3027,33013225;3094,32973159;3097,29733326;2930,31553256;3118,32953154;3152,32623187;3253,30483270;3194,30843230;3237,30743181;3326,30453308;3287,30733262;
3088,32813219;3027,33013225;3097,29733326;3118,32953154;3152,32623187;3326,30453308;3287,30733262;2975,32793293;2972,32843295;3100,33063196;3138,33593137;3032,32733274;3084,33393192;3079,31793409;2956,32283471;3123,33023139;3215,31873261;3271,31553302;3265,29773315;
3088,32813219;3027,33013225;3097,29733326;3118,32953154;3152,32623187;3326,30453308;3287,30733262;2975,32793293;2972,32843295;3100,33063196;3138,33593137;3032,32733274;3084,33393192;3079,31793409;2956,32283471;3123,33023139;3271,31553302;2959,32023492;2949,32403362;2978,32723343;3079,31303437;3084,31603427;2992,32273325;3257,32503319;3148,32693110;3221,32823085;3269,31673239;3325,30723313;3295,30153323;3296,30873216;
3326,30453308;2975,32793293;3138,33593137;3079,31793409;2956,32283471;3271,31553302;2959,32023492;2978,32723343;3079,31303437;3084,31603427;3257,32503319;3269,31673239;3325,30723313;3295,30153323;3296,30873216;2972,33823319;3150,33143209;3119,33563178;3040,31573495;2956,32483372;3089,31473430;2968,31653424;3039,32413370;3107,33613184;3097,31273439;3130,33113288;3243,33443207;3158,30973415;3207,30873350;3206,30533400;3097,31433334;3250,32833171;3285,32053122;3274,31573148;3303,30783280;
3326,30453308;3079,31793409;2956,32283471;2959,32023492;3079,31303437;3084,31603427;3257,32503319;3325,30723313;3040,31573495;2956,32483372;3089,31473430;2968,31653424;3039,32413370;3097,31273439;3243,33443207;3158,30973415;3010,33543366;2929,31933500;3241,33623265;3101,31073435;3242,30763418;3141,31253403;3315,32013391;3128,32063355;3207,34003352;3236,30953408;3282,33163253;3297,33423238;3336,32063214;3341,31103176;3379,31483148;
2956,32283471;2959,32023492;2929,31933500;3241,33623265;3315,32013391;3207,34003352;3297,33423238;3336,32063214;3341,31103176;3379,31483148;3097,31883550;3124,31673566;3152,33863463;3127,30433523;3178,32643449;3152,34083427;3189,31203478;3166,31263471;3226,33743266;3249,30953444;3276,33163280;3335,32803320;3289,33993260;3283,31153406;3295,33473275;3331,30933339;3387,31323094;
----Iteration 3----
2603,28772999;2839,25982865;2953,24342782;2922,24972886;2756,27993088;2485,29572803;2698,28642800;2892,25693024;2898,26152675;2932,24422893;2783,28252778;2922,25932839;2766,26283039;
2917,29453183;2877,29833185;2835,30282961;2960,29353063;2934,29623073;2663,28413214;2958,28063121;2935,29463116;2977,27512929;3034,27852885;3040,27812903;3068,27432975;
2960,29353063;2958,28063121;2919,30973284;2951,30323217;2925,30883290;2970,27693096;2938,30423189;3165,28442956;3122,28572993;
2919,30973284;2925,30883290;3165,28442956;3122,28572993;2900,30333299;2984,30803214;2998,29233247;3034,30463214;2988,30433269;2996,30093235;3050,29473175;3043,29253199;3036,29663205;3128,28782980;3165,28452876;
2919,30973284;2925,30883290;3165,28442956;3122,28572993;2984,30803214;3034,30463214;2988,30433269;3128,28782980;3165,28452876;3060,30423342;2946,30683251;3071,30323303;3057,30823213;2970,28753395;3018,28433346;3097,30103120;3113,30413112;
3110,30283450;3191,32063410;3139,32233430;3193,30443385;3204,29873318;3255,30393289;3255,29743312;3254,30363313;3241,30563249;3259,30153284;
3255,30393289;3255,29743312;3259,30153284;3247,31723391;3242,32493450;3254,31693390;3266,30383260;3305,29673282;
3247,31723391;3242,32493450;3254,31693390;3305,29673282;3067,32173482;3055,31183489;3158,30993479;3262,31153399;3250,31453423;3283,31403379;
3242,32493450;3171,32383555;3081,32503469;3180,33183442;3070,33293475;3107,33253426;3192,33003439;3343,32683440;3345,32593420;3386,31323311;
3242,32493450;3171,32383555;3192,33003439;3343,32683440;3345,32593420;3386,31323311;3109,32483515;3167,33803462;3128,32953490;3190,33433478;3184,33543438;3208,32753445;3247,32793414;3367,32573404;3340,32333467;3376,30543389;
3242,32493450;3171,32383555;3343,32683440;3345,32593420;3386,31323311;3109,32483515;3167,33803462;3247,32793414;3367,32573404;3340,32333467;3376,30543389;3053,31883588;3106,32623516;3041,31823610;3208,33793499;3104,31143564;3198,31113529;3156,34453468;3266,31003492;3328,32903410;3347,32383448;3349,32293428;
----Iteration 1----
2907,26102981;2914,25012940;2815,26973039;2817,27902953;2784,26663092;2794,28392657;2479,27883005;2706,28112712;2961,26402743;
2958,28703092;3100,25792961;
2958,28703092;3100,25792961;2652,26633157;2747,29702974;2786,29772947;2992,29182978;2827,28303155;3006,28773091;3014,28742983;2981,29122984;2996,28933000;3067,26733075;
2960,29703221;2920,29933236;2952,29883209;3131,29643228;3159,29983178;
2920,29933236;2952,29883209;3131,29643228;3159,29983178;2934,30863096;2856,30743144;2862,30183233;2973,30583150;2980,29803264;3120,29483285;2962,29873216;3126,29383343;3171,29453251;3130,30523196;3189,29303293;3271,29323120;3237,29713116;3252,29463100;3270,29333115;
3131,29643228;3159,29983178;3120,29483285;3126,29383343;3130,30523196;3237,29713116;3043,30513271;3038,31283342;2979,30993394;3042,30973434;2971,31293194;3048,29513365;3059,29773333;3064,29813317;3256,29463313;3339,29383241;3272,29633258;3378,29003157;
3237,29713116;3256,29463313;3339,29383241;3272,29633258;3378,29003157;3145,29813384;3167,30253383;3141,30753382;3139,32073388;3132,32333453;3123,32583398;3137,29913425;3100,31123482;3136,31723408;3137,30413412;3183,29743348;3205,29493347;3220,31393241;3292,29693208;3320,29493267;3342,29643120;
3339,29383241;3272,29633258;3378,29003157;3132,32333453;3123,32583398;3220,31393241;3292,29693208;3320,29493267;3168,32073486;3121,32343482;3140,32163337;3332,29223442;3195,29493426;3366,28993467;3204,30263375;3182,30713354;3239,29263372;3205,30343370;3270,29883319;3370,29693154;3369,29083232;3390,29103112;
3378,29003157;3132,32333453;3123,32583398;3220,31393241;3168,32073486;3121,32343482;3140,32163337;3332,29223442;3366,28993467;3204,30263375;3205,30343370;3270,29883319;3370,29693154;3369,29083232;3390,29103112;3052,32693523;3143,31273511;3129,31923537;3200,31603509;3239,28743473;3300,29173447;3169,32133381;3281,29783465;3203,30843269;3359,29463412;3350,29563405;3230,30023210;3222,30873228;3353,29183446;3323,29663311;3315,29983258;3361,29353243;3345,29803207;
3132,32333453;3123,32583398;3220,31393241;3168,32073486;3121,32343482;3366,28993467;3204,30263375;3205,30343370;3052,32693523;3143,31273511;3129,31923537;3200,31603509;3169,32133381;3203,30843269;3359,29463412;3222,30873228;3353,29183446;3069,30993546;3065,32593551;3137,31253512;3145,32223409;3281,29793518;3351,29363451;3297,29793414;3275,30703270;3356,30043406;3383,30123279;3388,29143373;3427,29733313;
3132,32333453;3123,32583398;3220,31393241;3168,32073486;3121,32343482;3366,28993467;3204,30263375;3205,30343370;3052,32693523;3129,31923537;3200,31603509;3169,32133381;3203,30843269;3359,29463412;3222,30873228;3353,29183446;3065,32593551;3145,32223409;3351,29363451;3297,29793414;3275,30703270;3356,30043406;3383,30123279;3427,29733313;3137,31313599;3097,31593538;3022,33083540;3118,32933488;3078,33563519;3166,31203569;3160,31653512;3097,32433512;3286,30243522;3339,30723261;3239,30943091;3327,30833207;3394,30283222;3449,29703399;
----Iteration 0----
2829,26203168;2761,28183059;2707,27043107;2593,27413102;2786,27093065;2652,28592692;2877,28392876;2887,26093172;
2925,27943249;3002,28073191;3041,27953181;3042,27753160;
2674,29103183;2676,29143138;2861,28303376;2911,28273331;3099,28213256;3105,28233247;3097,28733269;3055,28873256;
2760,29493438;2999,29013300;3183,28943399;
3183,28943399;3064,29893352;3144,29753467;3170,29233426;3194,28633372;
3144,29753467;3170,29233426;2772,30473481;2801,29873410;2997,28533478;3085,30373403;3072,30543361;3112,30033355;3147,29633412;3169,29633359;3210,29583306;3240,29153433;3213,29363417;3226,29323393;
3144,29753467;3085,30373403;3072,30543361;3240,29153433;3226,29323393;3019,31523524;3028,31173434;3137,29363482;3073,29903415;3193,29563441;3132,30063387;3206,29793419;3157,29863333;3221,29723426;
3144,29753467;3085,30373403;3072,30543361;3019,31523524;3193,29563441;3132,30063387;3206,29793419;3157,29863333;3221,29723426;3096,29703528;3130,29963515;3055,31273594;3039,31503472;3143,28743496;3269,29503435;3175,29733484;3198,30183274;3223,29033461;3281,29263419;3285,29583357;3287,29943318;3300,29503292;
3193,29563441;3206,29793419;3221,29723426;3055,31273594;3269,29503435;3198,30183274;3223,29033461;3281,29263419;3287,29943318;3300,29503292;3133,31733546;3137,31523589;3186,31323543;3139,31793488;3165,30983551;3299,29733394;3296,29193426;3310,29673285;
3055,31273594;3269,29503435;3281,29263419;3133,31733546;3137,31523589;3186,31323543;3139,31793488;3165,30983551;3299,29733394;3296,29193426;2978,29793639;2960,30103674;3054,30693616;3040,31183607;3028,31643571;3049,31863498;3047,31163605;3137,31573518;3159,31753499;3188,29243486;3261,29843466;3326,31303346;
3055,31273594;3133,31733546;3137,31523589;3186,31323543;3139,31793488;3165,30983551;3299,29733394;3296,29193426;2960,30103674;3054,30693616;3040,31183607;3028,31643571;3047,31163605;3159,31753499;3326,31303346;2953,30473660;2885,30913656;3046,31123634;3031,32563477;2968,30293662;3013,30103655;3104,32103556;3129,29853606;3101,30313612;3224,31683518;3285,30203494;
----Iteration 7----
2599,28593195;2761,25553027;2857,27132817;2761,30392726;2825,27752632;2934,26292952;2713,27903028;3016,23892700;
2808,29742967;2831,29193028;2791,30313003;2822,28593034;
2831,29193028;2791,30313003;2801,30262842;2798,29283132;2831,28543178;2954,28453148;2952,28753159;2891,29043147;2849,30212940;2899,30073006;2858,29763023;
2703,30703024;2624,31012968;3089,30243189;2991,30583246;3051,30423197;
2661,31763121;2775,31773070;3135,30263292;2983,30293348;2953,30783296;3190,31563236;3180,31723290;3272,30643226;3191,30463277;3230,30113288;3251,30853272;3260,31093270;
2806,32463115;3329,31433284;3278,32373357;3292,31613244;3359,31493237;3395,30783316;
3329,31433284;3278,32373357;3292,31613244;3359,31493237;3395,30783316;3210,32173358;3191,32883433;3261,31803374;3293,31593268;3298,31573305;3410,30873303;3383,31233360;3408,31163310;
3329,31433284;3278,32373357;3292,31613244;3359,31493237;3191,32883433;3261,31803374;3293,31593268;3298,31573305;3410,30873303;3383,31233360;3408,31163310;3276,32063359;3242,32123363;3285,31793345;3218,32683410;3238,32413403;3215,32013503;3446,30833316;
3329,31433284;3278,32373357;3359,31493237;3191,32883433;3261,31803374;3383,31233360;3408,31163310;3276,32063359;3285,31793345;3218,32683410;3238,32413403;3215,32013503;3242,31983399;3260,31873390;3233,32693380;3303,31733333;3247,32233394;3311,31053371;3298,31303353;3449,29833342;3323,31873206;3501,30563268;3458,30853332;3476,31113310;3487,31033311;
3329,31433284;3278,32373357;3359,31493237;3191,32883433;3261,31803374;3383,31233360;3408,31163310;3276,32063359;3285,31793345;3238,32413403;3215,32013503;3260,31873390;3233,32693380;3303,31733333;3247,32233394;3311,31053371;3298,31303353;3449,29833342;3323,31873206;3501,30563268;3458,30853332;3476,31113310;3487,31033311;3201,32453432;3221,32783425;3252,32103418;3240,32603381;3289,31773297;3333,29893382;3307,31693213;3510,30203283;3539,30453282;
3329,31433284;3278,32373357;3359,31493237;3383,31233360;3408,31163310;3285,31793345;3303,31733333;3311,31053371;3298,31303353;3323,31873206;3501,30563268;3458,30853332;3476,31113310;3487,31033311;3289,31773297;3333,29893382;3307,31693213;3510,30203283;3539,30453282;3246,33173455;3229,32893531;3260,33053446;3243,32383479;3246,32883471;3281,32273407;3454,31133315;3395,29773375;3481,30093357;
----Iteration 2----
2944,25323065;3082,28543032;2627,26393038;2739,26173036;2568,26483072;2612,27613033;2753,28622969;
2986,28753159;3088,28973123;3037,29233125;
3088,28973123;3075,29493172;3114,28703113;3206,28793102;
3075,29493172;3206,28793102;2790,31153177;2841,31123143;2720,30963188;2823,30613157;2862,30933138;3011,28093259;2986,28383239;2969,29613031;3176,29203157;3184,28763135;3245,28653090;3223,28473128;
3075,29493172;3206,28793102;2790,31153177;3176,29203157;3184,28763135;3245,28653090;3223,28473128;2914,30673291;2871,30683279;2855,31963141;2876,31923158;3011,28223311;2959,29693363;2887,30973278;3027,29183182;3071,29863111;3177,28943165;3137,29323121;3248,28103131;3210,28643256;
3245,28653090;2855,31963141;2876,31923158;3248,28103131;2976,30943329;2942,31583309;2883,31843231;2951,31683245;2889,31773145;2951,31493311;2988,31623266;3032,31113248;3103,30193295;3230,30333254;3228,30043310;3196,29793372;3190,31053266;3222,30363231;
2855,31963141;2876,31923158;2976,30943329;2883,31843231;2951,31683245;2988,31623266;3230,30333254;3228,30043310;3196,29793372;3079,31603319;3028,30853331;3008,31803242;3088,31473302;3200,30373368;3116,31343295;3137,30583379;3151,31173276;3194,31163276;3228,31303241;3255,30793209;
3230,30333254;3228,30043310;3196,29793372;3200,30373368;3116,31343295;3137,30583379;3151,31173276;3194,31163276;3228,31303241;3255,30793209;3013,31933385;3088,31893387;3045,32053378;3112,31843355;3112,31903280;3208,31353264;3265,31153206;
3196,29793372;3200,30373368;3116,31343295;3194,31163276;3228,31303241;3013,31933385;3088,31893387;3045,32053378;3112,31843355;3112,31903280;3208,31353264;3265,31153206;3045,31703431;3042,31793395;3136,29643392;3137,31053388;3074,31443437;3192,31323314;3200,31723240;3281,30813351;
3196,29793372;3200,30373368;3194,31163276;3228,31303241;3088,31893387;3045,32053378;3112,31843355;3112,31903280;3208,31353264;3265,31153206;3045,31703431;3042,31793395;3136,29643392;3137,31053388;3074,31443437;3192,31323314;3200,31723240;3281,30813351;3066,31493425;3023,31983400;3002,32293333;3041,32323316;3084,32133295;3017,29773447;3127,31773354;3147,30603382;3134,31343352;3150,31373302;3177,30933372;3186,30873363;
3228,31303241;3088,31893387;3045,32053378;3112,31843355;3208,31353264;3045,31703431;3042,31793395;3074,31443437;3192,31323314;3200,31723240;3066,31493425;3041,32323316;3084,32133295;3017,29773447;3127,31773354;2934,30093451;3026,32293416;2995,29793480;3022,32593408;3047,31933368;3163,31403367;3088,32023313;3117,31993288;3309,30993322;3289,30923382;3283,31233411;
----Iteration 4----
3004,27332919;2668,28292870;3072,25112878;2859,27883094;2753,27912896;2662,28363066;
2940,27533190;2976,27133212;3041,27483072;3025,28063071;3051,27273024;
3061,29643235;3028,29393249;2978,29223393;2981,28963419;3011,28843392;3021,29113389;3037,28933345;3076,28503108;3053,28913339;
3079,30973575;3127,30223448;3135,28983220;
3079,30973575;3016,32063399;3040,32003394;3105,31583351;3025,31033473;3120,30803563;3063,31433445;3165,30023504;3201,29553471;3134,30333520;3179,29863528;3180,30293483;3201,30123430;
3201,29553471;3179,29863528;3180,30293483;3201,30123430;3057,32383457;3018,32423417;2965,31963510;3074,32183416;3073,32113455;3108,32033441;3167,30143549;3150,30233513;3118,31663385;3131,31333626;3177,31483390;3144,30433574;3099,31803603;3180,29803545;3266,29513425;3185,29383517;
3179,29863528;3201,30123430;3057,32383457;3074,32183416;3073,32113455;3108,32033441;3131,31333626;3177,31483390;3144,30433574;3180,29803545;3060,32673436;3117,31833669;3102,32003587;3114,32233333;3137,31933569;3166,31813465;3178,32063368;3189,30403509;3178,30253577;3195,30073524;3302,30103510;
3131,31333626;3117,31833669;3102,32003587;3137,31933569;3178,32063368;3302,30103510;3123,31713625;3062,32063551;3175,32603482;3147,32943464;3084,31973673;2998,32143562;3199,30953596;3192,31593325;3306,31523424;3260,30243497;3347,31573390;3340,31383392;3349,31303362;
3131,31333626;3117,31833669;3102,32003587;3137,31933569;3302,30103510;3123,31713625;3062,32063551;3175,32603482;3147,32943464;3084,31973673;2998,32143562;3199,30953596;3125,32583503;3134,31363596;3166,31823562;3295,32343461;3344,31853432;3348,30553509;3387,31693440;
3131,31333626;3117,31833669;3102,32003587;3137,31933569;3302,30103510;3123,31713625;3062,32063551;3175,32603482;3147,32943464;3084,31973673;2998,32143562;3199,30953596;3125,32583503;3166,31823562;3295,32343461;3344,31853432;3348,30553509;3387,31693440;3174,31753605;3205,31693519;3282,30113544;3257,32123476;3370,31263478;
3131,31333626;3117,31833669;3102,32003587;3137,31933569;3123,31713625;3147,32943464;3084,31973673;2998,32143562;3166,31823562;3387,31693440;3174,31753605;3282,30113544;3062,32073660;3138,32263541;3120,31433649;3221,31173653;3295,32723475;3231,30233608;3376,32633514;3377,30273480;3365,31923521;3377,31623461;
----Iteration 9----
2727,28893060;3010,26152939;2964,28703223;2924,29242822;
3026,28402874;2886,28212897;2938,27612982;3008,27462926;3036,27272944;
2938,27612982;2709,27433062;2740,26723030;2789,26713008;2764,26573029;3053,27962864;3082,27712822;2968,26622980;3008,28642876;2965,28092963;3046,28472949;3050,27842894;
2793,30953037;3093,30723233;
3028,31453298;3102,31763286;3177,32453215;3123,32253270;3195,31343076;3213,29272983;
3195,31343076;2913,32833230;3134,31963310;3008,29233409;3059,28623321;3189,32713281;3115,32503310;3187,32233301;3190,28283294;3231,30963221;
3134,31963310;3189,32713281;3115,32503310;2959,32863320;2882,27903474;3105,29983399;3103,30703440;3096,31413388;3158,29403380;3154,29603384;3226,32423273;3180,29343375;3205,32513308;3262,31873244;
2882,27903474;3105,29983399;3103,30703440;3096,31413388;3158,29403380;3154,29603384;3226,32423273;3180,29343375;3262,31873244;3052,32253457;3089,31373404;3197,32913339;3225,32573357;3110,30433392;3317,31643278;3359,31613349;
2882,27903474;3103,30703440;3096,31413388;3226,32423273;3262,31873244;3052,32253457;3089,31373404;3197,32913339;3225,32573357;3317,31643278;3359,31613349;2913,28203459;3035,33513263;3174,29863412;3171,30993429;3186,32633352;3220,30053400;3217,32103363;3224,30393372;3232,31983334;3237,32253286;3388,31533296;3382,31063371;
2882,27903474;3103,30703440;3226,32423273;3052,32253457;3089,31373404;3197,32913339;3225,32573357;3174,29863412;3171,30993429;3186,32633352;3217,32103363;2878,28103516;2984,33053316;3057,33593281;2970,33693257;3102,30863465;3193,29893404;3270,31993349;3252,32303339;3336,31803340;3427,31673403;
2882,27903474;3052,32253457;3197,32913339;3171,30993429;2878,28103516;2984,33053316;3252,32303339;3427,31673403;2789,28873540;3160,31093472;3135,34253278;3137,34133302;3184,30863448;3236,32833412;3319,31733404;3363,32153390;3395,31793373;
----Iteration 8----
2808,27843104;2897,26152836;2888,28842709;2553,28272989;2564,27972835;
3135,29413452;3106,29793408;
3076,30923265;3130,30543231;3073,30453312;3233,30403461;3132,30023469;3228,30003463;3242,30133429;3288,30373411;
3076,30923265;3233,30403461;3132,30023469;3288,30373411;2988,31063209;3210,30733433;3175,30793441;3227,30573339;3180,30803375;3250,30313466;3252,30543361;3299,30313464;3302,29883439;
3288,30373411;2988,31063209;3299,30313464;3302,29883439;3279,30643443;3247,31053495;3268,30503478;3276,30653454;3301,30563382;
3247,31053495;3243,31173369;3253,30143561;3271,30753547;3255,30953257;3277,30773484;3205,31133376;3274,30943461;3297,30713487;3334,30643426;3354,30703376;3319,30543521;3337,30623446;
3264,30053614;3436,31113611;3480,31073558;3389,31603568;3449,31123495;3490,30643551;3493,30993524;
3480,31073558;3449,31123495;3490,30643551;3493,30993524;3437,31803636;3440,30823576;
3480,31073558;3449,31123495;3490,30643551;3493,30993524;3437,31803636;3430,30703637;3114,32613328;3171,32533264;3189,32383306;3166,32443357;3446,31213590;3440,31383472;3447,31133574;
3480,31073558;3490,30643551;3437,31803636;3430,30703637;3446,31213590;3447,31133574;3385,31293685;3338,31713705;3171,32313565;3344,31003694;3412,31263660;3400,31773650;3274,33173526;3512,31193546;3459,31383520;3528,30543550;
3490,30643551;3437,31803636;3430,30703637;3446,31213590;3447,31133574;3385,31293685;3338,31713705;3171,32313565;3344,31003694;3412,31263660;3400,31773650;3274,33173526;3512,31193546;3459,31383520;3528,30543550;3368,31903657;3415,30813649;3324,32053564;3455,32123536;3329,32303445;3487,31073576;3546,30803528;3538,31063499;
