----Iteration 4----
memory=206.4453125,221.3046875,229.10546875,238.6484375,244.00390625,248.2265625,251.921875,256.21484375,259.984375,266.04296875
time=36.44628691673279,45.47946643829346,42.01430654525757,35.415690183639526,22.492427825927734,42.01351976394653,30.09647035598755,30.577303886413574,35.38644766807556,29.77228879928589
----Iteration 3----
memory=211.88671875,224.015625,232.2578125,238.7421875,244.46875,248.6328125,252.81640625,258.02734375,262.828125,267.796875
time=50.227668046951294,45.11333894729614,29.680787801742554,33.18583345413208,30.894386053085327,39.10516834259033,34.30306124687195,31.55090022087097,35.19446659088135,28.26706838607788
----Iteration 0----
memory=214.11328125,224.10546875,232.25390625,239.46875,245.24609375,249.82421875,254.890625,259.2734375,263.3359375,268.1484375
time=49.787606716156006,47.382381200790405,29.163623571395874,37.101115465164185,30.681884765625,46.65853762626648,32.17409944534302,29.047532320022583,30.149884939193726,27.704408645629883
----Iteration 2----
memory=211.796875,223.6171875,229.01953125,236.75390625,243.03515625,247.296875,250.98828125,258.1328125,264.20703125,266.359375
time=48.80249357223511,42.48794770240784,32.09691047668457,27.547740936279297,26.29222869873047,40.75092339515686,32.12824082374573,42.60634970664978,45.03886961936951,27.931605339050293
----Iteration 6----
memory=207.921875,221.796875,231.7890625,240.24609375,246.35546875,249.76953125,255.484375,259.73828125,264.87109375,266.30078125
time=36.9956910610199,46.850380182266235,40.886667013168335,40.291072607040405,38.88219165802002,35.0686240196228,40.66933250427246,31.091843605041504,32.19574856758118,26.115641593933105
----Iteration 5----
memory=205.73828125,223.35546875,228.265625,239.4609375,245.3125,249.66015625,254.25390625,259.34375,265.87890625,263.80859375
time=36.33922791481018,49.81674385070801,34.67100811004639,38.850830078125,32.36679196357727,42.42281675338745,33.909461975097656,38.23443293571472,36.70104742050171,26.172056436538696
----Iteration 7----
memory=209.46875,222.16796875,232.2421875,238.54296875,244.58984375,248.91796875,253.93359375,258.41796875,263.734375,263.62109375
time=45.18643307685852,46.52082371711731,34.78089356422424,31.72057795524597,34.62749218940735,37.27894473075867,39.96764945983887,28.317552089691162,38.55224561691284,35.79456400871277
----Iteration 1----
memory=207.3515625,220.98828125,228.83203125,238.91015625,244.6328125,248.50390625,254.64453125,260.00390625,267.51171875,258.45703125
time=40.78198051452637,48.93423867225647,32.90468502044678,34.92687106132507,33.126893520355225,37.16206765174866,43.958213090896606,46.29935550689697,34.740718364715576,21.72247052192688
----Iteration 8----
memory=258.46875,258.93359375,256.74609375,256.7734375,256.87109375,257.0390625,257.23046875,257.68359375,257.74609375,257.86328125
time=17.540947437286377,7.7171196937561035,9.655770063400269,9.897807836532593,8.57414436340332,7.7105748653411865,8.637756824493408,7.081845045089722,6.614074230194092,7.733626365661621
----Iteration 9----
memory=258.80078125,256.74609375,256.80859375,256.8515625,257.015625,257.15234375,257.73828125,257.74609375,257.8203125,257.86328125
time=16.586527824401855,9.381866693496704,10.645889282226562,9.769543886184692,7.597115993499756,6.657298803329468,7.040149927139282,7.189716815948486,6.117066860198975,6.131531238555908
