----Iteration 0----
duplicated=29.0,28.0,20.0,11.0,13.0,16.0,13.0,14.0,13.0,7.0
mean_error=70.59,37.08,24.96,30.86,22.81,33.44,24.14,27.15,26.41,26.05
memory=171.86328125,181.70703125,186.44140625,187.65234375,190.515625,192.890625,195.5859375,197.78515625,199.0703125,200.25390625
time=13.30544662475586,18.04681420326233,17.92318630218506,8.392513036727905,10.211425542831421,12.03476095199585,14.561823844909668,14.647904872894287,12.23431134223938,12.701991319656372
----Iteration 2----
duplicated=30.0,24.0,25.0,17.0,20.0,16.0,11.0,10.0,20.0,19.0
mean_error=80.53,37.78,30.36,32.01,28.28,27.88,23.78,25.51,35.86,31.89
memory=170.99609375,178.16796875,184.7734375,188.93359375,191.359375,193.578125,196.53515625,198.15234375,199.89453125,201.07421875
time=12.751890420913696,14.891162872314453,18.988795518875122,14.204967498779297,9.589728832244873,14.766168355941772,14.908088207244873,14.826022863388062,12.58175277709961,12.758093118667603
----Iteration 5----
duplicated=25.0,30.0,21.0,20.0,13.0,23.0,13.0,10.0,10.0,8.0
mean_error=111.65,37.73,46.14,37.4,27.62,46.67,28.81,25.93,23.45,26.26
memory=169.07421875,179.03515625,183.37109375,187.73046875,191.21875,193.390625,196.1953125,197.9140625,200.25,201.0078125
time=11.723875999450684,16.706652879714966,14.600142478942871,13.741442441940308,12.31201982498169,12.433806896209717,15.557297468185425,13.679543256759644,17.43028211593628,12.693750619888306
----Iteration 7----
duplicated=33.0,33.0,20.0,18.0,25.0,20.0,17.0,9.0,22.0,4.0
mean_error=91.75,49.82,26.65,23.68,51.38,34.27,33.91,22.37,27.14,23.86
memory=173.30859375,180.9140625,185.91796875,189.3359375,191.62109375,194.3671875,196.99609375,198.703125,200.33984375,201.5078125
time=14.164785861968994,17.121347904205322,17.84510111808777,13.05456018447876,11.546986818313599,16.025431632995605,16.304463386535645,14.017481327056885,13.292572736740112,11.786017417907715
----Iteration 6----
duplicated=31.0,24.0,7.0,11.0,17.0,16.0,16.0,30.0,6.0,6.0
mean_error=94.85,32.45,22.12,21.54,23.91,24.86,27.06,58.4,22.45,21.18
memory=173.9453125,179.875,184.10546875,188.2890625,191.4140625,193.97265625,196.8359375,198.765625,200.421875,201.33984375
time=14.001933574676514,16.27989959716797,14.752092599868774,14.323168516159058,12.960225582122803,14.906709671020508,14.547847986221313,17.115058183670044,15.88407015800476,13.45943284034729
----Iteration 3----
duplicated=34.0,22.0,29.0,17.0,21.0,14.0,13.0,8.0,8.0,15.0
mean_error=83.26,27.74,40.39,27.78,30.8,35.7,26.98,23.6,22.48,22.67
memory=175.64453125,182.09765625,187.37109375,190.18359375,191.828125,194.76171875,198.17578125,199.0390625,200.82421875,201.1640625
time=14.920659303665161,18.10379934310913,21.79767918586731,10.685757875442505,12.443045616149902,12.992981672286987,19.487614393234253,14.996939420700073,14.904454469680786,9.453565835952759
----Iteration 1----
duplicated=38.0,25.0,23.0,13.0,26.0,13.0,14.0,17.0,11.0,22.0
mean_error=67.0,40.93,26.76,24.31,33.92,29.92,28.56,34.91,30.77,30.33
memory=176.375,181.62890625,186.94921875,189.796875,191.7578125,195.25390625,197.484375,199.875,200.61328125,201.2890625
time=16.438236474990845,14.901694297790527,18.665990352630615,15.57925820350647,12.562073945999146,14.077135562896729,16.2103009223938,18.02684211730957,12.570977687835693,11.137531518936157
----Iteration 4----
duplicated=32.0,18.0,26.0,15.0,20.0,16.0,22.0,29.0,15.0,23.0
mean_error=64.22,42.25,41.75,24.5,42.7,25.4,30.86,36.61,28.14,32.27
memory=174.4375,180.1640625,185.87890625,189.5234375,192.06640625,196.265625,197.91015625,200.078125,201.4609375,201.35546875
time=14.48777174949646,15.87929630279541,17.686676025390625,13.787202835083008,14.745643854141235,20.095779180526733,17.230703830718994,17.1131694316864,13.807456254959106,7.527714252471924
----Iteration 8----
duplicated=26.0,14.0,34.0,28.0,20.0,15.0,26.0,10.0,14.0,17.0
mean_error=55.98,32.22,69.93,32.08,36.06,23.52,31.12,24.7,26.14,27.15
memory=201.30078125,201.22265625,201.28515625,201.2109375,201.2890625,201.17578125,201.29296875,201.28515625,201.28515625,201.3671875
time=11.447305917739868,4.795382976531982,3.8134701251983643,2.8267147541046143,2.8164994716644287,3.116939067840576,3.232945203781128,2.9498980045318604,3.4264919757843018,2.481280565261841
----Iteration 9----
duplicated=30.0,43.0,23.0,21.0,6.0,19.0,18.0,14.0,12.0,18.0
mean_error=57.08,37.2,32.92,30.57,24.56,27.54,34.79,24.31,26.94,32.72
memory=201.265625,201.19921875,201.20703125,201.21875,201.21875,201.1875,201.3203125,201.22265625,201.28515625,201.26953125
time=7.661473989486694,4.465883493423462,3.208059072494507,2.432298421859741,3.614949941635132,2.7040135860443115,2.5731379985809326,3.660252332687378,2.780247211456299,1.8477020263671875
