----Iteration 0----
32,313;211,251;-239,386;-102,375;186,255;-46,336;
190,365;190,365;190,365;190,365;188,369;251,254;251,254;251,254;251,254;251,254;275,204;341,181;
150,401;210,383;211,347;211,347;237,322;211,347;211,347;211,347;229,335;229,335;279,306;335,263;361,238;361,238;361,238;367,214;367,214;
150,401;335,263;361,238;361,238;361,238;168,389;223,387;223,387;223,387;223,387;223,387;223,387;228,346;272,343;294,340;320,289;329,282;329,282;386,198;380,222;386,198;400,149;
223,387;223,387;223,387;223,387;223,387;223,387;386,198;386,198;400,149;194,430;223,387;232,353;294,347;328,335;328,335;329,299;329,299;352,285;355,274;355,274;355,274;355,274;355,274;355,274;355,274;380,260;425,103;400,149;425,103;
223,387;223,387;223,387;223,387;223,387;223,387;194,430;223,387;294,347;328,335;328,335;329,299;329,299;352,285;355,274;355,274;355,274;355,274;355,274;355,274;355,274;380,260;425,103;425,103;156,439;194,430;232,382;294,347;308,344;328,335;329,299;355,274;366,271;386,236;411,215;411,215;422,121;422,121;
194,430;380,260;194,430;366,271;386,236;411,215;411,215;127,482;147,473;180,450;194,430;222,421;340,375;340,375;340,375;331,409;365,341;475,150;456,166;477,118;
194,430;194,430;411,215;411,215;147,473;180,450;194,430;222,421;331,409;365,341;475,150;456,166;477,118;91,505;129,489;147,473;222,421;355,384;355,384;365,341;408,323;456,166;
147,473;331,409;91,505;147,473;355,384;355,384;408,323;91,505;133,493;228,463;289,421;404,371;404,371;408,323;432,273;475,255;475,255;475,255;475,255;475,255;475,255;504,212;509,171;
331,409;355,384;355,384;408,323;228,463;289,421;404,371;404,371;408,323;432,273;475,255;475,255;475,255;475,255;475,255;475,255;57,552;71,532;71,532;181,506;289,421;289,421;289,421;355,384;355,384;355,384;408,323;408,323;408,323;432,273;464,258;464,258;509,212;538,169;
408,323;404,371;404,371;408,323;432,273;475,255;475,255;475,255;475,255;475,255;475,255;57,552;71,532;71,532;408,323;408,323;408,323;432,273;464,258;464,258;509,212;538,169;71,532;118,518;192,506;338,469;338,469;356,414;408,323;418,293;432,273;475,255;509,212;
----Iteration 2----
-269,464;-119,343;1,314;157,203;-210,390;-59,328;81,261;163,128;24,310;91,257;177,-111;
251,329;251,329;251,329;251,329;251,329;251,329;251,329;325,302;325,302;325,302;325,302;325,302;325,302;325,302;325,302;325,302;
358,381;
379,376;378,412;378,412;379,376;424,354;
379,376;378,412;378,412;379,376;424,354;352,463;377,435;377,435;377,435;377,435;379,376;424,354;424,354;424,354;424,354;424,354;424,354;424,354;424,354;424,354;424,354;
378,412;378,412;352,463;377,435;377,435;377,435;377,435;326,487;344,471;352,463;352,463;352,463;358,451;358,451;377,435;377,435;377,435;377,435;377,435;377,435;377,435;377,435;378,412;421,372;405,403;408,385;439,360;439,360;483,332;498,289;
378,412;378,412;377,435;377,435;377,435;377,435;326,487;344,471;377,435;377,435;377,435;377,435;377,435;377,435;377,435;377,435;378,412;405,403;483,332;498,289;262,546;293,541;318,495;301,533;342,482;361,466;378,412;438,396;441,378;486,314;483,332;540,250;556,219;
378,412;378,412;377,435;377,435;377,435;377,435;377,435;377,435;377,435;377,435;377,435;377,435;377,435;377,435;378,412;405,403;483,332;262,546;293,541;301,533;361,466;378,412;438,396;441,378;483,332;540,250;556,219;337,513;345,505;345,505;345,505;346,469;361,466;377,435;378,412;442,342;499,327;501,271;521,266;
378,412;378,412;377,435;377,435;377,435;377,435;377,435;377,435;377,435;377,435;377,435;377,435;377,435;377,435;378,412;405,403;483,332;378,412;438,396;441,378;483,332;556,219;337,513;345,505;345,505;345,505;346,469;377,435;378,412;442,342;295,554;326,549;334,541;334,541;334,541;334,541;334,541;368,467;378,412;528,329;553,263;
553,263;304,600;292,611;304,600;304,600;304,600;343,587;343,587;343,587;370,512;457,488;457,488;457,488;485,465;511,353;541,342;541,342;548,304;569,232;
292,611;457,488;457,488;457,488;485,465;511,353;541,342;541,342;548,304;569,232;353,610;399,572;434,558;434,558;434,558;434,558;434,558;450,530;492,420;495,388;499,385;507,377;541,342;564,273;
----Iteration 5----
140,253;142,178;27,438;-29,474;125,298;
113,484;113,484;113,484;113,484;113,484;113,484;113,484;113,484;113,484;226,359;226,359;226,359;226,359;226,359;219,397;226,359;226,359;226,359;226,359;263,20;313,15;
185,576;195,515;217,438;222,413;264,396;264,396;264,396;264,396;327,328;289,350;295,343;327,328;327,328;327,328;327,328;
185,576;36,589;141,578;278,558;278,558;297,526;348,509;348,509;348,509;348,509;348,509;348,509;348,509;357,467;
185,576;278,558;278,558;85,599;175,580;316,536;316,536;316,536;316,536;316,536;316,536;381,518;429,470;429,470;429,470;
278,558;278,558;316,536;316,536;316,536;316,536;316,536;316,536;381,518;208,616;226,604;265,591;316,536;436,504;436,504;436,504;436,504;436,504;
26,695;55,652;282,650;341,626;341,626;341,626;341,626;341,626;341,626;341,626;341,626;341,626;442,618;473,573;503,528;
282,650;442,618;473,573;503,528;-6,710;59,698;77,686;149,676;282,650;348,648;354,620;442,618;455,576;473,573;503,528;506,510;
442,618;473,573;503,528;-6,710;59,698;77,686;149,676;348,648;354,620;442,618;455,576;473,573;503,528;506,510;149,676;320,654;354,620;443,595;503,528;503,528;503,528;532,485;535,467;
442,618;473,573;503,528;-6,710;59,698;149,676;348,648;442,618;455,576;473,573;503,528;506,510;149,676;320,654;443,595;503,528;503,528;503,528;532,485;95,686;121,682;123,680;254,656;348,648;386,620;443,595;443,595;443,595;443,595;503,528;484,544;503,528;554,484;554,484;554,484;554,484;
442,618;473,573;503,528;149,676;348,648;442,618;455,576;473,573;503,528;149,676;320,654;443,595;503,528;503,528;503,528;532,485;121,682;123,680;254,656;348,648;386,620;443,595;443,595;443,595;443,595;503,528;484,544;503,528;554,484;554,484;554,484;554,484;60,719;92,704;107,694;164,666;348,648;386,620;443,595;477,552;477,552;477,552;503,528;525,527;
----Iteration 7----
186,107;80,234;-84,359;-83,321;2,299;68,279;101,229;
156,334;241,326;241,326;270,306;384,218;359,221;384,218;414,143;423,109;429,100;
156,334;241,326;241,326;106,375;128,374;128,374;337,309;511,286;552,237;
241,326;241,326;106,375;128,374;128,374;337,309;511,286;552,237;128,374;154,370;179,360;337,309;344,303;590,204;590,204;
241,326;241,326;511,286;552,237;154,370;179,360;590,204;590,204;77,408;43,422;138,401;214,346;252,318;252,318;277,313;377,311;
552,237;315,499;315,499;315,499;400,406;516,356;502,405;516,356;516,356;516,356;516,356;529,276;570,217;634,176;610,206;
315,499;315,499;315,499;516,356;502,405;516,356;516,356;516,356;516,356;634,176;610,206;171,592;256,589;312,552;399,489;399,489;437,461;432,476;432,476;474,411;502,405;510,397;546,307;556,266;571,223;610,206;
256,589;312,552;399,489;399,489;213,594;336,528;452,478;493,462;493,462;493,462;558,418;558,418;558,418;558,418;558,418;558,418;558,418;590,403;590,403;590,403;591,380;626,354;626,354;660,311;660,311;660,311;
256,589;312,552;213,594;452,478;493,462;493,462;493,462;558,418;558,418;558,418;558,418;558,418;558,418;558,418;590,403;590,403;590,403;591,380;626,354;626,354;328,548;430,495;416,544;452,478;493,462;504,459;504,459;520,428;520,428;590,403;626,354;644,342;662,330;
558,418;558,418;558,418;558,418;558,418;558,418;558,418;590,403;590,403;590,403;626,354;626,354;416,544;504,459;504,459;590,403;626,354;644,342;662,330;286,641;312,616;347,602;382,582;384,573;384,573;416,544;416,544;416,544;416,544;416,544;483,503;483,503;495,493;495,493;495,493;520,446;544,438;558,418;558,418;558,418;601,400;601,400;610,385;612,357;626,354;644,342;
504,459;504,459;662,330;286,641;312,616;347,602;382,582;384,573;384,573;495,493;495,493;495,493;520,446;610,385;292,617;401,554;434,548;460,523;489,521;494,500;546,442;546,442;603,423;610,385;645,382;654,348;
----Iteration 6----
57,284;98,213;27,306;169,103;-156,417;111,197;162,118;6,347;187,29;-142,353;
115,338;115,338;122,312;122,312;186,310;186,310;186,310;208,309;323,257;316,295;323,257;323,257;329,229;329,229;329,229;329,229;329,229;329,229;
81,381;287,356;319,329;334,313;334,313;334,313;334,313;334,313;334,313;334,313;334,313;344,289;344,289;352,281;352,281;352,281;352,281;352,281;
81,381;287,356;319,329;334,313;334,313;334,313;334,313;334,313;334,313;334,313;334,313;352,281;352,281;352,281;352,281;352,281;81,381;121,367;287,356;319,329;319,329;319,329;319,329;342,305;349,303;349,303;359,279;401,268;
359,279;401,268;221,402;246,390;269,377;326,363;358,315;359,279;
359,279;401,268;358,315;359,279;326,404;338,354;346,346;346,346;359,279;408,266;401,268;432,223;432,223;
326,404;184,429;346,371;380,328;458,271;458,271;473,257;473,257;473,257;473,257;
326,404;380,328;473,257;473,257;473,257;473,257;33,463;144,443;197,442;320,434;349,391;361,361;395,318;403,310;403,310;472,293;
196,484;372,476;416,448;466,443;466,443;466,443;466,443;466,443;466,443;474,435;474,435;568,367;602,304;599,322;602,304;606,284;
466,443;466,443;466,443;466,443;466,443;466,443;474,435;474,435;568,367;602,304;599,322;602,304;606,284;231,545;266,499;296,497;411,477;448,459;466,443;474,435;538,369;568,367;599,322;
466,443;466,443;466,443;466,443;466,443;466,443;474,435;474,435;568,367;602,304;599,322;602,304;606,284;231,545;266,499;296,497;411,477;448,459;466,443;474,435;538,369;568,367;599,322;231,545;185,554;231,545;474,435;504,392;519,382;538,369;568,367;
----Iteration 3----
93,236;133,116;-155,487;107,227;-36,386;167,114;79,249;213,8;12,312;
142,417;142,417;189,374;189,374;270,305;319,292;319,292;319,292;
142,417;142,417;263,402;394,327;
142,417;142,417;263,402;394,327;424,213;400,321;394,327;
142,417;142,417;263,402;269,352;269,352;269,352;464,226;417,326;431,294;412,345;412,345;412,345;412,345;412,345;
142,417;142,417;263,402;464,226;412,345;412,345;412,345;412,345;412,345;276,353;432,332;420,336;455,316;532,222;532,222;
263,402;412,345;412,345;412,345;412,345;412,345;432,332;420,336;455,316;532,222;532,222;129,444;204,417;285,356;505,246;583,218;
263,402;412,345;412,345;412,345;412,345;412,345;432,332;420,336;455,316;204,417;285,356;583,218;134,460;241,416;572,282;572,282;572,282;572,282;572,282;572,282;
263,402;412,345;412,345;412,345;412,345;412,345;432,332;420,336;204,417;134,460;241,416;572,282;572,282;572,282;572,282;572,282;572,282;39,485;65,481;108,464;134,460;241,416;305,358;572,282;557,325;601,236;
412,345;412,345;412,345;412,345;412,345;432,332;420,336;572,282;572,282;572,282;572,282;572,282;572,282;39,485;65,481;305,358;572,282;557,325;89,480;115,476;256,462;272,431;272,431;305,358;557,325;572,282;611,269;654,242;
412,345;412,345;412,345;412,345;412,345;432,332;420,336;39,485;65,481;305,358;557,325;256,462;305,358;557,325;611,269;654,242;239,480;281,434;286,390;305,358;541,327;581,285;577,286;581,285;581,285;654,242;680,217;
----Iteration 1----
78,210;120,163;13,397;150,74;
196,349;196,349;196,349;196,349;201,327;244,297;
196,349;196,349;196,349;196,349;201,327;244,297;289,262;
196,349;196,349;196,349;196,349;201,327;244,297;289,262;271,269;289,262;
196,349;196,349;196,349;196,349;201,327;244,297;289,262;271,269;289,262;-10,360;271,269;289,262;
196,349;196,349;196,349;196,349;34,394;63,351;63,351;63,351;63,351;63,351;256,341;281,307;281,307;281,307;281,307;281,307;309,301;309,301;309,301;327,289;327,289;339,278;
327,289;327,289;339,278;72,418;72,418;72,418;72,418;73,395;98,384;214,379;236,366;323,346;323,346;323,346;323,346;323,346;323,346;323,346;323,346;323,346;327,289;331,286;
72,418;72,418;72,418;72,418;323,346;323,346;323,346;323,346;323,346;323,346;323,346;323,346;323,346;72,418;136,406;308,367;283,401;289,381;315,354;315,354;364,296;350,314;350,314;350,314;
374,450;399,416;406,378;406,378;406,378;405,401;405,401;405,401;405,401;405,401;405,401;405,401;446,351;446,351;
374,450;399,416;406,378;406,378;406,378;405,401;405,401;405,401;405,401;405,401;405,401;405,401;152,467;98,510;374,450;405,401;449,373;449,373;490,323;526,313;526,313;526,313;
374,450;98,510;374,450;526,313;526,313;526,313;73,519;209,509;209,509;328,459;420,447;464,419;490,394;490,394;490,394;557,268;557,268;
----Iteration 4----
-69,285;181,160;-44,266;1,233;-135,433;31,172;25,211;0,263;-112,361;
-14,393;-14,393;-14,393;-14,393;-14,393;32,384;96,285;96,285;96,285;96,285;96,285;109,237;
42,430;45,387;45,387;62,334;171,306;171,306;171,306;
42,430;-6,465;87,408;92,367;92,367;165,363;165,363;165,363;165,363;165,363;185,340;185,340;185,340;185,340;185,340;
42,430;-6,465;87,408;165,363;165,363;165,363;165,363;165,363;185,340;185,340;185,340;185,340;185,340;-20,470;42,430;47,422;110,385;160,383;160,383;160,383;160,383;201,333;209,290;201,333;209,290;
-6,465;185,340;185,340;185,340;185,340;185,340;-20,470;201,333;201,333;-20,470;32,453;161,435;175,415;175,415;260,325;260,325;260,325;260,325;260,325;283,267;302,251;
161,435;175,415;175,415;283,267;62,507;96,464;147,441;175,415;216,365;273,329;342,260;342,260;342,260;
62,507;342,260;342,260;342,260;-9,572;19,537;33,517;62,507;62,507;114,482;176,477;204,471;247,390;219,396;266,363;296,349;312,330;331,314;443,235;
62,507;-9,572;19,537;33,517;62,507;62,507;204,471;247,390;443,235;199,497;199,497;204,471;228,421;282,375;282,375;335,350;382,307;416,264;416,264;459,198;435,248;
-9,572;443,235;282,375;282,375;335,350;382,307;416,264;416,264;459,198;435,248;-49,586;-9,572;167,544;206,531;220,482;225,441;261,432;261,432;261,432;301,359;399,296;401,291;391,298;413,282;466,160;
282,375;282,375;167,544;206,531;220,482;225,441;261,432;261,432;261,432;-47,602;16,598;41,567;41,567;140,551;206,531;206,531;220,482;220,482;275,412;348,370;348,370;463,308;438,319;412,323;438,319;438,319;438,319;438,319;467,273;507,192;
----Iteration 8----
-285,372;71,320;-299,429;-21,361;89,218;150,166;144,202;
90,274;90,274;90,274;90,274;112,240;112,240;112,240;112,240;112,240;112,240;112,240;138,236;205,199;263,181;
112,240;112,240;112,240;112,240;112,240;112,240;112,240;138,236;205,199;263,181;5,353;94,278;150,212;289,162;289,162;289,162;289,162;
268,366;268,366;268,366;268,366;333,345;393,333;393,333;393,333;441,229;441,229;441,229;
268,366;268,366;268,366;268,366;333,345;393,333;393,333;393,333;268,366;394,323;394,323;394,323;394,323;394,323;394,323;394,323;394,323;424,321;503,172;487,246;487,246;487,246;
268,366;268,366;268,366;268,366;333,345;393,333;393,333;393,333;268,366;487,246;487,246;487,246;296,359;317,357;427,329;457,327;457,327;457,327;457,327;457,327;457,327;457,327;457,327;457,327;457,327;457,327;457,327;623,245;
268,366;268,366;268,366;268,366;333,345;393,333;393,333;393,333;268,366;317,357;427,329;457,327;457,327;457,327;457,327;457,327;457,327;457,327;457,327;457,327;457,327;457,327;457,327;623,245;76,386;305,362;317,357;491,325;581,285;581,285;607,281;663,231;663,231;663,231;663,231;
333,345;623,245;305,362;491,325;581,285;581,285;607,281;663,231;663,231;663,231;663,231;274,388;317,358;321,348;431,333;461,331;461,331;461,331;503,292;581,285;701,198;689,209;689,209;
623,245;305,362;491,325;581,285;581,285;607,281;663,231;663,231;663,231;663,231;317,358;431,333;461,331;461,331;461,331;503,292;581,285;701,198;689,209;689,209;283,391;335,355;349,335;461,331;503,292;613,270;651,242;651,242;651,242;651,242;689,209;
491,325;607,281;431,333;461,331;461,331;461,331;689,209;689,209;283,391;461,331;613,270;689,209;292,385;306,365;418,361;461,331;518,300;613,270;604,285;667,263;743,202;717,206;743,202;743,202;743,202;743,202;743,202;743,202;743,202;
283,391;292,385;418,361;743,202;743,202;743,202;743,202;743,202;743,202;743,202;743,202;252,399;413,377;418,361;535,315;500,335;535,315;535,315;535,315;637,293;713,277;738,243;738,243;738,243;
----Iteration 9----
95,176;150,174;54,390;-312,424;73,260;171,-37;
52,457;71,441;99,435;186,422;225,409;295,400;
99,435;186,422;225,409;295,400;87,477;143,431;143,431;143,431;356,325;353,343;
186,422;225,409;295,400;143,431;143,431;143,431;87,493;87,493;87,493;87,493;99,461;113,454;143,431;332,383;360,377;379,345;
186,422;295,400;87,493;87,493;87,493;87,493;332,383;360,377;87,493;139,463;182,433;182,433;182,433;182,433;251,415;251,415;251,415;251,415;251,415;251,415;251,415;360,377;410,372;410,372;410,372;410,372;
186,422;87,493;87,493;87,493;87,493;87,493;139,463;182,433;182,433;182,433;182,433;410,372;410,372;410,372;410,372;95,477;139,463;182,433;409,409;401,417;
409,409;401,417;76,536;114,514;132,502;184,472;184,472;184,472;184,472;184,472;184,472;227,442;227,442;227,442;248,433;303,430;409,409;401,417;432,372;432,372;
409,409;401,417;409,409;401,417;432,372;432,372;118,575;156,553;211,542;211,542;211,542;211,542;235,492;284,483;312,477;312,477;312,477;312,477;409,409;401,417;418,392;
409,409;401,417;409,409;401,417;432,372;432,372;409,409;401,417;418,392;169,581;244,572;375,550;386,479;386,479;438,348;
409,409;401,417;409,409;401,417;432,372;432,372;409,409;401,417;418,392;375,550;386,479;386,479;438,348;176,615;137,633;163,629;205,590;257,585;257,585;257,585;257,585;275,573;375,550;375,550;375,550;381,483;
108,679;108,679;108,679;184,634;430,627;477,584;496,552;522,548;
