----Iteration 3----
x_Moead_Rfts=[462, -150, -149, -149, -9, 421, 456, 456, 456, 456, 456, 456, 456, 710, 745, -63, 74, 113, 583, 611, 638, 674, 700, 771, 771, 771]
y_Moead_Rfts=[1053, 1217, 1194, 1194, 1156, 1095, 1074, 1074, 1074, 1074, 1074, 1074, 1074, 817, 796, 1177, 1136, 1105, 1031, 998, 953, 946, 908, 758, 758, 758]
----Iteration 7----
x_Moead_Rfts=[-59, 629]
y_Moead_Rfts=[901, 847]
----Iteration 0----
x_Moead_Rfts=[201, 247, 772, 783, 783, 174, 201, 220, 262, 353, 353, 353, 565, 759, 759, 759, 786, 294, 346, 355, 551, 565, 595, 679, 759, 738, 815, 940, 967, 967]
y_Moead_Rfts=[926, 906, 665, 659, 659, 940, 926, 920, 898, 857, 857, 857, 782, 694, 694, 694, 627, 879, 860, 821, 819, 782, 777, 754, 694, 737, 625, 560, 530, 530]
----Iteration 4----
x_Moead_Rfts=[837, 634, 126, 140, 300, 599, 662, 687, 687, 687, 792, 928, 928]
y_Moead_Rfts=[810, 917, 1011, 998, 991, 942, 911, 889, 889, 889, 857, 809, 809]
----Iteration 5----
x_Moead_Rfts=[616, 616, 616, 616, 616, 616, 445, 481, 481, 359, 445, 481, 576, 576, 576, 576, 576, 576, 768, 818, 818, 818, 818, 818, 854]
y_Moead_Rfts=[737, 737, 737, 737, 737, 737, 797, 775, 775, 838, 797, 775, 766, 766, 766, 766, 766, 766, 730, 715, 715, 715, 715, 715, 623]
----Iteration 6----
x_Moead_Rfts=[567, 567, 567, 567, 783, 822]
y_Moead_Rfts=[817, 817, 817, 817, 741, 651]
----Iteration 1----
x_Moead_Rfts=[410, 600, 606, 645, 695, 736, 903, 903, 937, 903, 903, 1105]
y_Moead_Rfts=[784, 716, 708, 701, 684, 646, 623, 623, 583, 623, 623, 582]
----Iteration 2----
x_Moead_Rfts=[577, 577, 577, 577, 577, 577, 577, 577, 577, 577, 577, 603, 642, 642, 642, 642, 642]
y_Moead_Rfts=[1039, 1039, 1039, 1039, 1039, 1039, 1039, 1039, 1039, 1039, 1039, 996, 982, 982, 982, 982, 982]
----Iteration 8----
x_Moead_Rfts=[-197, 280, 376, 425, 411, 411, 411, 563, -227, 253, 280, 389, 475, 524, 553, 687, 637]
y_Moead_Rfts=[986, 923, 886, 841, 844, 844, 844, 634, 1006, 965, 923, 850, 821, 786, 743, 587, 631]
----Iteration 9----
x_Moead_Rfts=[599, 599, 599, 599, 571, 925, 231, 275, 359, 372, 465, 609, 609, 609, 713, 906, 965]
y_Moead_Rfts=[694, 694, 694, 694, 745, 588, 886, 878, 870, 816, 749, 683, 683, 683, 664, 619, 583]
----End of Run----
