----Iteration 5----
x_Moead_Rfts=[1061, 1583, 1587, 1587, 1587, 1587, 1657, 1673, 1697, 1697, 1698]
y_Moead_Rfts=[603, 600, 555, 555, 555, 555, 464, 417, 395, 395, 386]
----Iteration 3----
x_Moead_Rfts=[1853, 1996, 2067, 1234, 1964, 1964, 1996, 2071, 2067, 2087]
y_Moead_Rfts=[481, 425, 413, 482, 447, 447, 425, 405, 413, 375]
----Iteration 2----
x_Moead_Rfts=[1869, 1869, 1840, 1829, 1835, 1886, 1886, 1812, 1812, 1812, 1812, 1812, 1812, 1812, 1828, 1828, 1828, 1828, 1835, 1886, 1869, 1888]
y_Moead_Rfts=[277, 277, 283, 414, 300, 248, 248, 590, 590, 590, 590, 590, 590, 590, 540, 540, 540, 540, 300, 248, 277, 232]
----Iteration 6----
x_Moead_Rfts=[1853, 1836, 1847, 1355, 1389, 1853, 1943]
y_Moead_Rfts=[761, 780, 769, 824, 800, 761, 736]
----Iteration 7----
x_Moead_Rfts=[1310, 1310, 1506, 1549, 1549, 1549, 1549, 1310, 1606, 1234, 1234, 1588, 1643]
y_Moead_Rfts=[686, 686, 679, 639, 639, 639, 639, 686, 613, 793, 793, 614, 609]
----Iteration 4----
x_Moead_Rfts=[1190, 1205, 1551, 1637, 1654, 1670]
y_Moead_Rfts=[421, 411, 298, 290, 275, 257]
----Iteration 0----
x_Moead_Rfts=[1539, 1735, 1735, 1369, 1439, 1727, 1715, 1758, 1189, 1211, 1369, 1332, 1369, 1369, 1435, 1698, 1715, 1735, 1768, 1799, 1764, 1790, 1806]
y_Moead_Rfts=[432, 341, 341, 509, 436, 350, 400, 335, 711, 680, 509, 537, 509, 509, 455, 419, 400, 341, 307, 266, 308, 277, 249]
----Iteration 1----
x_Moead_Rfts=[1534, 1848, 1871, 1890, 1534, 1928, 1928, 1928, 1928, 1928, 1928, 1928, 1928]
y_Moead_Rfts=[504, 479, 447, 416, 504, 399, 399, 399, 399, 399, 399, 399, 399]
----Iteration 9----
x_Moead_Rfts=[1890, 1944, 1944, 1944, 1944, 1944, 1944, 1746, 1890, 1155, 1155, 1480, 1491, 1789, 1761, 1783, 1789, 1789, 1789, 1884, 1860, 1912, 1912, 1957, 2029, 2003]
y_Moead_Rfts=[250, 154, 154, 154, 154, 154, 154, 466, 250, 563, 563, 519, 507, 333, 343, 334, 333, 333, 333, 265, 266, 241, 241, 152, 117, 133]
----Iteration 8----
x_Moead_Rfts=[1565, 1760, 2000, 2044, 2056, 2067, 2091, 2138, 2178, 2178, 2178]
y_Moead_Rfts=[742, 721, 714, 709, 699, 659, 635, 589, 519, 519, 519]
----End of Run----
