----Iteration 3----
duplicated=32.0,24.0,31.0,21.0,29.0,21.0,29.0,17.0,29.0,30.0
mean_error=118.31,73.16,60.42,57.0,44.83,51.59,70.9,48.41,59.71,51.03
memory=193.96875,205.1953125,210.55078125,217.10546875,220.6015625,223.70703125,226.16015625,229.11328125,232.53515625,234.26953125
time=23.21944236755371,23.91787838935852,25.04882049560547,24.48204207420349,23.120616912841797,23.4164879322052,30.014801025390625,20.918624877929688,27.481061458587646,28.210131645202637
----Iteration 7----
duplicated=32.0,30.0,24.0,10.0,18.0,25.0,19.0,15.0,23.0,24.0
mean_error=113.69,73.62,56.82,46.64,49.9,57.68,43.57,42.64,48.89,52.71
memory=193.203125,206.8671875,212.48828125,217.5859375,221.48046875,223.98828125,226.90625,229.86328125,233.08984375,234.515625
time=23.0154972076416,28.78727674484253,28.69602680206299,21.00366234779358,23.526061058044434,26.690919876098633,25.839328050613403,21.324384450912476,27.31072163581848,26.82697582244873
----Iteration 0----
duplicated=34.0,30.0,28.0,35.0,30.0,23.0,22.0,20.0,20.0,13.0
mean_error=147.88,59.94,51.08,67.02,48.93,49.07,42.84,54.66,44.74,42.46
memory=195.29296875,205.76953125,212.6484375,218.9296875,222.796875,225.40625,227.4765625,230.7578125,233.08984375,236.05859375
time=23.91989278793335,25.037688970565796,32.16853928565979,25.780713319778442,28.96398162841797,24.416641235351562,22.569158792495728,27.696456909179688,22.374387979507446,33.23892664909363
----Iteration 4----
duplicated=31.0,23.0,23.0,27.0,29.0,15.0,19.0,19.0,26.0,16.0
mean_error=160.62,72.94,42.93,47.38,58.44,53.56,73.28,44.15,39.31,36.71
memory=196.140625,205.796875,213.76953125,218.765625,221.51171875,224.765625,227.01953125,230.6484375,233.2890625,236.453125
time=24.267719745635986,24.090654611587524,34.31050181388855,22.857584953308105,25.53945517539978,21.64433479309082,24.379005908966064,26.780864000320435,35.5217010974884,29.97418236732483
----Iteration 5----
duplicated=34.0,16.0,24.0,31.0,21.0,24.0,18.0,22.0,19.0,23.0
mean_error=134.39,39.44,47.32,67.05,40.99,47.89,40.91,51.72,47.2,47.26
memory=196.734375,205.99609375,211.23828125,218.84375,222.91796875,225.6171875,228.9140625,232.296875,233.51171875,236.5859375
time=25.081143379211426,24.220276355743408,26.99584460258484,29.558496236801147,31.509368896484375,27.60210108757019,30.091179609298706,23.129119396209717,24.079964637756348,27.694714784622192
----Iteration 6----
duplicated=39.0,34.0,16.0,18.0,21.0,24.0,16.0,16.0,23.0,16.0
mean_error=103.77,70.89,41.89,36.61,44.71,58.47,36.58,36.84,41.13,45.42
memory=200.9765625,208.625,215.48046875,219.3671875,223.13671875,225.62890625,229.73828125,233.140625,234.34765625,237.24609375
time=28.93493890762329,29.404788732528687,28.345574617385864,22.716214418411255,30.128284692764282,25.857380867004395,32.44762825965881,26.491007804870605,27.6768581867218,21.299630880355835
----Iteration 1----
duplicated=33.0,36.0,17.0,22.0,24.0,21.0,28.0,26.0,24.0,33.0
mean_error=156.13,63.52,39.42,43.15,46.53,40.29,128.4,55.67,46.46,68.09
memory=195.734375,207.0390625,213.6015625,220.34765625,223.421875,226.5390625,230.0,233.00390625,234.65625,237.0078125
time=24.26393437385559,29.1729576587677,29.22903347015381,29.628987312316895,29.47824478149414,32.69473338127136,23.90336847305298,25.779459953308105,32.488335609436035,21.491041898727417
----Iteration 2----
duplicated=32.0,24.0,18.0,27.0,25.0,27.0,30.0,27.0,25.0,18.0
mean_error=149.37,40.11,43.06,63.36,54.81,73.82,62.59,60.84,46.77,59.27
memory=198.64453125,207.5234375,214.07421875,219.8125,223.734375,226.734375,230.5859375,233.36328125,236.68359375,237.203125
time=25.878432273864746,29.32811975479126,28.260035514831543,28.38008403778076,31.668721199035645,31.67313289642334,28.639676809310913,31.72414207458496,34.66562080383301,10.892775774002075
----Iteration 8----
duplicated=35.0,33.0,20.0,17.0,23.0,18.0,17.0,26.0,21.0,22.0
mean_error=108.87,71.67,43.94,45.38,50.9,41.91,53.82,50.09,66.82,54.27
memory=237.03515625,237.0625,237.08203125,237.375,237.375,237.2890625,237.3515625,237.34765625,237.35546875,237.3515625
time=21.76239514350891,8.275577545166016,6.067739725112915,6.518864631652832,5.995014667510986,6.419933795928955,5.315324306488037,7.044157028198242,6.939329385757446,6.13360857963562
----Iteration 9----
duplicated=33.0,28.0,11.0,36.0,25.0,29.0,24.0,29.0,19.0,14.0
mean_error=118.47,82.05,45.56,53.86,56.0,67.7,48.29,62.19,50.17,52.02
memory=237.10546875,237.078125,237.0,237.37890625,237.34765625,237.28125,237.3515625,237.3984375,237.421875,237.359375
time=19.40639019012451,8.143417358398438,5.0901782512664795,7.707659959793091,7.3187925815582275,7.06656813621521,7.689389228820801,6.3990478515625,6.569851398468018,3.107442855834961
