----Iteration 0----
x_Moead_Rfts=[408, 404, 404, 408, 432, 475, 475, 475, 475, 475, 475, 57, 71, 71, 408, 408, 408, 432, 464, 464, 509, 538, 71, 118, 192, 338, 338, 356, 408, 418, 432, 475, 509]
y_Moead_Rfts=[323, 371, 371, 323, 273, 255, 255, 255, 255, 255, 255, 552, 532, 532, 323, 323, 323, 273, 258, 258, 212, 169, 532, 518, 506, 469, 469, 414, 323, 293, 273, 255, 212]
----Iteration 2----
x_Moead_Rfts=[292, 457, 457, 457, 485, 511, 541, 541, 548, 569, 353, 399, 434, 434, 434, 434, 434, 450, 492, 495, 499, 507, 541, 564]
y_Moead_Rfts=[611, 488, 488, 488, 465, 353, 342, 342, 304, 232, 610, 572, 558, 558, 558, 558, 558, 530, 420, 388, 385, 377, 342, 273]
----Iteration 5----
x_Moead_Rfts=[442, 473, 503, 149, 348, 442, 455, 473, 503, 149, 320, 443, 503, 503, 503, 532, 121, 123, 254, 348, 386, 443, 443, 443, 443, 503, 484, 503, 554, 554, 554, 554, 60, 92, 107, 164, 348, 386, 443, 477, 477, 477, 503, 525]
y_Moead_Rfts=[618, 573, 528, 676, 648, 618, 576, 573, 528, 676, 654, 595, 528, 528, 528, 485, 682, 680, 656, 648, 620, 595, 595, 595, 595, 528, 544, 528, 484, 484, 484, 484, 719, 704, 694, 666, 648, 620, 595, 552, 552, 552, 528, 527]
----Iteration 7----
x_Moead_Rfts=[504, 504, 662, 286, 312, 347, 382, 384, 384, 495, 495, 495, 520, 610, 292, 401, 434, 460, 489, 494, 546, 546, 603, 610, 645, 654]
y_Moead_Rfts=[459, 459, 330, 641, 616, 602, 582, 573, 573, 493, 493, 493, 446, 385, 617, 554, 548, 523, 521, 500, 442, 442, 423, 385, 382, 348]
----Iteration 6----
x_Moead_Rfts=[466, 466, 466, 466, 466, 466, 474, 474, 568, 602, 599, 602, 606, 231, 266, 296, 411, 448, 466, 474, 538, 568, 599, 231, 185, 231, 474, 504, 519, 538, 568]
y_Moead_Rfts=[443, 443, 443, 443, 443, 443, 435, 435, 367, 304, 322, 304, 284, 545, 499, 497, 477, 459, 443, 435, 369, 367, 322, 545, 554, 545, 435, 392, 382, 369, 367]
----Iteration 3----
x_Moead_Rfts=[412, 412, 412, 412, 412, 432, 420, 39, 65, 305, 557, 256, 305, 557, 611, 654, 239, 281, 286, 305, 541, 581, 577, 581, 581, 654, 680]
y_Moead_Rfts=[345, 345, 345, 345, 345, 332, 336, 485, 481, 358, 325, 462, 358, 325, 269, 242, 480, 434, 390, 358, 327, 285, 286, 285, 285, 242, 217]
----Iteration 1----
x_Moead_Rfts=[374, 98, 374, 526, 526, 526, 73, 209, 209, 328, 420, 464, 490, 490, 490, 557, 557]
y_Moead_Rfts=[450, 510, 450, 313, 313, 313, 519, 509, 509, 459, 447, 419, 394, 394, 394, 268, 268]
----Iteration 4----
x_Moead_Rfts=[282, 282, 167, 206, 220, 225, 261, 261, 261, -47, 16, 41, 41, 140, 206, 206, 220, 220, 275, 348, 348, 463, 438, 412, 438, 438, 438, 438, 467, 507]
y_Moead_Rfts=[375, 375, 544, 531, 482, 441, 432, 432, 432, 602, 598, 567, 567, 551, 531, 531, 482, 482, 412, 370, 370, 308, 319, 323, 319, 319, 319, 319, 273, 192]
----Iteration 8----
x_Moead_Rfts=[283, 292, 418, 743, 743, 743, 743, 743, 743, 743, 743, 252, 413, 418, 535, 500, 535, 535, 535, 637, 713, 738, 738, 738]
y_Moead_Rfts=[391, 385, 361, 202, 202, 202, 202, 202, 202, 202, 202, 399, 377, 361, 315, 335, 315, 315, 315, 293, 277, 243, 243, 243]
----Iteration 9----
x_Moead_Rfts=[108, 108, 108, 184, 430, 477, 496, 522]
y_Moead_Rfts=[679, 679, 679, 634, 627, 584, 552, 548]
----End of Run----
