----Iteration 3----
316,364;-497,649;-363,571;271,432;-199,492;
-133,728;-126,689;-48,632;-90,660;-48,632;-48,632;-90,660;-90,660;-30,443;-26,423;-26,423;8,138;25,91;
-95,904;-84,871;-26,713;-26,713;-26,713;-26,713;-26,713;-12,676;-26,713;-26,713;142,307;142,307;142,307;
-95,904;-63,902;-55,887;-55,887;-55,887;-55,887;-55,887;-55,887;-55,887;-28,862;-25,844;-18,763;84,721;119,700;297,640;
-55,887;-55,887;-55,887;-55,887;-55,887;-55,887;-55,887;-28,862;-25,844;-18,763;84,721;119,700;297,640;-106,1109;-70,1085;-70,1085;-70,1085;-70,1085;-70,1085;-62,1070;-18,763;174,654;353,592;377,548;404,539;
84,721;119,700;297,640;-106,1109;-70,1085;-70,1085;-70,1085;-70,1085;-70,1085;-62,1070;353,592;377,548;404,539;-70,1085;-36,1044;-2,1032;32,988;32,988;41,940;49,811;244,686;271,677;353,592;358,556;400,546;
-106,1109;-70,1085;-70,1085;-70,1085;-70,1085;-70,1085;-62,1070;404,539;-70,1085;-2,1032;-70,1085;-20,1061;-19,1038;-19,1038;86,1026;113,1003;113,1003;121,872;135,834;225,759;267,741;267,741;328,729;400,638;368,657;400,638;400,638;400,638;400,638;418,460;
-106,1109;-70,1085;-70,1085;-70,1085;-70,1085;-70,1085;-62,1070;-70,1085;-70,1085;-20,1061;-165,1146;-154,1144;-71,1108;-55,1062;88,1052;158,1044;162,1004;162,1004;296,991;377,961;377,961;450,640;541,525;526,544;561,523;
-154,1144;541,525;526,544;561,523;-166,1169;-159,1161;-71,1142;-20,1092;398,1077;449,1070;462,1053;469,607;526,544;603,463;574,506;
462,1053;-150,1217;-149,1194;-149,1194;-9,1156;19,1113;77,1098;421,1095;456,1074;456,1074;467,1031;456,1074;456,1074;456,1074;456,1074;456,1074;533,995;561,962;597,955;710,817;745,796;
462,1053;-150,1217;-149,1194;-149,1194;-9,1156;421,1095;456,1074;456,1074;456,1074;456,1074;456,1074;456,1074;456,1074;710,817;745,796;-63,1177;74,1136;113,1105;583,1031;611,998;638,953;674,946;700,908;771,758;771,758;771,758;
----Iteration 7----
51,337;68,213;232,174;289,-207;-32,541;86,181;
-405,598;-405,598;-32,541;-25,343;216,245;206,287;206,287;206,287;296,195;315,163;276,204;296,195;315,163;
-341,639;-56,543;43,542;113,518;143,450;143,450;143,450;143,450;143,450;291,371;291,371;291,371;291,371;412,275;391,284;412,275;412,275;412,275;
-341,639;-341,639;-337,590;-28,581;69,562;119,545;249,536;282,482;314,416;308,432;331,387;314,416;383,309;430,300;440,235;
-341,639;-341,639;119,545;249,536;282,482;-341,639;-279,632;102,589;119,545;253,514;370,450;370,450;370,450;370,450;374,395;382,369;483,331;
249,536;102,589;253,514;-231,745;38,660;38,660;38,660;45,648;102,589;127,572;130,557;196,537;253,514;249,536;342,511;392,500;392,500;392,500;406,463;406,463;440,423;440,423;461,392;530,384;
-118,817;73,736;117,717;231,615;502,610;502,610;530,427;
-118,817;-118,817;-89,813;118,755;120,722;168,687;509,629;509,629;509,629;543,572;543,572;567,479;
-118,817;-118,817;-89,813;118,755;-89,813;53,805;118,755;571,685;560,728;560,728;560,728;560,728;
50,833;101,817;565,761;613,759;613,759;613,759;613,759;
-59,901;629,847;
----Iteration 0----
218,331;-215,479;-257,567;15,395;
104,619;104,619;104,619;145,612;238,520;298,509;
298,509;272,692;272,692;272,692;272,692;272,692;339,485;398,434;
272,692;272,692;272,692;272,692;272,692;-42,749;194,731;272,692;320,657;320,657;320,657;320,657;341,532;383,510;478,465;505,435;
246,771;260,734;429,727;484,722;577,614;577,614;577,614;610,493;
246,771;260,734;429,727;484,722;260,734;538,703;597,635;597,635;597,635;597,635;597,635;631,536;670,495;
246,771;429,727;484,722;538,703;0,786;39,779;366,742;604,648;708,632;747,591;747,591;
246,771;429,727;484,722;538,703;366,742;604,648;708,632;70,856;78,841;109,821;322,749;315,752;420,737;770,601;770,601;770,601;770,601;770,601;788,569;749,610;802,544;
315,752;420,737;788,569;802,544;201,926;247,906;279,860;304,846;346,750;399,742;722,693;683,734;722,693;772,665;783,659;783,659;889,381;850,422;
201,926;247,906;279,860;683,734;772,665;783,659;783,659;889,381;174,940;201,926;220,920;262,898;279,860;353,857;353,857;353,857;459,790;565,782;759,694;759,694;759,694;786,627;807,618;807,618;811,592;811,592;811,592;862,411;860,455;
201,926;247,906;772,665;783,659;783,659;174,940;201,926;220,920;262,898;353,857;353,857;353,857;565,782;759,694;759,694;759,694;786,627;294,879;346,860;355,821;551,819;565,782;595,777;679,754;759,694;738,737;815,625;940,560;967,530;967,530;
----Iteration 4----
-52,378;-151,518;262,307;64,370;276,151;
184,425;216,424;216,424;216,424;120,667;120,667;120,667;120,667;120,667;175,632;175,632;175,632;217,417;548,87;548,87;548,87;548,87;548,87;548,87;548,87;548,87;548,87;548,87;
272,833;272,833;356,827;573,153;632,148;
356,827;353,842;539,595;539,595;698,167;643,191;739,129;
356,827;353,842;739,129;-76,850;9,845;357,803;357,803;357,803;357,803;452,786;456,760;547,602;729,209;
356,827;353,842;9,845;357,803;357,803;357,803;357,803;452,786;456,760;-25,877;9,845;460,711;481,683;608,657;770,605;749,633;
356,827;353,842;452,786;456,760;-84,947;47,924;91,893;381,825;416,797;465,730;544,720;571,692;759,666;759,666;771,633;
353,842;47,924;-29,952;47,924;313,903;508,834;646,826;646,826;646,826;646,826;646,826;646,826;696,806;814,679;804,733;
313,903;5,971;56,967;132,925;612,866;659,849;709,829;788,814;837,810;
709,829;788,814;837,810;100,974;128,951;291,948;322,939;634,917;661,877;661,877;661,877;692,834;692,834;897,772;882,804;887,782;
837,810;634,917;126,1011;140,998;300,991;599,942;662,911;687,889;687,889;687,889;792,857;928,809;928,809;
----Iteration 5----
115,270;160,208;387,27;76,479;-178,663;
-44,684;-51,687;-51,687;-51,687;-51,687;-51,687;-51,687;537,376;472,478;
-44,684;-51,687;-51,687;-51,687;-51,687;-51,687;-51,687;472,478;-21,643;-21,643;-21,643;-21,643;23,634;557,387;531,405;557,387;557,387;557,387;557,387;
-44,684;-51,687;-51,687;-51,687;-51,687;-51,687;-51,687;472,478;-21,643;-21,643;-21,643;-21,643;23,634;557,387;531,405;557,387;557,387;557,387;557,387;-106,725;-106,725;-21,643;23,634;63,628;122,612;440,488;557,387;531,405;539,404;
472,478;557,387;531,405;557,387;557,387;557,387;557,387;557,387;531,405;539,404;378,739;466,506;466,506;531,405;520,448;
378,739;466,506;466,506;70,745;120,742;164,740;395,708;436,617;439,515;579,488;
378,739;395,708;172,779;410,660;478,659;478,659;489,626;492,620;528,613;528,613;577,590;603,517;651,482;
378,739;651,482;130,781;174,779;258,771;567,729;619,625;619,625;619,625;619,625;619,625;
167,818;320,800;434,786;469,765;469,765;469,765;469,765;616,737;616,737;616,737;616,737;616,737;616,737;629,716;677,681;744,525;709,546;744,525;744,525;744,525;744,525;
616,737;616,737;616,737;616,737;616,737;616,737;629,716;677,681;302,821;332,810;445,797;481,775;481,775;518,739;518,739;518,739;518,739;719,631;684,652;719,631;719,631;767,545;740,554;767,545;
616,737;616,737;616,737;616,737;616,737;616,737;445,797;481,775;481,775;359,838;445,797;481,775;576,766;576,766;576,766;576,766;576,766;576,766;768,730;818,715;818,715;818,715;818,715;818,715;854,623;
----Iteration 6----
272,265;189,636;
234,631;391,450;494,423;494,423;494,423;
234,631;316,562;322,537;322,537;322,537;507,522;507,522;507,522;538,502;538,502;590,421;590,421;
316,562;322,537;322,537;322,537;507,522;507,522;507,522;538,502;538,502;590,421;590,421;267,707;314,604;322,537;361,531;361,531;507,522;538,502;590,421;617,379;617,379;
507,522;507,522;507,522;538,502;538,502;590,421;590,421;267,707;314,604;507,522;538,502;590,421;617,379;617,379;314,604;356,567;466,546;507,522;538,502;588,474;588,474;588,474;588,474;588,474;
267,707;466,546;364,630;395,610;434,604;437,589;437,589;437,589;437,589;437,589;466,546;503,542;508,526;539,506;539,506;547,498;688,495;706,478;
299,729;559,647;589,642;600,611;631,591;631,591;631,591;631,591;631,591;710,569;
631,591;631,591;631,591;631,591;631,591;710,569;437,733;600,666;684,576;710,569;728,552;
710,569;600,666;684,576;710,569;728,552;331,765;331,765;428,749;445,740;500,732;600,666;611,635;649,602;684,576;710,569;
600,666;500,732;600,666;313,801;352,795;389,784;419,779;481,764;500,732;534,729;556,717;600,666;600,666;600,666;666,652;700,640;700,640;751,631;787,557;787,557;787,557;
567,817;567,817;567,817;567,817;783,741;822,651;
----Iteration 1----
-273,547;327,19;147,391;-117,495;574,-19;222,282;-610,696;285,138;8,470;-258,509;-321,655;
499,204;499,204;524,182;483,277;
483,277;162,493;212,473;370,330;359,378;459,318;459,318;459,318;459,318;459,318;515,231;559,222;576,193;
162,493;212,473;359,378;576,193;223,438;483,344;570,256;570,256;557,277;570,256;570,256;570,256;
162,493;212,473;223,438;483,344;570,256;570,256;557,277;570,256;570,256;570,256;361,391;397,379;478,368;509,315;606,244;570,256;
162,493;212,473;223,438;361,391;478,368;447,388;470,383;478,368;503,346;519,334;519,334;599,328;698,310;
162,493;212,473;223,438;361,391;478,368;447,388;470,383;478,368;503,346;519,334;519,334;599,328;698,310;214,443;478,368;519,334;704,285;677,315;748,282;720,284;775,265;775,265;
554,549;604,529;604,529;604,529;604,529;604,529;554,549;554,549;554,549;554,549;554,549;554,549;733,524;739,486;949,379;949,379;949,379;949,379;949,379;
758,579;799,541;824,519;870,422;1038,380;1034,414;
758,579;799,541;824,519;397,703;494,666;672,602;1071,486;1088,439;
410,784;600,716;606,708;645,701;695,684;736,646;903,623;903,623;937,583;903,623;903,623;1105,582;
----Iteration 2----
160,464;325,1;154,480;244,364;299,224;32,612;
265,678;265,678;265,678;265,678;265,678;
293,697;309,689;309,689;309,689;309,689;309,689;309,689;
-31,723;267,711;337,708;337,708;337,708;337,708;337,708;337,708;337,708;337,708;337,708;
-157,876;-131,858;267,755;366,742;405,728;
26,951;303,833;324,767;451,766;
26,951;26,951;272,940;309,935;318,919;322,897;418,884;446,865;488,825;
496,1005;496,1005;496,1005;524,954;524,954;524,954;523,959;
496,1005;496,1005;496,1005;61,1021;263,1008;513,992;579,955;552,972;552,972;552,972;585,850;
496,1005;496,1005;496,1005;513,992;290,1025;322,1010;513,992;574,972;574,972;574,972;574,972;601,955;617,878;
577,1039;577,1039;577,1039;577,1039;577,1039;577,1039;577,1039;577,1039;577,1039;577,1039;577,1039;603,996;642,982;642,982;642,982;642,982;642,982;
----Iteration 8----
169,499;172,63;78,693;
22,513;21,557;10,590;-1,638;10,590;10,590;10,590;10,590;10,590;10,590;
-92,686;-92,686;-92,686;129,682;144,636;
129,682;-325,738;-373,785;-281,719;-267,705;-267,705;-267,705;-267,705;-71,692;129,682;171,640;219,630;254,595;254,595;254,595;254,595;
129,682;-373,785;129,682;254,595;254,595;254,595;254,595;-373,785;-52,759;-39,738;156,656;219,652;219,652;219,652;219,652;219,652;219,652;219,652;
-285,810;-312,840;-285,810;-21,798;16,752;16,752;16,752;16,752;16,752;229,703;261,671;272,623;272,623;272,623;281,607;
272,623;272,623;272,623;281,607;-316,889;-279,867;28,842;28,842;28,842;28,842;28,842;51,804;203,739;225,729;237,705;269,673;269,673;339,581;
225,729;237,705;-197,986;-35,884;37,874;204,772;200,858;204,772;220,755;302,688;325,639;352,616;
-197,986;220,755;302,688;352,616;-76,919;111,884;206,877;206,877;207,861;216,841;220,755;302,688;276,734;406,587;328,646;406,587;406,587;458,550;416,572;458,550;
-197,986;280,923;376,886;425,841;411,844;411,844;460,809;411,844;563,634;590,563;624,551;
-197,986;280,923;376,886;425,841;411,844;411,844;411,844;563,634;-227,1006;253,965;280,923;389,850;475,821;524,786;553,743;687,587;637,631;
----Iteration 9----
188,307;102,633;307,7;116,317;
58,561;58,561;58,561;58,561;58,561;58,561;58,561;58,561;92,465;168,203;310,121;
226,605;232,556;418,250;496,169;523,146;
226,605;232,556;496,169;523,146;313,529;394,466;457,305;562,139;562,139;562,139;562,139;562,139;
226,605;232,556;457,305;372,529;427,497;487,269;514,256;695,250;727,210;
226,605;419,564;419,564;461,544;503,470;687,272;666,281;801,256;
503,470;687,272;666,281;415,726;415,726;415,726;464,591;464,591;464,591;464,591;464,591;522,355;564,313;666,281;828,264;
415,726;415,726;415,726;828,264;422,722;509,711;547,609;558,566;582,474;583,449;685,360;706,351;716,283;737,270;828,264;865,215;
154,817;215,800;372,742;515,732;515,732;515,732;563,706;599,694;599,694;599,694;599,694;609,589;849,530;874,395;885,384;911,346;
599,694;599,694;599,694;599,694;173,842;208,832;253,817;297,809;571,745;609,652;609,652;609,652;609,652;609,652;609,652;609,652;925,588;940,577;
599,694;599,694;599,694;599,694;571,745;925,588;231,886;275,878;359,870;372,816;465,749;609,683;609,683;609,683;713,664;906,619;965,583;
