----Iteration 5----
duplicated=24.0,21.0,33.0,29.0,28.0,33.0,23.0,25.0,13.0,23.0
mean_error=149.67,50.35,62.99,79.94,76.63,88.56,59.99,65.79,44.19,51.73
memory=210.63671875,237.12109375,248.60546875,259.55859375,264.05078125,266.68359375,270.6640625,274.82421875,278.78515625,280.08984375
time=28.755157709121704,37.28761672973633,47.22330713272095,42.70448851585388,34.77165389060974,41.706852197647095,37.702537298202515,51.488245487213135,55.40405464172363,32.14245820045471
----Iteration 3----
duplicated=26.0,18.0,26.0,25.0,25.0,31.0,19.0,15.0,20.0,17.0
mean_error=136.02,74.03,86.12,58.37,69.3,108.26,54.31,62.9,67.34,50.29
memory=213.8046875,235.34375,248.5703125,259.5546875,265.31640625,268.05078125,270.671875,275.29296875,278.4921875,280.3984375
time=32.68858504295349,32.611079692840576,47.46138954162598,43.917646169662476,39.97644066810608,50.101826190948486,31.613415479660034,45.63985466957092,45.46233582496643,43.44728636741638
----Iteration 2----
duplicated=30.0,30.0,26.0,23.0,32.0,20.0,15.0,22.0,32.0,33.0
mean_error=203.66,67.29,63.83,60.79,55.21,65.09,50.57,63.28,70.75,114.25
memory=219.9375,239.1953125,252.27734375,260.97265625,266.1953125,268.1171875,271.7109375,275.85546875,278.796875,280.6640625
time=36.04983425140381,40.99810528755188,42.68101978302002,39.00291323661804,47.01072549819946,41.401026487350464,35.08812236785889,48.332162618637085,48.32681632041931,35.41339302062988
----Iteration 6----
duplicated=36.0,33.0,15.0,36.0,30.0,22.0,33.0,30.0,28.0,21.0
mean_error=270.51,73.12,46.74,87.87,53.67,54.02,59.22,58.21,49.1,50.29
memory=221.17578125,239.53125,251.171875,261.58203125,265.98828125,267.4765625,271.83984375,276.1171875,278.9609375,280.61328125
time=36.083364486694336,41.9713134765625,39.109978914260864,45.277812480926514,40.41920828819275,37.44231963157654,43.283812522888184,49.24023628234863,43.62443971633911,39.727221965789795
----Iteration 7----
duplicated=36.0,22.0,31.0,31.0,31.0,20.0,26.0,24.0,11.0,17.0
mean_error=197.39,63.3,84.07,69.86,93.07,50.17,82.98,60.75,43.82,51.52
memory=224.37109375,239.0234375,254.06640625,262.67578125,266.2890625,268.83203125,273.265625,276.3203125,278.78125,280.97265625
time=39.14166593551636,37.67241287231445,45.88524127006531,42.614628076553345,41.578890562057495,45.21352028846741,39.53503775596619,43.54561138153076,45.22909474372864,38.3483784198761
----Iteration 4----
duplicated=32.0,27.0,19.0,18.0,19.0,19.0,18.0,30.0,14.0,19.0
mean_error=175.61,65.55,55.13,56.88,55.81,64.06,49.03,76.85,51.62,57.82
memory=223.125,239.84375,253.69921875,261.24609375,266.05078125,268.6640625,273.80078125,276.0625,279.0078125,281.28515625
time=39.08003759384155,40.765888929367065,42.26462173461914,41.638545513153076,41.99970769882202,44.197267055511475,45.56084084510803,41.51179623603821,47.37567210197449,35.16600584983826
----Iteration 0----
duplicated=35.0,28.0,29.0,35.0,34.0,26.0,17.0,27.0,16.0,22.0
mean_error=125.55,64.69,82.8,71.45,94.34,48.71,54.13,51.62,51.19,56.37
memory=218.890625,237.625,250.4765625,261.578125,265.8515625,269.53515625,274.375,277.52734375,279.41015625,279.0078125
time=35.582043170928955,34.75543546676636,44.9957594871521,45.73267412185669,40.194231271743774,54.60123562812805,51.12147545814514,55.99745059013367,39.99951910972595,24.983320951461792
----Iteration 1----
duplicated=32.0,31.0,18.0,23.0,25.0,18.0,38.0,26.0,25.0,16.0
mean_error=163.45,66.18,53.12,59.84,67.04,58.08,97.13,72.05,58.16,53.03
memory=221.6328125,240.3828125,254.78515625,261.60546875,266.203125,268.92578125,274.234375,276.9765625,279.67578125,278.92578125
time=37.15613389015198,44.422574281692505,42.59816598892212,37.66538906097412,45.43876624107361,43.970134019851685,54.64248442649841,48.36631894111633,49.545352935791016,24.670039415359497
----Iteration 9----
duplicated=21.0,25.0,21.0,30.0,17.0,19.0,20.0,22.0,19.0,17.0
mean_error=188.92,60.49,57.19,65.18,59.58,52.21,57.56,64.96,73.55,52.77
memory=278.90625,278.9140625,278.8671875,278.94140625,278.90625,279.1328125,279.5,280.0390625,280.4296875,280.4140625
time=11.565091848373413,9.791595458984375,9.679872989654541,10.095579624176025,10.032604694366455,9.530738353729248,9.718005180358887,9.278119325637817,8.120483160018921,6.699764251708984
----Iteration 8----
duplicated=30.0,32.0,32.0,29.0,31.0,15.0,26.0,20.0,29.0,36.0
mean_error=210.96,103.32,121.84,57.4,85.07,55.05,67.35,60.96,59.24,96.89
memory=278.9453125,278.90625,278.88671875,278.90625,278.90625,279.203125,279.5546875,280.1015625,280.48046875,278.015625
time=14.94438123703003,9.066027402877808,10.031748294830322,9.72738766670227,9.885701179504395,9.87188172340393,8.203750371932983,10.181120157241821,9.647584199905396,7.721057415008545
