----Iteration 5----
1421,-347;1388,89;
807,8;767,32;815,-27;854,-46;1276,-50;1276,-50;1276,-50;1276,-50;1319,-86;
784,58;784,58;1298,40;1334,31;
863,145;905,131;1343,93;1348,83;1348,83;1348,83;1348,83;
1343,93;978,262;1260,250;1260,250;1343,93;1389,87;1389,87;1417,20;1417,20;1417,20;
1417,20;1417,20;1417,20;1045,430;1045,430;1067,399;1115,358;1347,283;1412,227;1409,245;1409,245;
1053,499;1061,449;1081,407;1497,308;1469,403;1469,403;1469,403;1469,403;
1053,499;827,513;1053,499;1508,487;1575,435;1621,347;1617,387;1621,347;1621,347;1622,338;
1575,435;1617,387;1121,557;1072,592;1163,543;1474,536;1474,536;1474,536;1566,515;1566,515;1575,435;1617,387;1634,377;
1617,387;1072,592;1474,536;1474,536;1474,536;1566,515;1566,515;1617,387;1634,377;1061,603;1089,579;1131,565;1194,554;1289,542;1474,536;1517,526;1584,497;1566,515;1584,497;1655,332;1656,318;
1061,603;1583,600;1587,555;1587,555;1587,555;1587,555;1657,464;1673,417;1697,395;1697,395;1698,386;
----Iteration 3----
394,187;1234,-251;1387,-337;1487,-610;1047,46;978,56;770,80;1202,-79;
394,187;444,96;528,13;528,13;528,13;1124,6;1124,6;1346,-119;1346,-119;1346,-119;
394,187;1124,6;1124,6;1346,-119;1346,-119;1346,-119;645,165;634,176;634,176;634,176;638,166;1124,6;1146,-32;1408,-188;1451,-224;1451,-224;1451,-224;
1124,6;1124,6;1346,-119;1346,-119;1346,-119;1124,6;1146,-32;908,280;1070,67;1124,6;1146,-32;1528,-122;1528,-122;1528,-122;1619,-167;
908,280;1276,215;1317,-47;1555,-59;1598,-95;1622,-106;1634,-153;
908,280;1276,215;812,316;901,302;1276,215;1634,115;1665,53;1686,10;
1747,385;1747,385;1747,385;1747,385;1747,385;
1771,461;1826,457;
1771,461;1826,457;1873,439;1873,439;1873,439;1907,423;1907,423;1960,375;
1873,439;1873,439;1873,439;1853,481;1919,430;1996,425;2068,388;2067,413;2075,341;
1853,481;1996,425;2067,413;1234,482;1964,447;1964,447;1996,425;2071,405;2067,413;2087,375;
----Iteration 2----
1350,-307;1432,-899;1180,161;
960,422;974,411;1116,287;1109,330;1136,282;1397,-163;1598,-253;
960,422;974,411;1109,330;829,430;986,342;986,342;984,371;1165,308;1556,11;1556,11;1588,10;1588,10;1607,-159;
960,422;974,411;1109,330;984,371;1165,308;1607,-159;901,484;990,368;990,368;1228,260;1274,207;1290,157;1324,119;1369,102;1400,81;1420,78;1446,75;1466,72;1466,72;1600,58;1600,58;1600,58;1600,58;1603,-84;
960,422;974,411;1109,330;1165,308;901,484;1228,260;1274,207;1290,157;1369,102;999,371;1063,338;1279,167;1302,150;1347,133;1675,-1;1551,88;1632,85;1632,85;1632,85;
960,422;974,411;1109,330;1165,308;901,484;1675,-1;1093,406;1260,289;1300,254;1336,229;1359,181;1638,130;1614,153;1661,85;
960,422;974,411;901,484;1093,406;1202,374;1295,316;1533,280;1661,228;1634,270;1685,205;1716,124;1748,114;
960,422;901,484;1661,228;1634,270;1685,205;1748,114;1275,419;1285,321;1561,317;1634,270;1741,157;1741,157;1741,157;
901,484;1397,464;1413,326;1608,321;1639,300;1639,300;1639,300;1869,277;1869,277;
1869,277;1869,277;1102,525;1188,506;1427,476;1442,433;1840,283;1829,414;1835,300;1886,248;1886,248;
1869,277;1869,277;1840,283;1829,414;1835,300;1886,248;1886,248;1812,590;1812,590;1812,590;1812,590;1812,590;1812,590;1812,590;1828,540;1828,540;1828,540;1828,540;1835,300;1886,248;1869,277;1888,232;
----Iteration 6----
1391,-270;1374,87;
1211,440;1257,421;1257,421;1257,421;1257,421;
1289,537;1315,521;1309,524;1411,473;1394,517;1411,473;1411,473;1411,473;1411,473;1431,469;1458,456;1458,456;
1567,537;
1688,614;
1688,614;1715,588;1715,588;1715,588;1715,588;1715,588;
1702,733;1733,644;1733,644;1733,644;1746,629;
1702,733;1733,644;1733,644;1733,644;1746,629;1309,797;1702,733;1706,684;1733,644;1746,629;1758,619;1758,619;
1309,797;1780,715;1768,757;1780,715;1780,715;1829,712;
1309,797;1280,812;1280,812;1853,761;1836,780;1847,769;1897,730;
1853,761;1836,780;1847,769;1355,824;1389,800;1853,761;1943,736;
----Iteration 7----
611,102;1195,-613;1124,-196;1049,-22;1559,-712;1594,-927;1158,-381;
1059,190;1089,156;1100,127;1107,101;1107,101;1107,101;1107,101;1107,101;1107,101;1107,101;1107,101;1107,101;1107,101;1107,101;1107,101;1107,101;
1059,190;1089,156;1107,101;1107,101;1107,101;1107,101;1107,101;1107,101;1107,101;1107,101;1107,101;1107,101;1107,101;1107,101;1107,101;751,306;982,208;1005,197;1059,190;1059,190;1059,190;1065,178;1086,174;1097,145;1097,145;1097,145;1104,139;1135,83;1152,33;1152,33;
1017,412;1050,408;1050,408;1050,408;1050,408;1050,408;1050,408;1226,241;1237,212;
1216,490;1266,443;1349,369;1392,333;1392,333;1392,333;
1344,517;1383,506;1423,371;
1383,506;896,588;903,562;1368,551;1374,507;1383,506;1457,410;1457,410;1457,410;
977,681;1017,671;1323,657;1323,657;1326,619;1326,619;1326,619;1332,616;1421,594;1421,594;1487,576;1487,576;
1310,686;1310,686;1506,679;1549,639;1549,639;1549,639;1549,639;
1310,686;1310,686;1506,679;1549,639;1549,639;1549,639;1549,639;1162,709;1310,686;1606,613;
1310,686;1310,686;1506,679;1549,639;1549,639;1549,639;1549,639;1310,686;1606,613;1234,793;1234,793;1588,614;1643,609;
----Iteration 4----
1314,-191;1270,-97;468,62;1590,-917;1071,36;
1166,15;1135,16;1115,51;1349,-171;1328,-56;1320,-54;1341,-81;
1406,78;1419,53;
1406,78;1419,53;1406,78;1415,70;
1313,123;1317,105;1426,89;1426,89;1426,89;1455,21;1442,46;
1313,123;1426,89;1426,89;1426,89;1455,21;1442,46;920,204;1398,120;1425,103;1442,46;
940,256;1383,160;1479,152;1515,141;1515,141;1515,141;
1383,160;1479,152;1515,141;1515,141;1515,141;946,268;1479,152;
984,331;1001,316;1294,283;1313,253;1313,253;1618,202;1618,202;1618,202;1618,202;1644,201;1644,201;1644,201;1655,161;
1294,283;1313,253;1313,253;1644,201;1644,201;1644,201;1655,161;1029,350;1066,338;1313,253;1584,225;1639,222;
1190,421;1205,411;1551,298;1637,290;1654,275;1670,257;
----Iteration 0----
1172,-266;1164,82;1333,-321;614,347;1230,-284;
1024,225;1026,221;1062,198;1062,198;1130,190;
1024,225;1026,221;1062,198;1062,198;1130,190;889,245;973,243;1018,239;1133,150;1130,190;1114,191;1136,141;
1283,308;1371,307;1392,262;
1283,308;1371,307;1400,287;1479,244;
1183,544;1183,544;1498,403;1518,368;1593,351;1610,336;
1183,544;1183,544;1498,403;1225,479;1453,407;1498,403;1595,397;1624,364;1664,352;
1183,544;1183,544;1225,479;1595,397;1059,558;1539,432;1634,387;1683,371;1735,341;1735,341;1744,325;
1183,544;1183,544;1225,479;1595,397;1059,558;1539,432;1634,387;1683,371;1735,341;1735,341;1744,325;1046,603;1253,470;1634,387;1744,325;
1183,544;1183,544;1059,558;1539,432;1735,341;1735,341;1046,603;1071,555;1073,549;1255,511;1369,509;1439,436;1727,350;1715,400;1780,265;1758,335;1789,249;
1539,432;1735,341;1735,341;1369,509;1439,436;1727,350;1715,400;1758,335;1189,711;1211,680;1369,509;1332,537;1369,509;1369,509;1435,455;1698,419;1715,400;1735,341;1768,307;1799,266;1764,308;1790,277;1806,249;
----Iteration 1----
1311,-42;1315,-357;1060,228;1161,-19;
1263,211;1263,211;1263,211;
1375,242;1375,242;1375,242;1375,242;1375,242;
1369,293;1405,257;1425,254;1425,254;1425,254;1425,254;1454,219;
520,387;1399,308;1416,304;1436,301;1488,288;1488,288;1488,288;
520,387;1399,308;1498,305;
520,387;1498,305;1450,352;1469,309;1498,305;
1395,480;1759,440;1766,393;1766,393;1766,393;1766,393;1766,393;1766,393;1766,393;1766,393;1766,393;
1395,480;1789,457;1855,432;1869,421;1873,376;1869,421;
1534,504;1848,479;1871,447;1890,416;1909,377;
1534,504;1848,479;1871,447;1890,416;1534,504;1928,399;1928,399;1928,399;1928,399;1928,399;1928,399;1928,399;1928,399;
----Iteration 9----
1531,36;
581,318;620,290;621,281;638,258;638,258;638,258;638,258;638,258;638,258;662,166;662,166;662,166;1636,55;1656,31;
581,318;581,318;591,295;701,292;746,259;746,259;1649,67;1684,49;
581,318;581,318;560,323;581,318;747,307;814,288;1781,210;
1781,210;890,418;1516,295;1764,247;1809,186;
890,418;1516,295;1764,247;1809,186;890,418;933,410;1764,247;1792,223;1832,167;
890,418;1516,295;1809,186;890,418;933,410;1832,167;1798,252;1832,167;1857,119;
1798,252;709,463;741,462;765,439;1727,420;1749,290;1798,252;1838,196;1934,153;
1798,252;709,463;741,462;765,439;1749,290;1798,252;758,454;1728,426;1749,290;1798,252;1893,203;1890,250;1944,154;1909,201;1944,154;1944,154;1944,154;1944,154;1944,154;
1798,252;1749,290;1798,252;1749,290;1798,252;1893,203;1890,250;1944,154;1909,201;1944,154;1944,154;1944,154;1944,154;1944,154;1129,554;1136,547;1746,466;1749,290;1890,250;1893,203;1909,201;1979,121;
1890,250;1944,154;1944,154;1944,154;1944,154;1944,154;1944,154;1746,466;1890,250;1155,563;1155,563;1480,519;1491,507;1789,333;1761,343;1783,334;1789,333;1789,333;1789,333;1884,265;1860,266;1912,241;1912,241;1957,152;2029,117;2003,133;
----Iteration 8----
1558,-409;1050,-88;934,83;865,214;1248,-193;
1325,330;1312,356;1312,356;1312,356;1312,356;1312,356;1407,-65;1407,-65;1407,-65;1427,-228;1427,-228;1427,-228;1427,-228;
1312,356;1312,356;1312,356;1312,356;1312,356;1039,396;1135,366;1372,334;1396,291;1396,291;1413,287;1644,-47;1617,-30;1644,-47;
1447,522;1479,510;1528,505;1528,505;1532,474;1570,442;1570,442;1570,442;1570,442;1570,442;1570,442;1626,120;1622,151;1653,85;1654,-64;
1570,442;1570,442;1570,442;1570,442;1570,442;1570,442;1502,541;1540,509;1540,509;1540,509;1540,509;1570,442;1617,437;1646,392;1724,376;
1510,571;1709,550;1709,550;1709,550;1709,550;1714,539;1714,539;1714,539;1714,539;1727,522;1756,477;1873,452;1873,452;1873,452;
1519,592;1677,577;1769,567;1879,485;1879,485;1879,485;1879,485;1879,485;
1677,577;1769,567;1879,485;1879,485;1879,485;1879,485;1879,485;1511,601;1534,598;1778,531;1800,514;1823,499;1903,420;1919,413;1919,413;1962,380;1962,380;1962,380;1962,380;1962,380;
1511,601;1483,636;1501,603;1584,598;1863,584;1863,584;1863,584;1863,584;1863,584;1863,584;1958,463;1929,508;2027,436;2063,412;2063,412;
1929,508;1687,720;1702,711;1725,700;1748,698;1883,604;1883,604;1883,604;1935,482;1961,481;2080,439;2076,479;2080,439;
1565,742;1760,721;2000,714;2044,709;2056,699;2067,659;2091,635;2138,589;2178,519;2178,519;2178,519;
