----Iteration 7----
memory=163.05859375,164.95703125,165.86328125,167.27734375,167.94921875,168.7890625,169.30078125,170.34765625,170.73046875,171.08984375
time=13.53909707069397,9.168432474136353,9.19559121131897,11.564760208129883,10.331591844558716,13.366685390472412,11.37212347984314,11.907879829406738,9.012495040893555,11.776840209960938
----Iteration 2----
memory=161.3828125,164.68359375,166.546875,167.53515625,168.1484375,168.671875,169.48046875,170.5,170.76171875,171.40625
time=11.48911166191101,11.019632577896118,11.59462285041809,11.12852144241333,10.467703580856323,13.438451766967773,11.72962236404419,12.284043073654175,11.712440490722656,13.322856187820435
----Iteration 6----
memory=161.7578125,165.140625,167.1328125,167.81640625,168.30859375,169.1875,169.5703125,170.57421875,170.7265625,171.140625
time=12.008416891098022,11.440511465072632,13.508770227432251,11.448374509811401,10.829266548156738,12.723501205444336,10.773446321487427,11.3029465675354,12.653812170028687,11.637657165527344
----Iteration 4----
memory=162.15234375,164.9296875,166.6171875,167.53125,168.23046875,168.734375,169.5703125,170.58203125,171.01953125,171.4609375
time=12.12209939956665,10.693801403045654,11.051416635513306,11.586414813995361,12.167921543121338,11.074588298797607,13.857324123382568,13.165385007858276,12.275679349899292,11.183365821838379
----Iteration 0----
memory=161.25,164.9453125,166.609375,167.5390625,168.2109375,168.92578125,169.28515625,170.58203125,170.89453125,171.39453125
time=11.397251844406128,11.565886497497559,11.610288381576538,10.919008255004883,10.089837312698364,12.040952444076538,11.58092999458313,15.724242925643921,13.61843466758728,11.195144414901733
----Iteration 1----
memory=162.16796875,165.23828125,166.9296875,167.67578125,168.640625,169.18359375,169.50390625,170.4296875,171.23046875,171.34765625
time=12.422219514846802,11.323158740997314,13.127102851867676,10.694826364517212,12.77977728843689,10.974101305007935,12.563817262649536,12.492125511169434,13.351799249649048,11.520994186401367
----Iteration 3----
memory=162.53125,165.46875,166.8359375,167.734375,168.4375,169.1796875,169.90234375,170.75,170.96875,171.36328125
time=12.870771884918213,11.208974599838257,11.451578855514526,13.354202032089233,10.756800174713135,11.580287218093872,15.229994773864746,13.925608396530151,12.082629919052124,8.699307203292847
----Iteration 5----
memory=162.390625,165.52734375,166.91796875,167.80078125,168.41796875,169.2265625,170.21484375,170.765625,171.01953125,171.28125
time=12.76789116859436,12.979359149932861,11.928514003753662,12.498789548873901,12.375318765640259,14.036117792129517,13.090837240219116,12.97012186050415,10.084228038787842,9.060192346572876
----Iteration 8----
memory=171.2734375,171.41015625,171.43359375,171.375,171.453125,171.453125,171.4921875,171.51953125,171.5390625,171.6015625
time=8.908267498016357,3.008507013320923,2.6406939029693604,3.1162121295928955,2.8914337158203125,3.0240883827209473,2.8649463653564453,3.908689022064209,3.251603841781616,3.2035818099975586
----Iteration 9----
memory=171.375,171.40625,171.52734375,171.37890625,171.4375,171.3828125,171.4453125,171.46875,171.48046875,171.5078125
time=3.607717275619507,3.1029698848724365,2.740325450897217,3.240640163421631,2.5414915084838867,2.9578776359558105,3.1265087127685547,3.320082426071167,3.0536131858825684,3.0280630588531494
