----Iteration 3----
memory=187.62109375,196.22265625,199.734375,202.25390625,204.0078125,206.44921875,208.78125,210.44921875,211.4375,211.55859375
time=25.97154998779297,28.97984218597412,26.6450777053833,26.291592597961426,25.41927170753479,29.6616690158844,21.705167531967163,22.78747582435608,29.363110780715942,17.94154405593872
----Iteration 7----
memory=190.09375,196.76953125,201.33203125,202.62109375,203.97265625,206.01171875,208.1171875,210.2578125,211.09375,211.5
time=28.698277235031128,28.63986349105835,28.79443359375,25.025315761566162,20.274916410446167,22.731788873672485,24.135841369628906,25.466792821884155,27.766616106033325,23.115169048309326
----Iteration 5----
memory=186.44140625,194.96875,198.578125,202.234375,204.5390625,206.36328125,208.8125,210.515625,210.91796875,211.46484375
time=24.156527519226074,25.489733457565308,27.220780849456787,30.420467615127563,27.36276888847351,25.22741675376892,25.258097171783447,24.310073614120483,22.09221363067627,25.024269342422485
----Iteration 2----
memory=188.984375,195.53515625,198.00390625,202.109375,203.94921875,206.3515625,208.6953125,210.53515625,211.328125,211.6796875
time=27.70299220085144,23.474862813949585,22.66423726081848,30.93749737739563,27.44456386566162,26.335500478744507,24.17986512184143,23.114481687545776,30.160773515701294,25.96225905418396
----Iteration 1----
memory=183.9375,195.484375,200.125,202.4296875,204.70703125,206.42578125,208.72265625,210.44140625,211.10546875,211.88671875
time=22.538745164871216,29.790891885757446,30.157986640930176,28.155543565750122,25.25584077835083,23.59122109413147,22.89389944076538,24.005719900131226,27.307288646697998,28.907150506973267
----Iteration 4----
memory=188.01953125,195.26953125,198.62109375,202.0546875,204.6640625,206.40625,208.78125,210.5078125,211.40625,211.828125
time=26.84899663925171,23.807121515274048,26.867493629455566,26.611125469207764,31.30314612388611,26.36845302581787,25.15526270866394,24.590837478637695,28.08634901046753,23.387202262878418
----Iteration 6----
memory=186.4609375,196.6328125,200.70703125,202.76953125,205.11328125,207.19921875,209.73046875,211.0390625,211.625,212.15625
time=24.577263355255127,32.2917366027832,28.124963760375977,31.851224184036255,29.014512062072754,25.213465690612793,25.87589120864868,33.617356300354004,22.171040058135986,14.488545894622803
----Iteration 0----
memory=186.30859375,195.45703125,199.4453125,202.23046875,204.72265625,206.72265625,209.3125,210.91796875,211.55859375,212.14453125
time=24.674261569976807,26.920130968093872,27.803624629974365,30.748533964157104,31.20768427848816,22.499806880950928,30.910424947738647,27.080617904663086,27.864375829696655,19.578552961349487
----Iteration 8----
memory=211.9765625,212.17578125,212.10546875,212.39453125,212.69140625,212.69140625,212.62109375,212.8515625,213.1015625,213.28125
time=14.33362865447998,8.138378381729126,6.690456390380859,6.985240936279297,6.860634088516235,5.721699953079224,7.127523899078369,5.924456357955933,6.663559436798096,5.028460741043091
----Iteration 9----
memory=212.0078125,212.1171875,212.171875,212.3828125,212.58984375,212.68359375,212.6484375,212.828125,213.16015625,213.3203125
time=13.128866910934448,6.804507255554199,8.13107180595398,7.683305263519287,6.867949724197388,6.801024675369263,6.902823209762573,6.5165696144104,6.733918905258179,4.449209213256836
