----Iteration 7----
2828,2781;2570,2842;3073,2555;2928,2771;
2983,3179;3070,3166;3076,2995;
2983,3179;3113,3174;3163,3145;3130,3157;
3163,3145;3079,3228;3151,3180;3121,3181;3166,2969;
3151,3180;3121,3181;3163,3170;3110,3228;3216,3072;3175,3113;3231,3053;
3193,3278;3215,3216;3207,3228;3225,3159;3276,3147;3293,3114;
3193,3278;3215,3216;3207,3228;3276,3147;3293,3114;3200,3262;3241,3190;3263,3183;3275,3149;3266,3168;3289,3130;
3220,3374;3292,3366;3440,3230;
3440,3230;3314,3436;3329,3326;3352,3289;3375,3248;3458,3199;
3378,3468;3446,3317;3491,3257;3497,3213;
3378,3468;3329,3513;3410,3427;3483,3401;3506,3312;3519,3221;
----Iteration 2----
2937,2733;2905,3051;
3119,3093;3164,3075;
3218,3130;3202,3135;3087,3181;
3203,3264;3262,3244;3314,3160;
3314,3160;3244,3326;3263,3320;3285,3259;3349,3158;3398,3154;
3244,3326;3263,3320;3155,3373;3205,3336;3212,3334;3265,3294;3329,3243;3295,3261;3361,3214;3404,3197;3445,3069;3506,3009;
3244,3326;3263,3320;3155,3373;3205,3336;3212,3334;3404,3197;3445,3069;3506,3009;3130,3383;3371,3252;3364,3300;3441,3166;3484,3011;
3155,3373;3404,3197;3506,3009;3130,3383;3371,3252;3364,3300;3355,3349;3457,3193;3485,3167;3531,2993;
3364,3300;3355,3349;3457,3193;3485,3167;3531,2993;3214,3404;3217,3387;3241,3383;3257,3353;3393,3294;3402,3262;3433,3255;3536,2969;3514,3078;
3355,3349;3531,2993;3241,3383;3536,2969;3514,3078;3226,3414;3347,3368;3384,3312;3440,3300;3442,3238;3464,3202;3489,3185;3576,2933;3581,2880;
3355,3349;3531,2993;3536,2969;3514,3078;3226,3414;3347,3368;3440,3300;3442,3238;3489,3185;3236,3391;3311,3390;3369,3325;3358,3331;3402,3320;3408,3310;3472,3225;3605,2941;
----Iteration 6----
2885,2872;2963,2869;2751,2884;
3032,2806;3007,2892;3018,2866;
3252,3001;3285,2997;3304,2958;3311,2862;
3374,3013;
2937,3131;2951,3084;2979,3082;3019,3069;3417,3024;
2937,3131;2965,3121;3002,3111;3420,3093;3442,3039;3464,3016;
3420,3093;3442,3039;3075,3190;3121,3108;3434,3089;3521,3038;
3521,3038;3025,3273;3114,3245;3421,3194;3422,3185;3434,3153;3443,3050;3498,3042;
3521,3038;3421,3194;3422,3185;3498,3042;3191,3283;3430,3168;3455,3165;3582,2978;
3430,3168;3455,3165;3422,3320;3524,3043;3585,2983;3629,2951;
3422,3320;3524,3043;3585,2983;3629,2951;3181,3458;3195,3372;3365,3332;3454,3312;3457,3194;
----Iteration 4----
2909,2617;2873,2912;2655,2919;
2975,2847;3075,2824;3089,2788;
3175,3016;3212,2939;3233,2882;
3212,2939;3233,2882;3179,3028;3196,2946;3212,2939;3235,2864;
3001,3081;3300,3050;3329,2992;
3034,3126;3048,3120;3089,3119;3122,3077;3303,3068;3343,3056;3349,3018;
3034,3126;3343,3056;3201,3123;3250,3121;3329,3114;3378,3045;
3250,3121;3329,3114;3243,3153;3418,3108;3453,3082;3495,3044;3540,3014;3550,2979;
3243,3153;3453,3082;3495,3044;3540,3014;3550,2979;3121,3191;3421,3133;3432,3124;3455,3069;
3240,3227;3327,3191;3540,3162;3559,3009;
3561,3111;3545,3232;3581,3101;3598,3024;3605,3006;
----Iteration 0----
2988,2778;2842,2984;
3358,3056;
3358,3056;3462,2972;3529,2953;
3358,3056;3129,3075;3147,3062;3104,3171;3514,3046;3550,3006;3546,3017;3551,2967;
3104,3171;3514,3046;3550,3006;3546,3017;3551,2967;3118,3139;3466,3094;3534,3033;3542,3024;
3514,3046;3550,3006;3546,3017;3551,2967;3466,3094;3534,3033;3542,3024;3089,3184;3118,3181;3083,3218;3408,3175;3479,3081;3445,3122;
3514,3046;3550,3006;3546,3017;3551,2967;3534,3033;3542,3024;3408,3175;3128,3256;3149,3204;3406,3180;3495,3146;3522,3038;
3573,3387;3605,3347;
3573,3387;3605,3347;3631,3297;
3573,3387;3605,3347;3574,3363;3633,3326;3646,3255;
3342,3470;3349,3425;3619,3402;3648,3338;
----Iteration 1----
3099,2869;3030,2969;3110,2699;
3036,3059;3030,3116;3045,3051;3162,3033;3245,3018;
3030,3116;3201,3097;3251,3052;3247,3072;3252,3013;3257,2972;
3030,3116;3201,3097;3251,3052;3247,3072;3252,3013;3257,2972;3203,3084;3217,3076;3285,2927;
2915,3278;3307,3259;3328,3202;3352,3147;3370,3105;
2890,3308;3006,3305;3342,3275;3345,3250;3373,3184;
3342,3275;3345,3250;3242,3376;3327,3348;3407,3203;
3242,3376;3327,3348;3440,3326;3447,3281;
2968,3409;3460,3390;3589,3290;
2968,3409;3460,3390;2940,3435;3479,3352;3593,3349;
3146,3462;3198,3444;3444,3438;3508,3413;3630,3379;
----Iteration 3----
2765,2829;2717,2960;2901,2801;3060,2704;
2835,2718;2794,2774;2801,2742;2873,2712;3068,2641;3060,2704;
3213,2926;
3232,2952;3304,2943;
3187,3024;3278,3003;3361,2918;3349,2952;3393,2905;
3278,3003;3267,3048;3237,3076;3300,2974;3302,2963;3442,2954;3494,2933;3508,2915;3511,2841;
3494,2933;3508,2915;3474,3065;3467,3083;3524,2898;3535,2853;
3494,2933;3508,2915;3474,3065;3467,3083;3425,3111;3430,3106;3480,3022;3577,2900;
3425,3111;3430,3106;3577,2900;3446,3087;3508,3086;3590,2861;
3425,3111;3430,3106;3590,2861;3047,3138;3045,3140;3346,3114;3514,3098;3535,3094;3578,2968;3587,2929;
3590,2861;3535,3094;3578,2968;3271,3260;3297,3236;3315,3205;3391,3195;3428,3170;3462,3157;3534,3136;3589,2941;
----Iteration 5----
3170,2782;2966,2960;2896,2975;
3144,3151;
3270,3340;3272,3279;
3272,3352;3311,3344;3339,3323;
3422,3367;
3422,3367;2935,3422;2980,3421;
3422,3367;3063,3487;3100,3474;3109,3464;3313,3452;3322,3414;3324,3385;3452,3336;3438,3365;3467,3233;
3452,3336;3438,3365;3467,3233;3323,3507;3339,3482;3382,3433;3429,3367;3457,3306;3479,3217;
3323,3507;3339,3482;3382,3433;3479,3217;3347,3465;3387,3401;3465,3361;3442,3392;3475,3305;3486,3210;
3323,3507;3199,3560;3228,3512;3503,3482;
3323,3507;3199,3560;3503,3482;3277,3540;3303,3538;3506,3418;3514,3127;
----Iteration 8----
2832,2828;3064,2724;2716,3027;
3174,3007;3305,3006;3340,2990;
3329,3076;3351,3001;
3329,3076;3351,3001;3389,2993;
3329,3076;3351,3001;3389,2993;3396,2963;
3329,3076;3396,2963;3389,3012;
3096,3163;3325,3142;3469,3093;3474,3088;3485,3070;3492,2930;
3158,3229;3237,3223;3426,3211;3534,3179;3579,3177;3595,3064;
3426,3211;3534,3179;3579,3177;3595,3064;3235,3298;3317,3280;3367,3270;3370,3260;3425,3254;3437,3201;3584,3085;
3534,3179;3579,3177;3595,3064;3584,3085;3257,3299;3470,3292;
3579,3177;3595,3064;3584,3085;3257,3299;3470,3292;3480,3271;3564,3209;3524,3237;3581,3163;
----Iteration 9----
2963,3003;3097,2656;2923,3018;3004,2831;
3149,3214;3181,3090;
3149,3214;3181,3090;3202,3063;3262,3021;
3149,3214;3181,3090;3202,3063;3384,3035;3348,3051;3390,3004;
3384,3035;3166,3302;3171,3234;3371,3138;3354,3182;3373,3037;3404,3016;
3331,3313;3364,3248;3379,3205;3386,3160;3410,3076;3444,3053;3473,3001;
3331,3313;3364,3248;3379,3205;3386,3160;3354,3300;3378,3215;3411,3149;3435,3138;3501,3027;3480,3084;
3331,3313;3354,3300;3424,3275;3451,3198;3472,3133;3575,3127;3589,3080;3591,3065;
3575,3127;3589,3080;3591,3065;3090,3499;3166,3467;3243,3350;3407,3331;3454,3318;3469,3291;3489,3239;3504,3163;3582,3081;
3166,3467;3454,3318;3130,3511;3374,3414;3429,3371;3541,3303;3512,3304;3625,3263;
3130,3511;3541,3303;3512,3304;3625,3263;3061,3520;3202,3480;3219,3438;3448,3414;3471,3365;3468,3391;3580,3269;3565,3295;3638,3230;3642,3226;3654,3191;
