----Iteration 3----
x_Moead_Rfts_Worst=[15186, 15949, 15159, 15222, 14672, 14784, 15638, 15627, 15667, 15685, 15762, 15811, 15916, 15923, 15946, 16062, 16034, 16096]
y_Moead_Rfts_Worst=[15285, 14826, 15291, 15282, 15475, 15437, 15206, 15240, 15191, 15132, 15096, 15082, 15069, 15055, 14989, 14670, 14689, 14574]
----Iteration 2----
x_Moead_Rfts_Worst=[15851, 16151, 16156, 16150, 16234]
y_Moead_Rfts_Worst=[15022, 14992, 14958, 15008, 14936]
----Iteration 4----
x_Moead_Rfts_Worst=[16573, 16657]
y_Moead_Rfts_Worst=[15114, 15102]
----Iteration 7----
x_Moead_Rfts_Worst=[15133, 15173, 15234, 16157, 16166]
y_Moead_Rfts_Worst=[14972, 14881, 14839, 14719, 14672]
----Iteration 0----
x_Moead_Rfts_Worst=[16230, 14333, 16596, 16641]
y_Moead_Rfts_Worst=[14542, 14574, 14541, 14532]
----Iteration 6----
x_Moead_Rfts_Worst=[15881, 15945, 15051, 15900, 15974, 16037, 16469, 14841, 14845, 14890, 15023, 15331, 15382, 16386, 16520, 16531]
y_Moead_Rfts_Worst=[14822, 14814, 14976, 14820, 14797, 14792, 14685, 15088, 15082, 15039, 15036, 14953, 14874, 14749, 14663, 14487]
----Iteration 1----
x_Moead_Rfts_Worst=[16098, 16318, 16284, 16302]
y_Moead_Rfts_Worst=[14947, 14911, 14937, 14928]
----Iteration 5----
x_Moead_Rfts_Worst=[15307, 16612, 15154, 16524, 16662, 16679]
y_Moead_Rfts_Worst=[15316, 15203, 15320, 15257, 15196, 15182]
----Iteration 9----
x_Moead_Rfts_Worst=[16180, 16272, 16523, 16610, 16653, 16694]
y_Moead_Rfts_Worst=[15511, 15503, 15487, 15485, 15406, 15379]
----Iteration 8----
x_Moead_Rfts_Worst=[14396, 14385, 14685, 15159, 15165, 15222, 15250, 15261, 15269, 15947]
y_Moead_Rfts_Worst=[15127, 15159, 15119, 15099, 15096, 15054, 14987, 14924, 14913, 14850]
----End of Run----
