----Iteration 3----
x_Moead_Rfts_Worst=[10255, 10348, 10451, 9387, 10124, 10218, 10307, 10316, 10352, 10425, 10500, 10543]
y_Moead_Rfts_Worst=[9454, 9330, 9195, 9648, 9499, 9460, 9433, 9409, 9324, 9315, 9147, 9039]
----Iteration 7----
x_Moead_Rfts_Worst=[9144, 10493, 10368, 10385, 10440, 10518]
y_Moead_Rfts_Worst=[9729, 9440, 9710, 9677, 9531, 9408]
----Iteration 5----
x_Moead_Rfts_Worst=[10589, 10541, 10571, 10707, 9900, 9908, 10278, 10356, 10357, 10374, 10381, 10386, 10595, 10658, 10876, 10901]
y_Moead_Rfts_Worst=[9056, 9114, 9068, 8994, 9403, 9353, 9278, 9249, 9220, 9208, 9162, 9123, 9048, 9029, 8957, 8904]
----Iteration 2----
x_Moead_Rfts_Worst=[10417, 10478, 10522, 10586, 10566, 10681, 10516, 10658, 10676]
y_Moead_Rfts_Worst=[9698, 9673, 9529, 9508, 9513, 9352, 9614, 9393, 9378]
----Iteration 1----
x_Moead_Rfts_Worst=[9662, 9733, 9774, 9782, 10583, 10634, 10725, 10718, 10743]
y_Moead_Rfts_Worst=[9612, 9607, 9567, 9563, 9524, 9451, 9416, 9449, 9377]
----Iteration 4----
x_Moead_Rfts_Worst=[9389, 9391, 10327, 10357, 10374]
y_Moead_Rfts_Worst=[9506, 9478, 9474, 9420, 9413]
----Iteration 6----
x_Moead_Rfts_Worst=[9877, 9853, 10003, 10577, 10594, 10590, 10704]
y_Moead_Rfts_Worst=[9715, 9740, 9689, 9651, 9585, 9593, 9372]
----Iteration 0----
x_Moead_Rfts_Worst=[10405, 10454, 10488]
y_Moead_Rfts_Worst=[9602, 9559, 9496]
----Iteration 8----
x_Moead_Rfts_Worst=[9217, 9206, 9268, 9178, 9349, 9348, 10316, 10294, 10349, 10347, 10392, 10378, 10582, 10566]
y_Moead_Rfts_Worst=[9411, 9421, 9408, 9508, 9309, 9371, 9276, 9283, 9214, 9245, 9168, 9194, 9153, 9164]
----Iteration 9----
x_Moead_Rfts_Worst=[9754, 9714, 10193, 10180, 10194, 10245, 10307, 10430, 10444, 10442]
y_Moead_Rfts_Worst=[9403, 9413, 9322, 9378, 9229, 9223, 9213, 9202, 9160, 9186]
----End of Run----
