----Iteration 3----
14295,14434;14607,13879;14387,13990;14742,13072;14302,14123;14346,14121;14710,13661;
14774,14662;14936,13962;14958,13944;14970,13909;14975,13898;
14693,14726;14737,14712;14798,14681;15064,14549;15274,14273;15202,14376;15255,14342;15285,14118;
14693,14726;14737,14712;14798,14681;15064,14549;15297,14313;15286,14418;15424,14220;
14693,14726;14737,14712;14798,14681;15064,14549;14884,14598;15448,14545;15601,14298;15548,14330;15651,14194;15625,14243;
14693,14726;14737,14712;14798,14681;14345,14857;14373,14845;14438,14817;15174,14650;15246,14620;15260,14596;15577,14563;15573,14588;15640,14447;15679,14383;
14987,15066;14988,14996;15531,14813;15658,14750;15751,14746;15785,14692;
15024,15275;15028,15249;15125,15229;15398,15204;15424,15085;15430,15000;15726,14951;15768,14937;15712,14976;15915,14869;
15398,15204;15726,14951;15768,14937;15712,14976;15915,14869;15186,15285;15195,15260;15627,15149;15638,15120;15649,15019;15713,14960;15803,14915;15949,14826;15910,14907;
15398,15204;15915,14869;15186,15285;15627,15149;15638,15120;15949,14826;15910,14907;15159,15291;15222,15282;15654,15097;15752,15006;15746,15055;15839,14973;15860,14951;15924,14860;
15186,15285;15949,14826;15159,15291;15222,15282;14672,15475;14784,15437;15638,15206;15627,15240;15667,15191;15685,15132;15762,15096;15811,15082;15916,15069;15923,15055;15946,14989;16062,14670;16034,14689;16096,14574;
----Iteration 2----
13952,14358;14183,14331;14515,14300;14835,13855;13861,14407;
14905,14600;
15111,14703;15276,14698;
15276,14698;15139,14712;15251,14710;15325,14640;
15412,14842;15424,14710;
15459,14891;15512,14647;15501,14699;
15566,14972;15592,14937;15819,14711;15848,14708;
14582,14989;15646,14986;15663,14869;16020,14753;
14582,14989;15646,14986;14614,14988;15667,14939;15696,14933;16071,14822;16082,14779;
16071,14822;15851,15022;15905,15002;16001,14965;16005,14956;16017,14895;16021,14860;16116,14797;16108,14800;16126,14791;
15851,15022;16151,14992;16156,14958;16150,15008;16234,14936;
----Iteration 4----
14431,14378;14917,14352;
15315,14398;15516,14376;
15569,14637;15618,14600;
15883,14764;
15883,14764;15936,14663;
15883,14764;13150,14782;15952,14737;16006,14690;
15883,14764;15952,14737;14933,14785;15925,14749;16020,14707;16148,14664;16212,14647;16252,14630;16275,14597;
16060,14841;16136,14815;16139,14810;16419,14784;
15923,14923;15948,14896;16531,14888;
16574,14982;16569,15006;
16573,15114;16657,15102;
----Iteration 7----
13849,14368;14965,13951;14346,14191;14083,14231;
14670,14177;14679,14162;14713,14161;14743,14131;
14640,14237;14813,14199;
14971,14392;
14971,14392;14950,14422;15007,14335;
15007,14335;14978,14423;15019,14282;15099,14239;
15007,14335;14978,14423;15019,14282;15099,14239;15252,14225;15214,14237;
15124,14540;15212,14482;15277,14473;15307,14426;15263,14480;15393,14233;
14413,14671;14483,14651;15221,14633;15880,14576;
14815,14888;16033,14640;16053,14578;
15133,14972;15173,14881;15234,14839;16157,14719;16166,14672;
----Iteration 0----
14147,14554;14703,13461;14590,13878;14248,14284;
14940,14038;
15560,14050;15662,14037;
15759,14010;15752,14076;15744,14141;
15752,14076;15744,14141;15648,14161;15818,14023;
16115,14243;16075,14280;
16075,14280;16133,14248;16137,14246;
16250,14329;
16230,14542;16279,14519;16310,14461;16324,14456;16379,14054;16395,14025;16406,14015;
16230,14542;16279,14519;16403,14513;16420,14509;16448,14488;16529,14482;16576,14464;
16230,14542;14333,14574;16596,14541;16641,14532;
----Iteration 6----
14021,14241;14776,14178;14221,14201;14193,14230;13767,14537;13912,14251;
14843,14664;14920,14108;
15395,14751;
15395,14751;15416,14668;
15395,14751;14525,14752;15431,14728;15433,14697;15478,14690;15503,14636;15599,14624;15608,14594;
15395,14751;14540,14869;14594,14840;15280,14763;15743,14728;15813,14667;
15280,14763;15743,14728;14602,14921;14636,14871;14812,14835;14916,14771;15409,14751;15844,14726;15958,14631;
15280,14763;15743,14728;14602,14921;14636,14871;14916,14771;15409,14751;15844,14726;14830,14862;14884,14824;15724,14735;15927,14679;15921,14691;15946,14670;15941,14674;15947,14645;15959,14635;
15946,14670;15000,14940;15881,14822;15945,14814;16099,14653;16080,14662;16294,14613;
15881,14822;15945,14814;14922,15014;14995,14982;15051,14976;15900,14820;15974,14797;16037,14792;16469,14685;
15881,14822;15945,14814;15051,14976;15900,14820;15974,14797;16037,14792;16469,14685;14841,15088;14845,15082;14890,15039;15023,15036;15331,14953;15382,14874;16386,14749;16520,14663;16531,14487;
----Iteration 1----
14136,14526;14830,13689;14761,13852;14515,14169;14478,14385;
14835,14174;
14754,14263;14918,14208;14928,14110;
14985,14266;14995,14261;15017,14251;
14962,14452;15240,14370;
15255,14442;15245,14458;15264,14354;15365,14254;
14913,14551;15428,14516;15463,14450;15465,14423;15559,14407;15578,14359;
15912,14903;
16081,14932;
16098,14947;16205,14898;
16098,14947;16318,14911;16284,14937;16302,14928;
----Iteration 5----
14941,14503;13798,14596;
14816,14386;14805,14409;
15045,14536;
15440,14755;
15591,14917;15639,14809;15610,14863;
15799,14936;15823,14935;15839,14897;
15859,14958;15850,14974;15898,14951;15948,14914;15947,14925;16042,14759;
15307,15316;16262,15207;16267,15055;
15307,15316;16262,15207;15336,15212;16384,15077;16321,15101;
15307,15316;16444,15240;16612,15203;
15307,15316;16612,15203;15154,15320;16524,15257;16662,15196;16679,15182;
----Iteration 9----
14981,14470;
14609,14709;14613,14593;14627,14586;14716,14422;14739,14388;
14576,14782;14675,14740;14733,14704;14795,14686;14782,14692;14863,14671;
15028,14911;15020,14948;15015,15020;15096,14817;
15259,15113;15260,15085;15452,15052;15501,14926;15493,14953;
15259,15113;15260,15085;15452,15052;15264,15084;15319,15075;15480,15030;15580,15014;
14935,15238;15567,15202;15534,15237;15604,15119;15663,15109;
15896,15399;15940,15374;15955,15344;16119,15174;
16116,15439;16119,15345;16157,15287;16159,15252;
16180,15511;16272,15503;16350,15437;16352,15417;16387,15392;16593,15317;
16180,15511;16272,15503;16523,15487;16610,15485;16653,15406;16694,15379;
----Iteration 8----
14247,14330;14293,14208;14420,13768;14823,13646;14125,14644;14506,13650;
14689,13995;14650,14037;14690,13990;
14917,14185;
15048,14371;15069,14337;
15048,14371;15069,14337;13827,14586;13913,14557;13995,14554;14226,14503;14265,14480;14324,14458;14950,14410;15123,14312;15171,14248;15182,14246;
14211,14883;14289,14869;14450,14823;14517,14814;15112,14487;15108,14489;15231,14326;
14235,14948;14690,14900;14692,14851;14718,14789;14747,14748;14790,14744;15131,14535;15078,14554;15109,14547;15261,14529;15474,14509;15496,14481;
14235,14948;14012,14974;14749,14934;14769,14851;14895,14791;15554,14630;15556,14594;
14749,14934;14338,15087;14541,14963;14816,14858;14812,14907;14914,14841;15583,14664;15608,14624;15613,14535;
14343,15155;14396,15127;14556,15088;15171,15035;15121,15044;15722,14696;15717,14759;15728,14658;
14396,15127;14385,15159;14685,15119;15159,15099;15165,15096;15222,15054;15250,14987;15261,14924;15269,14913;15947,14850;
