----Iteration 3----
memory=214.984375,223.5,231.33984375,236.9609375,239.6015625,245.375,248.125,250.69140625,252.6953125,255.8046875
time=43.80947828292847,42.604270935058594,35.09530234336853,39.73051881790161,33.511046409606934,41.57275700569153,36.20114064216614,41.212475538253784,26.907365083694458,36.93728566169739
----Iteration 2----
memory=206.75390625,223.56640625,230.5546875,236.6640625,239.4765625,244.4375,248.26953125,250.59375,253.24609375,255.609375
time=39.55722236633301,42.36218476295471,38.19545793533325,38.882118463516235,34.84537863731384,41.633567571640015,47.90653324127197,28.63716459274292,36.60899615287781,38.051642656326294
----Iteration 4----
memory=212.97265625,223.37890625,232.2109375,237.06640625,239.6875,245.69140625,248.546875,251.92578125,253.76953125,256.05859375
time=42.29671359062195,43.79433298110962,38.65006899833679,38.67817449569702,37.90401601791382,39.610740423202515,44.774893045425415,39.438251972198486,35.531943559646606,40.92334771156311
----Iteration 7----
memory=213.01171875,222.91015625,230.8203125,236.6328125,239.4765625,244.50390625,247.91796875,251.4375,253.5234375,256.06640625
time=41.95635485649109,37.93281006813049,41.509621143341064,38.80729341506958,33.60661506652832,40.470399141311646,41.95684552192688,44.98573899269104,36.399008989334106,46.391335010528564
----Iteration 0----
memory=212.98828125,224.046875,233.65625,238.16015625,241.9140625,247.1484375,249.390625,252.03125,254.31640625,255.83984375
time=42.22270464897156,52.63094639778137,41.66835594177246,42.13947510719299,36.06608963012695,39.92232608795166,36.25910782814026,37.143274545669556,36.463489055633545,39.982109785079956
----Iteration 6----
memory=212.71875,223.03125,232.17578125,237.20703125,240.73828125,245.74609375,249.34375,252.14453125,255.53515625,256.375
time=41.38908863067627,40.236666202545166,43.62240195274353,37.479559898376465,41.90060997009277,39.49475598335266,44.817020654678345,43.549766302108765,43.94068622589111,33.95817756652832
----Iteration 1----
memory=212.80078125,223.359375,230.453125,236.6875,239.58984375,245.515625,248.9375,252.08984375,255.5625,256.3984375
time=41.29345464706421,41.02230978012085,38.658087968826294,39.05875539779663,37.22221088409424,40.37306475639343,49.38714909553528,49.49615240097046,39.59615707397461,34.3196280002594
----Iteration 5----
memory=204.71484375,221.875,229.890625,236.66015625,239.80859375,246.28125,249.84375,252.02734375,255.765625,256.578125
time=36.22551512718201,37.62333869934082,37.67281174659729,46.83384156227112,42.963303089141846,50.7779335975647,49.45107102394104,33.70361089706421,44.25447201728821,30.669835090637207
----Iteration 9----
memory=254.109375,254.08984375,254.1015625,254.36328125,254.8515625,255.24609375,255.27734375,255.89453125,256.1640625,256.1640625
time=21.616830587387085,9.67293095588684,9.658164024353027,8.691914558410645,10.843410968780518,10.121654272079468,8.723716259002686,10.101024866104126,10.364733695983887,9.349883556365967
----Iteration 8----
memory=256.46484375,254.06640625,254.09375,254.41796875,254.83984375,255.2421875,255.8515625,255.82421875,256.04296875,256.09765625
time=28.244220733642578,10.016938209533691,10.722647428512573,11.17270302772522,9.38336443901062,10.473585844039917,11.003254890441895,7.283745527267456,8.32161021232605,11.384799480438232
