----Iteration 3----
9349,8810;
9477,8742;9590,8738;9653,8695;
9867,8820;
8407,8892;9161,8862;9913,8835;
9161,8862;9913,8835;8598,8916;10109,8797;
9818,9002;10289,8978;
8643,9027;10326,9020;
8651,9128;10257,9119;10389,9012;10345,9038;10335,9057;
9060,9493;9836,9464;9843,9419;10119,9361;10125,9353;10268,9264;10315,9262;10449,9146;
9836,9464;9239,9546;9248,9484;10262,9412;10255,9454;10303,9384;10348,9330;10397,9279;10486,9124;10451,9195;
10255,9454;10348,9330;10451,9195;9387,9648;10124,9499;10218,9460;10307,9433;10316,9409;10352,9324;10425,9315;10500,9147;10543,9039;
----Iteration 7----
8906,8698;9099,8680;8494,8782;8459,8923;8792,8722;
9186,9087;9201,9038;9198,9052;9208,8935;9214,8926;
9415,9168;
8942,9326;9256,9273;9309,9263;9346,9251;9615,9230;9608,9242;
9803,9534;9866,9507;9903,9462;
9803,9534;9866,9507;9903,9462;9931,9388;9948,9384;9961,9379;
9803,9534;9866,9507;9961,9379;9902,9483;9960,9474;9961,9379;9988,9377;10025,9296;
10318,9581;10305,9599;
10318,9581;10305,9599;8710,9613;10427,9391;10362,9456;10386,9399;10495,9383;
10318,9581;10305,9599;10362,9456;9144,9729;9180,9696;9411,9678;10499,9389;10493,9440;
9144,9729;10493,9440;10368,9710;10385,9677;10440,9531;10518,9408;
----Iteration 5----
8389,8802;9238,8775;
9107,8835;9316,8765;9805,8595;9761,8661;9735,8692;
10061,8904;
10172,9051;
10172,9051;10339,9004;10380,8971;10358,8978;
10172,9051;10339,9004;10380,8971;10358,8978;9884,9098;10411,8928;10453,8911;
10172,9051;10339,9004;10380,8971;10358,8978;9884,9098;10621,8935;10635,8917;
10339,9004;10380,8971;10358,8978;10621,8935;10635,8917;10185,9201;10325,9175;10451,8969;10610,8961;
10621,8935;10185,9201;10451,8969;10610,8961;10345,9177;10428,8978;10408,9030;10426,8981;10649,8919;
10345,9177;9647,9260;9697,9229;9727,9225;10215,9219;10269,9207;10357,9170;10589,9056;10541,9114;10571,9068;10707,8994;10715,8953;
10589,9056;10541,9114;10571,9068;10707,8994;9900,9403;9908,9353;10278,9278;10356,9249;10357,9220;10374,9208;10381,9162;10386,9123;10595,9048;10658,9029;10876,8957;10901,8904;
----Iteration 2----
8402,8847;8918,8634;8366,8947;
9552,8692;9597,8682;9689,8572;
9622,8806;9716,8774;9683,8792;9820,8648;9803,8675;
9878,9032;9973,8814;9987,8759;
10043,9106;10089,9045;
10124,9175;10164,9144;10166,9125;
9795,9255;10286,9245;
10286,9245;10251,9396;10262,9275;10322,9157;10446,9069;10421,9114;
10405,9413;10425,9380;10463,9120;10472,9075;
10417,9698;10478,9673;10504,9570;10522,9529;10586,9508;10566,9513;10681,9352;
10417,9698;10478,9673;10522,9529;10586,9508;10566,9513;10681,9352;10516,9614;10658,9393;10676,9378;
----Iteration 1----
8032,8843;9256,8586;8564,8760;
9763,9087;
9550,9123;9953,9096;
9550,9123;9990,9082;9985,9105;10018,9021;10028,9007;
10262,9230;10339,9207;10413,9139;
10339,9207;10413,9139;10249,9269;10323,9251;10371,9143;10417,9077;
10339,9207;10413,9139;10323,9251;10417,9077;10302,9296;10398,9168;10406,9152;
10359,9328;10464,9196;
10484,9474;10495,9411;10559,9403;10581,9205;10602,9199;
9662,9612;9733,9607;10482,9507;10582,9475;10634,9369;10621,9403;10698,9300;
9662,9612;9733,9607;9774,9567;9782,9563;10583,9524;10634,9451;10725,9416;10718,9449;10743,9377;
----Iteration 4----
9130,8482;8387,8756;8769,8658;8834,8497;8603,8718;
9390,8526;9384,8647;
8505,9152;8569,9123;8588,9077;8903,8745;8914,8739;9451,8680;9370,8705;9414,8685;
8505,9152;8569,9123;8553,9134;8860,9118;9298,8839;9321,8802;9494,8751;
8595,9213;8622,9178;9403,9164;9562,8893;9726,8783;9754,8779;9756,8741;
8595,9213;8622,9178;9403,9164;8605,9205;8969,9165;9444,9081;9728,9052;9785,9001;9815,8781;9827,8738;9834,8576;
8940,9281;9006,9249;9085,9244;9285,9222;9288,9200;9748,9198;10046,9148;
9748,9198;10046,9148;8741,9357;9159,9331;9339,9307;9341,9300;9565,9256;9764,9150;10057,9048;10065,8986;
9857,9433;9899,9313;9950,9274;10086,9194;10053,9210;
9876,9457;10107,9455;10282,9140;10241,9164;10234,9261;
9389,9506;9391,9478;10327,9474;10357,9420;10374,9413;
----Iteration 6----
9171,8074;9023,8837;
9282,8728;9489,8711;9575,8697;9654,8672;
10046,9110;10055,9100;10022,9129;
10085,9201;10094,9128;
10162,9256;
10298,9514;10362,9486;10370,9451;
10298,9514;10437,9497;10439,9481;10457,9394;10502,9357;10587,9341;10596,9315;
10298,9514;10437,9497;10457,9394;10502,9357;10587,9341;10204,9572;10402,9498;10448,9492;10462,9369;10616,9329;
10587,9341;10616,9329;10481,9592;10493,9503;10532,9375;
10587,9341;10616,9329;10481,9592;10493,9503;10532,9375;9797,9685;10617,9259;
9877,9715;9853,9740;10003,9689;10577,9651;10594,9585;10590,9593;10704,9372;
----Iteration 0----
8814,8766;9420,8154;9217,8481;8918,8487;
9200,8713;9321,8641;
9200,8713;9375,8691;9389,8436;
9639,8777;
9718,9164;9796,9147;9948,9063;9953,8988;
9865,9201;10055,9189;10059,9167;10062,9125;
9865,9201;10072,9197;10092,9133;10112,9050;
10113,9424;10134,9406;10147,9383;10193,9256;
10113,9424;10139,9420;10240,9383;
10297,9404;10262,9469;10271,9405;10268,9435;
10405,9602;10454,9559;10488,9496;
----Iteration 8----
8402,8874;9161,8766;
8834,8909;8881,8878;8885,8833;9059,8424;9060,8358;
8803,9051;8859,9024;9016,8997;9222,8906;9182,8924;9441,8884;
9128,9258;9169,9211;9175,9198;9317,9146;9366,9071;9368,9024;9446,8976;9453,8933;
9128,9258;9169,9211;9317,9206;9350,9187;9352,9120;9393,9089;9580,9014;9683,8990;9759,8958;9743,8960;
9128,9258;9169,9211;9317,9206;9350,9187;8998,9281;9875,9160;10060,9065;
9128,9258;9169,9211;9317,9206;9350,9187;9875,9160;8951,9395;9117,9341;10031,9090;10120,9068;10096,9071;
9875,9160;8951,9395;9117,9341;8879,9398;8995,9375;9139,9304;9202,9264;9278,9245;9322,9211;9362,9206;10130,9071;10068,9080;10051,9115;10156,9050;10206,9036;10248,9030;10273,8957;
9875,9160;8951,9395;9117,9341;8879,9398;8995,9375;9202,9264;9278,9245;10051,9115;8828,9400;9053,9373;9183,9305;9432,9225;10304,8981;10273,9080;10429,8922;
10051,9115;9432,9225;9166,9451;9178,9447;9217,9411;9228,9384;9270,9340;9292,9265;9304,9231;9923,9161;10408,9091;10513,9088;
9217,9411;9206,9421;9268,9408;9178,9508;9349,9309;9348,9371;10316,9276;10294,9283;10349,9214;10347,9245;10392,9168;10378,9194;10582,9153;10566,9164;
----Iteration 9----
9096,8764;8180,8882;9163,8537;
8921,8597;8958,8596;8976,8520;9077,8460;
9074,9033;9015,9192;9056,9061;9299,8574;9254,8585;
9015,9192;9342,9152;9389,9117;9591,9114;9630,9079;
9502,9244;9669,9077;9650,9124;9636,9149;9788,9068;9899,9049;9996,9034;
9502,9244;9865,9171;10030,9069;10075,9039;
9865,9171;10030,9069;10075,9039;9737,9319;9738,9244;10051,9055;10079,9020;
9737,9319;9809,9244;9824,9179;10105,9115;10084,9173;
9809,9244;9754,9403;9791,9315;9882,9232;9891,9231;9925,9212;10136,9206;10287,9192;10347,9109;10319,9116;
9754,9403;10287,9192;10347,9109;9714,9413;9892,9376;9947,9338;10193,9322;10262,9202;10338,9125;10395,9083;
9754,9403;9714,9413;10193,9322;10180,9378;10194,9229;10245,9223;10307,9213;10430,9202;10444,9160;10442,9186;
