----Iteration 7----
x_Moead_Rfts_Worst=[3378, 3329, 3410, 3483, 3506, 3519]
y_Moead_Rfts_Worst=[3468, 3513, 3427, 3401, 3312, 3221]
----Iteration 2----
x_Moead_Rfts_Worst=[3355, 3531, 3536, 3514, 3226, 3347, 3440, 3442, 3489, 3236, 3311, 3369, 3358, 3402, 3408, 3472, 3605]
y_Moead_Rfts_Worst=[3349, 2993, 2969, 3078, 3414, 3368, 3300, 3238, 3185, 3391, 3390, 3325, 3331, 3320, 3310, 3225, 2941]
----Iteration 6----
x_Moead_Rfts_Worst=[3422, 3524, 3585, 3629, 3181, 3195, 3365, 3454, 3457]
y_Moead_Rfts_Worst=[3320, 3043, 2983, 2951, 3458, 3372, 3332, 3312, 3194]
----Iteration 4----
x_Moead_Rfts_Worst=[3561, 3545, 3581, 3598, 3605]
y_Moead_Rfts_Worst=[3111, 3232, 3101, 3024, 3006]
----Iteration 0----
x_Moead_Rfts_Worst=[3342, 3349, 3619, 3648]
y_Moead_Rfts_Worst=[3470, 3425, 3402, 3338]
----Iteration 1----
x_Moead_Rfts_Worst=[3146, 3198, 3444, 3508, 3630]
y_Moead_Rfts_Worst=[3462, 3444, 3438, 3413, 3379]
----Iteration 3----
x_Moead_Rfts_Worst=[3590, 3535, 3578, 3271, 3297, 3315, 3391, 3428, 3462, 3534, 3589]
y_Moead_Rfts_Worst=[2861, 3094, 2968, 3260, 3236, 3205, 3195, 3170, 3157, 3136, 2941]
----Iteration 5----
x_Moead_Rfts_Worst=[3323, 3199, 3503, 3277, 3303, 3506, 3514]
y_Moead_Rfts_Worst=[3507, 3560, 3482, 3540, 3538, 3418, 3127]
----Iteration 8----
x_Moead_Rfts_Worst=[3579, 3595, 3584, 3257, 3470, 3480, 3564, 3524, 3581]
y_Moead_Rfts_Worst=[3177, 3064, 3085, 3299, 3292, 3271, 3209, 3237, 3163]
----Iteration 9----
x_Moead_Rfts_Worst=[3130, 3541, 3512, 3625, 3061, 3202, 3219, 3448, 3471, 3468, 3580, 3565, 3638, 3642, 3654]
y_Moead_Rfts_Worst=[3511, 3303, 3304, 3263, 3520, 3480, 3438, 3414, 3365, 3391, 3269, 3295, 3230, 3226, 3191]
----End of Run----
