----Iteration 2----
13783,1360514197;14158,1384114057;14618,1433913921;13507,1384714475;13701,1367514081;14460,1357514198;14474,1324814234;
14173,1393214348;14211,1393114301;14446,1408614284;14376,1419314285;14173,1388114423;14650,1371014639;14707,1368314722;14873,1438914147;14967,1456814139;14978,1452714144;15003,1452614136;
14698,1427014422;14646,1384614647;14755,1378514772;14787,1424114470;15113,1469514198;15169,1463714304;15154,1464614395;15213,1459414295;
15113,1469514198;15169,1463714304;15154,1464614395;14790,1384714774;15403,1463014408;15424,1462114340;15755,1461714417;15614,1460714489;15761,1458814460;15787,1459714447;
15113,1469514198;14790,1384714774;14578,1426814618;14851,1428014593;15635,1464214528;15729,1468814473;15710,1462414474;15727,1453914507;15827,1466814468;
15113,1469514198;14790,1384714774;14578,1426814618;14851,1428014593;15729,1468814473;15827,1466814468;14200,1433614713;15251,1466914542;14679,1438314617;15687,1463014586;15743,1466614566;15677,1469314522;15810,1468114459;15831,1464314501;15775,1462214539;15842,1465414458;
14790,1384714774;14398,1462514702;14420,1466714697;14423,1466114696;14464,1464314661;15065,1468614627;14837,1443614731;14894,1456714651;15255,1478614471;15737,1452114637;15793,1476514625;15823,1472814560;15822,1473914575;15862,1469714545;15910,1466814489;15916,1469614425;
14790,1384714774;14420,1466714697;14423,1466114696;15065,1468614627;15255,1478614471;15793,1476514625;15823,1472814560;15822,1473914575;15862,1469714545;15910,1466814489;14487,1465114828;14968,1490014465;15339,1485014376;14766,1450014759;14872,1465314672;14569,1457014732;14598,1457414729;15299,1485514409;15882,1484514355;15389,1448814761;15868,1488214372;15845,1470014576;15757,1458914668;15825,1469814606;15941,1476914444;15823,1489014351;15814,1474114585;15916,1472614459;
15793,1476514625;14487,1465114828;14968,1490014465;15941,1476914444;14517,1461714843;15007,1489114607;15313,1490614403;15103,1443614777;14557,1460514791;15119,1489014543;15835,1464614767;16034,1467314711;15998,1475014750;15936,1489914499;15939,1480614473;15968,1482114439;
14487,1465114828;14517,1461714843;15007,1489114607;15119,1489014543;15936,1489914499;14812,1456514847;14302,1478714883;14999,1490614616;15017,1487614604;14693,1461914833;15227,1489714537;15858,1492314462;16122,1478214725;16137,1477814799;16121,1484514821;16109,1486714747;16140,1467514759;
14302,1478714883;16137,1477814799;16121,1484514821;16109,1486714747;15048,1498714660;15652,1508614464;15760,1477114901;15789,1474114839;15827,1506214393;16127,1485214699;16097,1494414714;16292,1474514812;16240,1476514804;16386,1479014793;16355,1471314829;
----Iteration 5----
13978,1405914351;14508,1426214002;14623,1375214303;14028,1460013533;13747,1458313938;14416,1434513569;
14170,1288414121;14190,1391714007;14392,1374913743;14424,1367213737;14371,1362513799;14902,1361813681;14462,1352713849;15462,1381113532;15529,1379613679;
14170,1288414121;14190,1391714007;15529,1379613679;14183,1394614005;14496,1380414017;14355,1392013879;14457,1382713949;15496,1386213674;15467,1388713635;15622,1376413588;15645,1375213598;15509,1381613707;15714,1371713638;15671,1372413580;
14370,1434914420;14380,1434614351;14889,1427914117;14883,1425214167;15531,1416513873;15526,1387813894;15599,1417213809;15861,1382813600;15848,1382013749;
14403,1438014467;14481,1422014307;14451,1434014442;14447,1431714446;14999,1431114212;15047,1436614127;15021,1435514173;15864,1413914187;15881,1413614145;15856,1422414087;15873,1419014167;
14999,1431114212;15047,1436614127;15021,1435514173;15864,1413914187;15881,1413614145;15856,1422414087;15873,1419014167;14828,1400614484;14884,1399414409;14697,1410614330;14486,1438914491;14358,1443814461;14763,1414214276;14513,1431814400;14566,1430614460;15078,1434614187;15622,1423713900;15619,1426813905;15629,1423913882;15711,1424113769;15852,1411814264;15866,1411814187;15916,1418514133;
15047,1436614127;15864,1413914187;15881,1413614145;15856,1422414087;15873,1419014167;14486,1438914491;14358,1443814461;14566,1430614460;15078,1434614187;15852,1411814264;15916,1418514133;15208,1415814578;14520,1437914481;14617,1438214436;15677,1429113836;15006,1400814602;15672,1431013834;15034,1439114223;15861,1402814256;15825,1420914246;15806,1424114418;15748,1425213797;15741,1427814086;15919,1412614095;15971,1413414021;15917,1412414211;
15047,1436614127;15006,1400814602;15034,1439114223;14907,1409214587;14685,1450314537;15656,1437713752;15673,1438913715;15969,1436114580;16006,1434314514;16005,1434414480;16046,1425614123;16092,1427314099;
16352,1462014805;16343,1464514794;
16352,1462014805;16343,1464514794;16003,1450914821;16356,1459114804;
15887,1447914990;15860,1456014973;15848,1449615051;16343,1461114897;16348,1466114839;16396,1459214927;16364,1464514896;
----Iteration 1----
13878,1417114002;14606,1400514136;14696,1369713424;14391,1345014296;14357,1420313430;14675,1388514072;14146,1467613588;14733,1363714171;13154,1410014319;14734,1286513441;14344,1448513768;14013,1353914235;14433,1413013871;
14723,1434714578;14728,1441914529;14797,1439414500;14816,1440614471;14823,1441014458;14871,1440414489;14952,1439614413;14913,1443114424;14908,1445214366;14906,1443014448;14872,1443814429;
14797,1439414500;14816,1440614471;14823,1441014458;14871,1440414489;14952,1439614413;14913,1443114424;14908,1445214366;14906,1443014448;14872,1443814429;14747,1442014613;14742,1448914642;14766,1441114624;14775,1434914564;14846,1437914560;14999,1431114451;15399,1407614907;15412,1404014882;15385,1409314876;15384,1413914585;
14766,1441114624;14775,1434914564;14846,1437914560;15399,1407614907;15385,1409314876;14754,1451514642;14753,1449614673;14737,1456214606;14758,1449314602;15258,1430014558;15382,1411814851;15068,1453714425;15209,1450114407;15412,1408014888;15383,1449914537;15525,1428014825;15606,1424614763;15664,1425214750;15608,1429314733;
15399,1407614907;15385,1409314876;15412,1408014888;14981,1448114715;14940,1450314718;14809,1453014698;14651,1408214929;14774,1402115055;15373,1406414937;15389,1403814952;15370,1412114886;15480,1458614612;15731,1427914846;15729,1432714855;15786,1438814841;
15480,1458614612;15786,1438814841;14778,1450714899;14949,1467514550;14890,1475514533;14920,1412015219;15053,1450514852;14989,1458414767;14937,1409015227;15231,1434515212;15253,1441215106;15461,1451414663;15720,1489514247;15782,1488114284;15860,1480714249;15452,1427914989;15451,1459614629;15681,1425314993;15788,1474314336;15622,1426215051;15972,1434614929;16004,1437514927;
15480,1458614612;15786,1438814841;14778,1450714899;15461,1451414663;15452,1427914989;15451,1459614629;15681,1425314993;15622,1426215051;15972,1434614929;16004,1437514927;15076,1457714865;14951,1467014772;15047,1481914598;15076,1481614516;15006,1459214806;15086,1478414518;15843,1494814361;15562,1422315072;15411,1450015250;15499,1453314620;15655,1461614451;15661,1428314970;16143,1434614826;15942,1489314287;15940,1494614352;16139,1415414981;16123,1427814990;16150,1420814980;
15480,1458614612;15786,1438814841;15452,1427914989;15451,1459614629;15681,1425314993;15622,1426215051;15972,1434614929;16004,1437514927;15562,1422315072;15411,1450015250;15661,1428314970;16143,1434614826;15940,1494614352;16139,1415414981;16123,1427814990;16150,1420814980;15190,1428215290;15147,1486115050;15127,1487615049;15337,1443715280;15910,1493614427;15785,1496714273;15547,1426815065;15344,1454415091;15878,1495714362;15569,1431914983;15979,1487514483;16018,1493014407;16022,1412015009;16164,1489314402;15994,1412015027;16045,1439814830;15951,1494014400;16167,1487014346;16062,1411014992;16064,1488214414;16165,1454214825;16252,1451514467;16229,1445014508;16263,1444514507;
15622,1426215051;15411,1450015250;15661,1428314970;16139,1415414981;16123,1427814990;16150,1420814980;15147,1486115050;15127,1487615049;15547,1426815065;15344,1454415091;15569,1431914983;16164,1489314402;15330,1454915413;15318,1457615392;15176,1479915073;15157,1485515018;15876,1497314484;15388,1453015376;15382,1453315382;15341,1451715407;15186,1475115092;15137,1487014981;15234,1480414876;16141,1496314549;15397,1497814625;15611,1427915056;16138,1472114938;16081,1415715069;16168,1490614369;16165,1476414932;16002,1425515082;16462,1470214706;16524,1471414673;16530,1459214574;
15622,1426215051;15411,1450015250;15330,1454915413;15318,1457615392;15388,1453015376;15382,1453315382;15341,1451715407;15397,1497814625;15611,1427915056;16165,1476414932;16002,1425515082;16462,1470214706;16524,1471414673;16530,1459214574;15281,1449915468;15363,1450815433;14993,1469615325;14935,1476915208;15788,1506814575;15408,1452815383;15514,1488215164;15628,1497514611;16072,1499214536;15599,1429415138;15867,1481115003;16160,1496414554;16242,1499514488;16099,1420615124;16133,1437515045;16150,1476614951;16177,1495914561;16157,1467515036;16292,1497614353;16183,1467814944;16219,1472114942;16194,1455615015;16351,1452014761;16394,1474514703;
15330,1454915413;15318,1457615392;15388,1453015376;15382,1453315382;16002,1425515082;15281,1449915468;15363,1450815433;15788,1506814575;15408,1452815383;15514,1488215164;16072,1499214536;15599,1429415138;15867,1481115003;16160,1496414554;16242,1499514488;16099,1420615124;16150,1476614951;16177,1495914561;16157,1467515036;16292,1497614353;16219,1472114942;16351,1452014761;15235,1479715484;15436,1452015417;15635,1477215134;15853,1505014652;15662,1471815111;16056,1415415175;16156,1494314602;16245,1477314936;16267,1497214399;16294,1494214341;16303,1464415073;16310,1477014921;16502,1486514637;16300,1467014987;16302,1469614968;16559,1485014746;16563,1480914747;16558,1473014751;
----Iteration 6----
13459,1428913778;14389,1404114624;13622,1429913730;14817,1400814080;13673,1437813565;14420,1404213475;13878,1421814129;
13887,1407414194;13913,1401414111;13810,1421914381;13964,1382014132;13811,1412814318;13976,1394414060;13959,1399714076;14613,1371114043;14491,1410113330;14506,1413713255;14559,1363814055;14668,1402613231;14538,1389013495;14623,1386713567;14528,1368914137;14524,1383214004;
13810,1421914381;13811,1412814318;14613,1371114043;14559,1363814055;14528,1368914137;14524,1383214004;14254,1432114075;14052,1425814222;14301,1429614048;14330,1423813887;14382,1418613910;14588,1371614032;14503,1388413990;14612,1403713922;15010,1441513853;15053,1440513795;
13810,1421914381;13811,1412814318;14052,1425814222;14223,1445014162;14543,1403414396;14968,1467714044;14930,1476014126;15152,1447413960;15205,1441313918;
13810,1421914381;13811,1412814318;14543,1403414396;13812,1402314397;14099,1382314543;14532,1409914260;15391,1480914221;15357,1477314248;15385,1478214246;15367,1474414258;
14543,1403414396;15391,1480914221;15385,1478214246;14540,1493814541;14294,1406214760;14256,1407814778;14701,1455014389;15243,1495314236;15277,1499014208;15191,1495314261;15040,1478414361;15366,1490614279;15333,1490514319;15376,1486614324;
15376,1486614324;14719,1503914705;14462,1449514794;14891,1496314409;14798,1473714581;15045,1485014548;15334,1501914406;15172,1493514487;15369,1492114270;15403,1491314308;15317,1484114412;
15334,1501914406;15317,1484114412;14800,1519714684;14468,1462114883;14869,1517414634;14779,1525914709;15071,1512714797;15211,1506214566;15224,1499714571;15296,1502714325;15196,1503714594;15164,1513114690;15477,1497014380;15382,1500114375;
15477,1497014380;15382,1500114375;15134,1541014828;14815,1549514805;15134,1537014830;15143,1524914936;15209,1533814801;15228,1530614899;15276,1537614786;15339,1531014849;15304,1531714839;15519,1492714206;15627,1491914251;15504,1496814145;15698,1492514247;
15477,1497014380;15143,1524914936;15228,1530614899;15339,1531014849;14897,1537714851;14748,1556214841;14840,1555014835;14823,1550114845;14850,1553214799;15221,1524814918;15161,1532914933;15219,1543314816;15041,1544714678;15255,1527814878;15228,1528314916;15272,1527214887;15443,1532914830;15386,1541714845;15445,1517214740;15402,1542914821;15841,1487814398;15448,1535214552;15716,1497214302;15816,1493714319;15906,1484614333;
15228,1530614899;15221,1524814918;15161,1532914933;15228,1528314916;15272,1527214887;15906,1484614333;15098,1515614955;15197,1529214945;15191,1536214906;15139,1537014910;15129,1539214870;14881,1560714863;15217,1512414926;15379,1537414882;15839,1550914827;15897,1550214863;
----Iteration 3----
14424,1433913574;13391,1376014496;14823,1370213673;14500,1370214238;14106,1371114227;14702,1393413450;14649,1427414070;
13733,1376714398;13780,1373014444;14308,1398614365;14728,1395214134;14683,1399914076;15249,1404813912;15121,1410913964;
13780,1373014444;14308,1398614365;14728,1395214134;13666,1381014481;13610,1378914503;13712,1380114461;14113,1386514398;14107,1388714368;14442,1382514313;15081,1423114061;15343,1406414112;15406,1413314105;15404,1413714086;
14308,1398614365;14113,1386514398;14107,1388714368;14442,1382514313;15081,1423114061;13771,1381314563;13772,1381114516;13831,1378114480;14192,1384914402;14508,1372714236;15263,1420514030;15154,1422514142;15535,1425613955;15364,1414314107;15498,1413814135;15468,1412514171;15508,1416214069;
14308,1398614365;14192,1384914402;14085,1392114825;14127,1396014788;14073,1401114749;14123,1407314674;14552,1348514347;15629,1446314044;14592,1353414337;14598,1349614337;15560,1447014071;15517,1441514102;15713,1441114228;15539,1439814324;
15713,1441114228;15539,1439814324;14076,1408714740;14213,1406514718;14226,1405814762;14221,1401814834;14503,1395414738;14285,1410314675;14329,1416714673;15636,1447214049;14826,1399114494;15563,1434714347;15727,1444214214;15579,1448714302;15676,1431914299;15774,1438314266;15701,1435714280;
14503,1395414738;14826,1399114494;14341,1423214792;14345,1423314739;14236,1431414728;14280,1408914849;14324,1415114808;14369,1423414620;14497,1397114692;15319,1469514303;14734,1404714477;14852,1396214529;15637,1443514439;15831,1461714430;
14503,1395414738;14236,1431414728;14497,1397114692;14486,1424614991;14322,1424714783;14309,1440114695;15914,1466714628;16029,1470414611;
14543,1424715074;14504,1425215028;14351,1429214820;14546,1424215090;14476,1429414810;14556,1419115121;16021,1480914685;15979,1471714704;16018,1471114747;16092,1478614690;
14543,1424715074;14504,1425215028;14546,1424215090;16021,1480914685;14562,1419415121;14692,1412815083;14700,1412315132;14381,1434314865;14490,1453514837;14770,1410515064;14769,1408215127;14680,1419015156;14535,1436414856;16088,1469314810;16093,1479514777;
14543,1424715074;14504,1425215028;14546,1424215090;14562,1419415121;14692,1412815083;14700,1412315132;14770,1410515064;14769,1408215127;14680,1419015156;16093,1479514777;14580,1433814952;15522,1510914415;15778,1498914542;14885,1409115091;14803,1412215027;15836,1487914540;16109,1470914820;16171,1473314773;16124,1487114708;16041,1469114868;16126,1474314802;
----Iteration 7----
14045,1420413934;13784,1319614322;14872,1421313551;14432,1389513972;13772,1447813465;13271,1385114007;12818,1341314330;13789,1382714013;15015,1397813849;13788,1420913741;14783,1381314291;
14202,1448813960;14206,1452813926;14249,1452113897;14401,1450913816;14275,1447213897;14390,1438113821;14265,1439713973;14657,1431413959;14636,1369714209;14706,1404414119;14721,1406414072;
14457,1455314115;14529,1454214136;14599,1452414096;14597,1456414111;15223,1442714473;15174,1449814549;15217,1447114617;
14626,1482614570;14712,1487314539;14723,1482114573;14781,1478914534;14739,1482314561;14817,1485014524;14765,1483814552;15261,1468414643;15448,1466814528;15455,1453514485;
15261,1468414643;15448,1466814528;14941,1494314604;14741,1495914637;14682,1490414686;14921,1488714608;14969,1488814607;14751,1488614638;14972,1492314575;15057,1486314546;15001,1503314454;15039,1499114510;15438,1465214538;15287,1471314545;15463,1466014536;15422,1467714536;15346,1471914542;15445,1468514515;15474,1462514583;
15448,1466814528;15463,1466014536;15445,1468514515;15474,1462514583;15131,1509014607;15318,1508314673;15455,1465214539;15354,1506814683;15498,1458814604;15422,1473914540;15469,1461414621;15385,1501014797;15413,1469714579;15412,1472314832;15405,1484114863;15485,1469014487;15468,1462614658;
15149,1514814769;15283,1512514771;15505,1510615034;15614,1509015011;15599,1507115037;
15149,1514814769;15505,1510615034;15614,1509015011;15599,1507115037;15245,1511514905;15134,1512414918;15073,1518614853;15153,1511714941;15183,1516114724;15403,1496415119;15309,1512614904;15443,1514214767;15663,1503315013;15689,1510214958;15631,1510514973;
15505,1510615034;15614,1509015011;15599,1507115037;15443,1514214767;15663,1503315013;15689,1510214958;15631,1510514973;15235,1521915107;15347,1513415035;15488,1511315180;15456,1512314742;15653,1505515174;15627,1509815007;15570,1507015169;15613,1510715008;15679,1496215027;15809,1505814981;15731,1508914921;15683,1497514997;15850,1507614908;
15653,1505515174;15809,1505814981;15850,1507614908;15571,1525715208;15650,1509915256;15780,1503715102;15636,1511215243;15703,1498115132;15672,1526614977;15695,1500115123;15941,1493415141;15748,1505515022;15779,1515414988;15807,1509614923;15894,1495515297;15926,1490615221;15871,1496215250;15923,1498015139;
15571,1525715208;15650,1509915256;15779,1515414988;15894,1495515297;15582,1515515320;15548,1514715353;15576,1519415282;15525,1519815269;15350,1526315130;15303,1532215146;15595,1525215241;15320,1535015063;15397,1527315109;15395,1528115072;15642,1512415287;15686,1528515053;15906,1499515279;15829,1513114950;16015,1507115246;16070,1503915197;16146,1508914944;
----Iteration 4----
13857,1445313454;13979,1394113734;14867,1393714198;13610,1438513733;13291,1409813904;13798,1445313496;14897,1367114174;
14267,1408613655;14261,1411613649;14886,1404314386;14921,1400214322;14859,1405514320;14896,1400514256;14952,1395814362;14949,1400014361;
14886,1404314386;14952,1395814362;14949,1400014361;14812,1397214393;15108,1441014334;14970,1398714351;14997,1427014345;15174,1448814284;14969,1392214380;15161,1451114245;
15108,1441014334;15174,1448814284;15161,1451114245;14857,1441514294;15070,1441214349;15291,1437814423;15387,1433914502;15193,1463214212;15409,1435214445;15385,1437114460;
15108,1441014334;15174,1448814284;15161,1451114245;15070,1441214349;15291,1437814423;15387,1433914502;15193,1463214212;15409,1435214445;15385,1437114460;15067,1442114439;14927,1442614333;14959,1444414315;15177,1453614225;15169,1458514217;15261,1460114202;15251,1462114210;15283,1456714197;15322,1438014301;15429,1429714424;15362,1437814356;15534,1423014425;15494,1423414444;
15108,1441014334;15174,1448814284;15161,1451114245;15070,1441214349;15193,1463214212;15067,1442114439;15177,1453614225;15169,1458514217;15261,1460114202;15251,1462114210;15052,1442414459;15024,1447614442;15081,1454714335;15144,1459714236;15134,1457114307;15331,1467614201;15367,1471114153;15069,1443414374;15357,1453014170;15404,1456214142;15414,1453214137;15687,1424914369;15610,1438814579;15611,1437714564;15635,1438314463;
15577,1508314524;15626,1504014544;15739,1482014658;15717,1483114597;15742,1485614570;
15577,1508314524;15626,1504014544;15739,1482014658;15717,1483114597;15546,1514914543;15672,1489614639;15710,1484814693;15728,1482314750;15954,1489914576;16047,1495214532;16028,1498114532;16009,1491714560;16029,1498514528;
15728,1482314750;15235,1473914772;15669,1520614512;15829,1494214710;16119,1508714614;16070,1501714626;16182,1518614558;
15829,1494214710;16119,1508714614;16182,1518614558;15628,1500414747;15577,1522814577;15675,1522314533;15840,1486514795;15672,1494614741;15915,1514114615;15885,1482614820;16035,1512614625;16158,1516014588;16116,1513514607;16109,1505914643;
15840,1486514795;15915,1514114615;16116,1513514607;15588,1524114592;15898,1523014608;15888,1486314854;15942,1469414779;16180,1513114690;16190,1506714761;16256,1531514588;16343,1522814565;16316,1523014562;16315,1511914570;16309,1512114583;16367,1517014550;
----Iteration 0----
14010,1431614018;14599,1400013658;13855,1366314297;14598,1402713509;14585,1394414227;13726,1442114248;14940,1354113891;14509,1412614242;
14482,1390113938;14677,1377314303;14417,1379514011;14797,1375214373;14830,1367314336;14953,1340713323;14958,1334913320;15026,1346513317;
15165,1439514811;15240,1440714766;15283,1464714504;15190,1448214791;15230,1445314774;15302,1460214592;15257,1439514775;15335,1450314750;15349,1457914731;15316,1459814733;
15625,1480914769;15605,1477914784;15626,1476214835;15648,1474614846;15670,1471914866;15655,1472014897;
15626,1476214835;15648,1474614846;15670,1471914866;15655,1472014897;15349,1476914824;15253,1475214907;15578,1483714823;15900,1490114781;15896,1479214812;
15619,1482615048;15701,1495814891;15933,1492614930;
15666,1511115005;15763,1504715027;15855,1511714848;15817,1511914780;15834,1486615071;15897,1509314819;15885,1494214999;15871,1497714949;15874,1501714889;15927,1488214936;15920,1494014950;16072,1496514932;
15834,1486615071;15885,1494214999;15644,1519015208;16078,1513114961;15791,1516715077;15792,1479615091;15926,1493015009;15960,1511614989;16071,1521414968;15984,1506214983;16177,1508414981;16130,1509014931;16193,1501914964;16230,1509814816;16243,1508414806;16277,1502714796;
16078,1513114961;16071,1521414968;16177,1508414981;16130,1509014931;16230,1509814816;16243,1508414806;16277,1502714796;15569,1524815229;15909,1522315198;15718,1529715226;15972,1516415067;15882,1527615191;16053,1515515051;16069,1522415000;15948,1531015072;16132,1508015039;16233,1502914972;16209,1503714999;16233,1500715006;16336,1500414917;16381,1500614905;
15909,1522315198;15882,1527615191;16209,1503714999;16233,1500715006;15761,1538315244;15869,1524415250;16132,1546715182;16156,1539715132;16182,1534515109;16176,1535615070;16223,1506214982;16310,1503414998;16205,1520915178;16232,1510514977;16488,1507814965;16411,1508914956;16581,1498414954;16530,1505214978;
15761,1538315244;16132,1546715182;16530,1505214978;15890,1552815063;15755,1547615076;15884,1536315269;16168,1542415157;15897,1547114878;15928,1530415283;16259,1542315110;16190,1545215095;16356,1539915227;16401,1534915178;16484,1503715034;16629,1501614904;16615,1519114922;16589,1519514974;16681,1511314865;
----Iteration 9----
14220,1354514407;14633,1337314264;13568,1397314340;14623,1376714395;14480,1424914096;14163,1384514098;14719,1373213988;14535,1393314057;13980,1428413330;14780,1386213680;13940,1405414326;14130,1413514164;
14217,1417114186;14177,1425214289;14196,1428114239;14623,1376714395;14719,1373213988;14188,1426114284;14291,1390813930;14466,1377413772;
14177,1425214289;14196,1428114239;14188,1426114284;14166,1430114301;14144,1435514189;14157,1437014188;14181,1436814143;14218,1434414184;14189,1435314236;14404,1422414741;14444,1441014131;14399,1448514124;14451,1420814720;14818,1418514521;14741,1412114640;14754,1408614583;14942,1396114617;15011,1399114589;15091,1411814519;
14444,1441014131;14399,1448514124;14116,1441314564;14421,1443214341;14357,1444614271;14153,1441914484;14331,1433514510;14469,1427814781;14812,1415114649;14819,1409114671;15152,1428114580;15135,1429814622;
14469,1427814781;15135,1429814622;14368,1445014623;14213,1446614588;14373,1454614298;14497,1447614358;14443,1449114297;14550,1446914349;15076,1437514701;15089,1444014691;15122,1429814654;15154,1434114603;15185,1438314542;15229,1430314613;
14469,1427814781;15342,1452014698;15338,1456014745;15372,1459714670;
14874,1461814604;14844,1463314581;14796,1464514567;15273,1432714817;15311,1431414811;15312,1424414807;15438,1460614711;15412,1460714665;15380,1456814751;15474,1457914680;
15273,1432714817;15311,1431414811;15312,1424414807;15438,1460614711;15412,1460714665;15380,1456814751;15474,1457914680;14694,1466614780;15217,1478314683;15116,1483214693;15131,1478214715;15195,1482214681;14818,1462014778;15245,1479414660;15342,1460414714;15300,1474414671;15054,1440415075;15292,1428614858;15468,1462214664;15520,1457014634;15575,1469414633;15570,1469814585;15588,1462414532;
15311,1431414811;15312,1424414807;15438,1460614711;15412,1460714665;15380,1456814751;15342,1460414714;15292,1428614858;15468,1462214664;15054,1442115101;15069,1504114789;15169,1502514828;14981,1444315015;15220,1499214862;15181,1418314863;15275,1485814822;15250,1491314800;15372,1438014806;15330,1479614734;15308,1480814691;15248,1491914822;15402,1438414779;15473,1476414568;15543,1458314682;15516,1475014614;15594,1471614644;15625,1462714587;
15311,1431414811;15312,1424414807;15438,1460614711;15412,1460714665;15468,1462214664;15054,1442115101;15372,1438014806;15402,1438414779;15473,1476414568;15543,1458314682;15516,1475014614;15594,1471614644;15625,1462714587;15102,1448915069;15097,1450015058;15265,1494814904;15258,1505914926;15278,1501914888;15294,1430115050;15297,1430515012;15381,1484914803;15430,1438814760;15839,1466914465;15887,1483014411;15873,1481114423;15923,1480014436;15920,1483914378;
15438,1460614711;15372,1438014806;15402,1438414779;15473,1476414568;15543,1458314682;15516,1475014614;15594,1471614644;15102,1448915069;15097,1450015058;15258,1505914926;15294,1430115050;15297,1430515012;15381,1484914803;15430,1438814760;15125,1455515022;15091,1498415118;15260,1504614931;15337,1501114992;15259,1503214962;15179,1449915022;15257,1435415062;15106,1447815094;15297,1488315007;15300,1506314899;15358,1494115003;15775,1487214368;15471,1437514763;15958,1466414568;15822,1464114631;15969,1484214488;15819,1463914670;15913,1486114451;16000,1483314478;16020,1483914477;
----Iteration 8----
14915,1347614096;14650,1440614418;15035,1389313910;
13973,1424714125;13986,1423814124;14041,1422214134;14065,1421114141;14848,1492914030;14791,1493714084;14991,1414413876;14988,1416613836;14887,1424113834;15071,1399313770;14955,1421113830;15059,1402813765;
14848,1492914030;14963,1445614445;14729,1446214302;14794,1446014270;14779,1450514298;14874,1491714116;14846,1496314107;14821,1499214102;15308,1462413969;15570,1460314227;15545,1462014176;
14848,1492914030;14963,1445614445;14846,1496314107;14821,1499214102;15570,1460314227;15545,1462014176;14322,1477714396;14901,1476114426;15246,1490014371;15376,1476014204;15301,1491914350;15309,1486614367;15607,1459814326;15612,1452814190;15700,1448314412;
14848,1492914030;14963,1445614445;14846,1496314107;14821,1499214102;14322,1477714396;14901,1476114426;15301,1491914350;15700,1448314412;14694,1436714545;15355,1491114384;15513,1471314310;15363,1486414392;15381,1483414361;15756,1467114329;15669,1445514451;15759,1465714320;15895,1453314145;15893,1457814089;15925,1455214087;
15133,1493914725;15686,1510914364;16520,1505314491;
15133,1493914725;15686,1510914364;16520,1505314491;15672,1480314528;15891,1454514532;16531,1492514427;16509,1509314524;16481,1502114527;
15133,1493914725;16520,1505314491;16509,1509314524;16481,1502114527;15133,1501314710;15180,1509914671;16086,1485314550;15161,1498414708;15231,1502414643;15851,1518814521;16442,1480814569;16545,1501814433;16532,1492314464;16535,1489414504;16595,1493014463;
16509,1509314524;15180,1509914671;15161,1498414708;15142,1501814775;15088,1503814776;15917,1530114562;15903,1537914585;15925,1465414611;16163,1513514540;15875,1525614645;16439,1515514339;16318,1514614358;16408,1513114419;16530,1488814585;16448,1515414281;16484,1491314545;16495,1517214201;16499,1490314535;16653,1506614489;16650,1507314514;16646,1505214531;16661,1493814479;
16509,1509314524;15180,1509914671;15161,1498414708;15142,1501814775;15088,1503814776;15917,1530114562;15903,1537914585;16163,1513514540;15875,1525614645;16439,1515514339;16408,1513114419;16448,1515414281;16484,1491314545;16495,1517214201;16653,1506614489;16650,1507314514;16646,1505214531;16661,1493814479;15256,1451114882;15124,1511714766;15857,1543914621;15744,1540214630;15917,1525714575;16082,1492914587;15866,1535714614;16392,1515814420;15923,1516114487;16337,1513314428;16398,1516414321;16531,1490114662;16591,1501914537;
15180,1509914671;15142,1501814775;15088,1503814776;16495,1517214201;16650,1507314514;16646,1505214531;16661,1493814479;15124,1511714766;15857,1543914621;15744,1540214630;16591,1501914537;15153,1512114751;15940,1539214661;15529,1498614914;15907,1448314733;15898,1450514741;15987,1536914594;15975,1537214632;16413,1520714595;16426,1521714557;16475,1514514504;16535,1491414676;16460,1517114588;16509,1497614620;16540,1478614638;16620,1500514537;16598,1512814535;16566,1511914536;16654,1508014513;
