----Iteration 4----
8225,83278572;7964,84688468;8702,83928492;8933,83008515;8455,88648153;8889,87548294;8249,88038419;8641,81628683;9155,85728352;8384,89697923;
8359,88708253;8356,88658300;8357,88738264;8660,88078113;8580,88208446;8829,87028781;8791,87588807;
8829,87028781;8791,87588807;8431,89858263;8369,84218836;8495,89818487;8722,89708688;8795,89178657;8845,89158597;8890,89118576;8830,88518635;8864,89398587;9028,88978560;
8829,87028781;8791,87588807;8403,89848884;8577,91758854;8757,91708843;9034,90128776;9010,91298772;9282,90178625;9270,88708769;9250,88788773;9325,90028739;
9034,90128776;9010,91298772;8413,89918970;8934,92098888;8994,91808761;8456,89628906;9037,90998757;9016,91228731;9015,91278704;9389,89948766;9377,90218671;9315,90888649;9412,89828696;9323,90498615;9426,88808914;9406,89948717;9384,90028844;
8413,89918970;8934,92098888;9426,88808914;9384,90028844;8317,87749020;8331,88298987;8898,91568921;8837,91908920;8957,92358836;8310,88199041;8442,89828967;9027,91808850;8658,87698929;8727,88228927;9406,92608806;9271,89508901;9373,91948816;9412,92658792;9440,88348846;9439,90578691;9459,91238687;9474,88248808;
9426,88808914;9384,90028844;9406,92608806;9412,92658792;9439,90578691;9459,91238687;8376,87639120;8975,92538849;8999,92298918;8919,92848963;9273,92139041;9276,89408999;9375,92218828;9369,93228827;9295,90058936;9294,89858948;9510,88648910;9479,91858662;9482,88888853;9515,88188934;9569,88818853;9539,91238657;
9273,92139041;9276,89408999;9295,90058936;9294,89858948;8443,88219124;9042,92889012;9115,93628999;8449,88119044;9160,93478973;9390,93588856;9371,93258866;9421,93478827;9278,89358992;9437,88138993;9510,88888929;9470,91478813;9451,92008722;9448,92038767;9508,91948734;9533,88748982;9539,91378785;9652,90718892;
9273,92139041;9295,90058936;8443,88219124;9115,93628999;9160,93478973;9390,93588856;9371,93258866;9421,93478827;9437,88138993;9533,88748982;8428,88289086;9221,93209057;9388,93888841;9351,93958922;9289,93908941;9283,89659003;9279,90089002;9301,89489045;9313,89998991;9424,92558838;9476,92828727;9593,92478802;9766,88858871;9702,92358871;9808,88048885;9656,91688892;9739,89598938;9814,86498911;9673,91648898;
9301,89489045;9766,88858871;9702,92358871;9739,89598938;9814,86498911;9673,91648898;9011,93779172;9274,93329060;9402,95458886;9410,95398857;9467,95148934;9495,88559120;9331,91759028;9548,94428999;9518,88869028;9664,93508945;9538,88559008;9812,87298907;9821,88698891;9665,92808919;9734,92368832;9757,92498808;9709,92798808;9775,86588991;9828,90118835;9783,87438907;9783,91668786;9778,92188748;9829,89348861;
9739,89598938;9011,93779172;9274,93329060;9402,95458886;9410,95398857;9467,95148934;9548,94428999;9664,93508945;9665,92808919;9775,86588991;9783,91668786;9367,95158994;9387,95138939;9342,95778908;9541,89399134;9508,89879206;9014,92379113;9355,95319010;9338,94909053;9486,89929190;9475,94758911;9642,94008953;9555,94448969;9590,93598980;9670,93708911;9605,94528955;9571,94538830;9737,86679018;9749,92868838;9709,92898900;9781,92638873;9836,90828880;9897,90228916;
----Iteration 1----
8025,86898039;8480,86768319;9008,82208121;9089,81167834;8642,84698095;8307,83438692;8688,86527981;8949,84528631;8995,83088292;
8319,85158488;8207,84718554;8487,85168479;8477,85128526;8626,85738468;
8245,88398564;8264,88308524;8385,86638641;8406,85118608;8521,87948566;8577,86908600;8688,86128594;
8704,90358652;8385,90768781;8416,85688869;8437,86258868;8379,86348929;8765,89568749;8683,90678723;8656,91138755;8791,89528526;8905,90088520;
8416,85688869;8437,86258868;8379,86348929;8765,89568749;8526,92108840;8735,88358776;8532,91858754;8727,91238815;8739,91238758;8741,91708737;8740,92308716;8912,90278547;9059,90178544;8942,90408496;8979,90778414;
8765,89568749;8727,91238815;8741,91708737;8740,92308716;9059,90178544;8599,90598894;8616,90668846;8559,92248917;8539,92809085;8489,92889034;8580,91998887;8744,89508871;8739,90248899;8700,92178838;8859,91668579;8753,91398781;8763,89318861;8766,89408816;8816,89288749;8942,90688560;8968,90988549;8871,88558717;8911,90938578;8872,88278697;8993,91118512;8969,90448625;9041,90358572;9044,90698508;9037,90778499;9047,90678559;
8740,92308716;8559,92248917;8539,92809085;8489,92889034;8580,91998887;8744,89508871;8739,90248899;8700,92178838;8763,89318861;8766,89408816;8816,89288749;8911,90938578;8969,90448625;9041,90358572;9047,90678559;8585,88139147;8556,92558912;8591,92648860;8557,92958886;8729,90438989;8741,92258607;8703,86729263;8767,91838804;8869,91858657;8772,87879228;8738,90199028;8784,87849258;8727,91358903;8886,90958625;9105,87628921;8949,91298564;9001,91248517;9151,87508829;9030,91028574;9192,88688826;9069,90798548;9120,88708810;9131,87278919;
8539,92809085;8489,92889034;8700,92178838;8591,92648860;8557,92958886;8729,90438989;8703,86729263;8767,91838804;8869,91858657;8772,87879228;8738,90199028;8784,87849258;8727,91358903;8669,88049263;8767,88179198;8515,88469197;8639,92099045;8574,92609050;8434,93189048;8467,93418967;8546,92958909;8615,92898795;8737,87999212;8647,90648958;8746,92788786;8802,88179194;8849,91978755;8781,92268571;8753,92388583;8934,91818559;9029,91748533;9238,90888839;9154,90418918;9146,90398960;9188,91518870;9215,89169094;
8539,92809085;8489,92889034;8703,86729263;8767,91838804;8869,91858657;8772,87879228;8738,90199028;8784,87849258;8727,91358903;8767,88179198;8434,93189048;8467,93418967;8546,92958909;8737,87999212;8746,92788786;8802,88179194;8849,91978755;8781,92268571;8753,92388583;9238,90888839;9154,90418918;9146,90398960;9188,91518870;9215,89169094;8684,88289283;8698,88959252;8684,91729111;8705,91789095;8713,92789084;8333,93299110;8524,93468904;8502,89259249;8664,93108906;8754,92258771;8813,92158676;9138,91918647;9059,90909013;9209,91778593;9158,90088988;9237,91288887;9223,90148946;9198,89768986;9312,91048821;
8539,92809085;8489,92889034;8434,93189048;8467,93418967;8746,92788786;8849,91978755;8781,92268571;8753,92388583;8684,91729111;8705,91789095;8713,92789084;8524,93468904;8664,93108906;8754,92258771;8813,92158676;8649,91239173;8354,94029131;8363,93759169;8790,89699448;8833,89839407;8785,90409422;8725,90999208;8601,93368926;8650,93408825;8747,92378782;9177,92248657;9118,90649330;9128,90469316;9133,89979226;9508,90879014;9310,91879058;9444,91189174;9386,91349148;9483,90949044;9577,90729134;9631,90569086;
8539,92809085;8489,92889034;8434,93189048;8467,93418967;8746,92788786;8713,92789084;8664,93108906;8754,92258771;8813,92158676;8354,94029131;8790,89699448;8601,93368926;8650,93408825;8747,92378782;9177,92248657;9118,90649330;9128,90469316;9310,91879058;9444,91189174;9386,91349148;8967,91379397;8916,91999423;8340,93469212;8364,93959189;8550,93878904;8549,93888856;9004,90829322;8733,93178867;8876,92078817;9116,92768672;9309,91999015;9331,91799044;9394,91608738;9460,91598690;9659,90959200;9645,90989182;9613,91099231;9731,91589085;9743,91399046;9764,90979059;
----Iteration 6----
8141,84288368;9186,82278350;7886,86428708;8919,88108356;9076,83168056;9084,83117881;
8752,87928196;8793,87728179;8939,87358183;8889,89018144;9250,86998583;9266,86798623;9300,86688604;
8889,89018144;9062,87688643;9039,87558687;8833,89458584;8851,88888220;8894,88818230;8851,89338184;8992,88028350;9492,85368747;9340,87608646;9520,85198735;9586,85228701;9532,85748694;9593,84768711;
9492,85368747;9213,88838704;9164,89688701;9345,87358907;9248,90588438;9249,90278436;9231,88238658;9265,89998397;9424,88388654;9489,85308765;9571,85968746;9526,85138754;9482,85998724;9621,86188711;9649,84938694;
9571,85968746;9621,86188711;9649,84938694;9159,89368780;9149,90108754;9092,90958672;9335,87898970;9306,87408988;9467,88008922;9099,91228660;9379,90568486;9419,87848927;9411,88488913;9313,90478537;9253,90808750;9472,90468476;9502,87228882;9503,85648789;9505,86118772;9533,89098757;9600,89098499;9619,84878726;
9369,87549136;9362,87379174;9395,87739102;9166,91399020;9293,92478940;9381,87139183;9069,88899186;9683,88329053;9639,89088944;9643,87549055;9499,91758653;9945,90508852;9741,88279054;9743,88358951;9881,90258911;
9362,87379174;9293,92478940;9381,87139183;9069,88899186;9297,86999195;9425,87929158;9409,88489108;9180,92648845;9847,87899142;10033,92329096;10010,91729099;
9293,92478940;9069,88899186;10033,92329096;10010,91729099;9420,88029207;9405,88689178;9346,92418949;9557,92728912;9808,87539215;9980,92189110;9950,88039196;9997,88559171;9955,92389026;10047,91599072;10075,90918967;10055,90368982;10088,89498918;10122,89398880;
9069,88899186;9405,88689178;9950,88039196;9997,88559171;9817,88419237;9822,93299165;9329,93718961;9971,91799160;9975,92399120;10080,92539096;10087,92219135;10130,92219089;10249,91689063;
9817,88419237;9822,93299165;10080,92539096;10130,92219089;10249,91689063;9841,88209264;9374,94688993;9756,88459241;10000,93189078;10097,92459214;10067,92559079;10196,91079157;10285,91669108;10309,91179105;
9822,93299165;10080,92539096;10130,92219089;10249,91689063;9841,88209264;9374,94688993;10000,93189078;10097,92459214;10067,92559079;10196,91079157;10285,91669108;10309,91179105;9806,88399312;9840,88789291;9761,88949263;9730,93379082;9736,89109282;10031,92519181;9909,93559018;9947,92779106;10122,90509191;10032,92679087;10187,91169164;10122,92419091;10283,91539120;10235,91309144;10184,91759044;
----Iteration 3----
8158,84488421;8328,88378087;8998,83138157;8349,82668159;9316,78788374;7778,85788247;8819,84677750;8229,83518144;8671,83177831;9146,82117659;7791,81338513;8357,84357777;8829,83907589;9047,83277752;8338,83918103;8711,80488471;
8615,87908538;8808,87868498;8715,87128510;8644,86928519;8854,88188440;8946,88808426;8949,89128410;8936,89548407;8963,89598377;8987,89598338;
8858,88338559;8797,89028549;9102,89248468;9116,87918625;9038,87958486;9150,90558407;9165,90528422;9191,86898436;9204,90348373;9352,89068426;9376,89288422;
8746,89108623;9200,88098774;9251,88968676;9407,88648559;9358,90618563;9523,89988427;9425,88418589;9660,90328420;
9200,88098774;9358,90618563;9660,90328420;9129,89518709;9237,90778469;9255,90018595;9334,89888564;9351,89288744;9353,89618647;9365,89408531;9405,90428528;9373,89208693;9459,89088576;9488,88718615;9613,90208511;9623,88658449;9606,90628503;
9613,90208511;9606,90628503;9417,91878677;9420,90398977;9421,91608692;9430,91258549;9431,90718565;9503,89488830;9567,90298595;9562,89268795;9620,90458471;9641,89808669;9778,90038395;9788,90008498;9716,90848453;9822,89308530;9815,90018473;
9417,91878677;9421,91608692;9430,91258549;9503,89488830;9567,90298595;9788,90008498;9716,90848453;9822,89308530;9815,90018473;9398,90559035;9426,91139027;9363,91678989;9436,91148671;9478,89928864;9503,90188619;9645,90158610;9805,87598572;9682,90238604;9704,90128595;9753,90798574;9764,90098813;9913,88438473;9980,88408458;9961,88558469;10008,88918443;9948,90308470;9993,89988439;
9716,90848453;9753,90798574;9764,90098813;9913,88438473;9980,88408458;9961,88558469;10008,88918443;9948,90308470;9993,89988439;9477,91579099;9486,92259046;9168,92808595;9182,92948562;9228,92858569;9548,90098926;9572,89858907;9536,90108986;9611,90218883;9576,90128884;9793,90458610;9902,90368777;9906,90028759;9996,89448379;10026,88928422;10006,89328451;
9764,90098813;9477,91579099;9486,92259046;9168,92808595;9182,92948562;9228,92858569;9536,90108986;9902,90368777;9906,90028759;9110,93318666;9220,92768680;9416,92748944;9514,91509065;9702,92108955;9690,92248928;9714,91848896;9897,90018845;10004,90408666;9893,90358782;9849,89408851;9990,90988712;9955,90968754;9914,89818795;10139,89958649;10148,89458643;
9477,91579099;9486,92259046;9514,91509065;9702,92108955;9690,92248928;9897,90018845;10139,89958649;9532,92468980;9514,92918960;9528,93188934;9349,93678914;9636,90639125;9485,93548845;9608,90849106;9678,92748814;9753,91999009;9883,89408860;9860,90508896;10067,92038821;9993,91658827;10082,90798832;9994,91318844;10156,88878683;10093,89398715;10141,89108668;10160,89888648;10191,88578619;
9678,92748814;9753,91999009;10067,92038821;10156,88878683;10160,89888648;10191,88578619;9491,92369087;9454,93759000;9855,91669142;9592,92929029;9632,94108999;9614,91169163;9618,92619075;9699,92319021;9824,91559147;9801,92578996;9792,92708934;9870,91278944;9943,90578965;10040,91808859;9935,91288920;10058,91678822;10106,90468837;10095,91088842;10145,90108792;10139,90058821;10164,90378647;10132,90758656;
----Iteration 5----
8632,85838169;8493,81128506;8670,83588129;8178,81998363;9211,82857978;7949,88257702;8144,84808231;8545,83168304;8012,87958288;8063,82848336;8959,81768297;8675,81838254;9031,86968071;9147,81618397;
8310,89608443;8259,89708261;8948,87908585;8922,87958609;8992,87548706;8999,87868645;
8379,90448454;8878,89958619;8884,89978604;9140,88358784;9157,88828723;9169,88528719;9102,89708669;9159,88738736;
8379,90448454;8878,89958619;8884,89978604;9102,89708669;8432,90328463;8481,90268401;8865,89988682;8961,89858637;9066,88248816;9239,88018814;9204,89068804;9263,87538828;9327,87828731;9332,87668751;
9102,89708669;8825,90738664;8424,91328446;8701,86608932;9078,90628698;9028,90598702;8894,90108716;9068,89988757;9133,89448732;9452,89128892;9495,89168865;9487,89198828;9507,88498892;
8825,90738664;8424,91328446;8701,86608932;9078,90628698;9028,90598702;8599,88098961;8998,90068803;8764,85538927;9083,90268747;8891,91078572;9173,90068802;9422,89408884;9515,89218893;9551,89098898;9558,89278839;
8424,91328446;9083,90268747;8891,91078572;9173,90068802;9422,89408884;9515,89218893;9558,89278839;8646,84409067;8994,90708820;9029,90198885;9079,90908764;9368,89288895;9299,89518903;9535,89398868;9655,89168989;9686,89058982;9672,89119027;9639,89358833;
8646,84409067;8994,90708820;9672,89119027;9085,90618901;9162,92028719;9117,92668770;9125,92348742;9381,90748805;9235,91148739;9318,90908774;9565,90529032;9333,90708818;9574,89269027;9546,90548945;9698,88999056;9570,90108996;9710,88879033;9731,89529005;
8646,84409067;9672,89119027;9162,92028719;9117,92668770;9565,90529032;9698,88999056;9710,88879033;9731,89529005;9471,91858975;9097,93578763;9175,92468659;9137,92528841;9176,92188701;9582,91049013;9648,89509033;9648,91138932;9709,90588998;9780,89188987;9857,88638964;9636,90968956;9789,89508942;
8646,84409067;9672,89119027;9565,90529032;9698,88999056;9710,88879033;9731,89529005;9471,91858975;9582,91049013;9648,89509033;9709,90588998;9780,89188987;9857,88638964;9789,89508942;9248,93608889;9517,91948928;9326,93678829;9347,92868743;9489,91648981;9392,92388944;9305,93878877;9317,94008847;9331,93648764;9467,92068885;9591,90989013;9411,92518739;9659,90799007;9664,91478958;9560,91668916;9772,88759027;9591,91518922;9629,91498920;9791,88038999;9795,88958969;9666,90938885;9834,88908989;
9565,90529032;9471,91858975;9582,91049013;9709,90588998;9857,88638964;9789,89508942;9248,93608889;9517,91948928;9326,93678829;9347,92868743;9392,92388944;9305,93878877;9317,94008847;9331,93648764;9467,92068885;9591,90989013;9659,90799007;9664,91478958;9560,91668916;9791,88038999;9834,88908989;9416,92008967;9401,92118937;9381,92458904;9749,89599120;9370,92288947;9738,89469161;9544,91818995;9543,92668846;9764,89329131;9546,92038877;9596,92368865;9789,89429042;9673,91608942;9602,92288857;9770,89299074;9682,89309170;9681,90938943;9845,89008971;9893,89488956;
----Iteration 0----
8868,88167698;7968,82928556;8864,84937718;8766,85618239;8820,83628277;8627,81988802;8632,88168464;8805,84938159;
8363,84478719;8617,83778821;8911,87318486;8886,87938680;
8584,82548939;8857,89098817;8811,88298862;8933,90028727;8899,88728745;8908,88128802;8952,89838728;8897,87538865;9034,86958900;
9034,86958900;8566,85158949;8596,85118952;8816,85019018;9018,90128884;9093,87818847;9092,87878805;9153,87538773;9126,87418793;
9018,90128884;8700,87299033;8798,90478710;8931,90428770;8966,86139061;8982,88839006;9003,89978941;8951,86479131;9049,85398959;9047,88998899;9061,89688889;9118,88698860;9153,87728894;9101,87788909;9273,88848756;9322,89348744;9329,89288677;9274,89458750;
9018,90128884;8982,88839006;9003,89978941;9061,89688889;9322,89348744;9329,89288677;8874,87159181;8918,88039108;8950,91118800;8918,87369117;9067,89558963;8962,90708854;8923,87719116;9142,87329131;8867,87469143;9058,89848859;8990,90208967;9167,87748964;9143,86818988;9298,88838898;9272,89618910;9284,89508951;9200,90718822;9508,88758719;9504,89538638;9534,88688666;
8874,87159181;8950,91118800;8962,90708854;8990,90208967;9298,88838898;9272,89618910;9284,89508951;9200,90718822;9508,88758719;9504,89538638;9534,88688666;9219,87219151;8877,88529171;9083,88689095;9097,89039077;9140,89568948;9124,90168997;9081,86779170;8946,91808821;9202,91328676;9149,88339139;9235,88489093;9033,90658860;9237,88389067;9272,88889050;9395,88409013;9387,89718886;9285,88359069;9437,86439020;9450,89768831;9464,89718759;9511,89088681;9530,88978694;
8950,91118800;8990,90208967;9083,88689095;9097,89039077;9124,90168997;8946,91808821;9202,91328676;9149,88339139;9235,88489093;9237,88389067;9272,88889050;9395,88409013;9285,88359069;9437,86439020;8972,89189241;9024,89579009;9147,89988989;8950,91868761;9029,89179022;9136,91628742;9332,87879205;9267,87939209;9034,88129152;9036,90928755;9185,88539082;9077,89649006;9170,90808714;9355,88169021;9331,88209028;9529,90418964;9590,89898985;9469,90738886;9668,90048975;9633,90068966;
8946,91808821;8972,89189241;8950,91868761;9332,87879205;9267,87939209;9529,90418964;9590,89898985;9668,90048975;9633,90068966;8896,89009254;9160,88889293;9117,89949149;9276,87499213;9454,91729039;9522,91519128;9827,88679052;9793,89519082;9804,88839148;9810,88929083;
8972,89189241;9332,87879205;9590,89898985;9668,90048975;9633,90068966;8896,89009254;9160,88889293;9117,89949149;9522,91519128;9827,88679052;9793,89519082;9804,88839148;9810,88929083;9004,87909301;9168,88329252;9306,88139239;9432,92009060;9478,92238991;9581,91939110;9796,89309007;9727,89888972;9781,90138959;9665,90308939;9754,90268914;9782,89928942;9751,90388878;9776,89629188;9774,89709093;
8972,89189241;9332,87879205;8896,89009254;9160,88889293;9117,89949149;9522,91519128;9793,89519082;9804,88839148;9004,87909301;9432,92009060;9478,92238991;9581,91939110;9796,89309007;9776,89629188;9774,89709093;8874,89389308;8835,89499311;9150,90179133;9321,87999292;9377,87699260;9386,87409282;9405,92269003;9522,92198979;9313,88669276;9603,90299123;9789,88649149;9741,90529059;9787,90509076;9780,91049002;9789,88239171;9779,88489173;9797,88969102;9864,88769091;9839,90128887;9905,88409091;9881,88959090;
----Iteration 2----
7979,83618432;9283,83328194;7580,87668407;8696,85037968;8696,83698405;7961,88577949;8831,84657931;8363,78608578;8321,87558226;8122,84398338;8557,86168014;8985,82328466;8552,85888296;
8748,82498768;8778,82518690;8715,83008828;8827,82388771;9182,88228634;
8715,83008828;9182,88228634;8976,88268294;9020,85478754;8955,87098806;9111,86918730;9269,85778697;9176,86748672;9301,87178658;9349,86448603;
9201,90328705;9266,89868635;9222,90078741;8952,85298875;9237,88748713;9241,88408789;9304,89398595;9348,87438858;9383,87328671;9372,86088713;
8716,85888932;8840,85509029;9368,90688893;8940,85408918;9453,85808917;9507,89278833;9478,85268924;9672,88938860;9638,88488884;9659,88018879;
9368,90688893;9056,87309181;9250,90788859;9451,90139163;9088,87459171;9402,90249105;9474,90248943;9459,90498911;9678,90128999;9702,89998924;9711,89998923;9892,89609131;
9056,87309181;9451,90139163;9088,87459171;9402,90249105;9678,90128999;9892,89609131;9090,87589166;9374,91038995;9377,91098791;9414,90828734;9463,90719099;9376,90949018;9458,89279154;9470,90169009;9499,90328926;9748,90238993;9764,90268979;9547,86729134;9894,90068967;10040,90059026;
9567,92128959;9531,91029234;9761,91269067;9739,91699135;9527,91059176;9748,91529075;9531,91409175;9752,91719039;9910,89159154;9847,90719206;9865,90938992;10101,89079039;10090,90899133;
10197,93149313;
10197,93149313;9816,91969410;9869,92119361;9867,92369363;9846,92719383;10198,92479321;
10197,93149313;9816,91969410;9759,94279402;9841,93649404;9920,92269407;10199,93249296;10233,92909395;10177,93359327;10204,92939379;
----Iteration 7----
8775,86468335;8187,87478017;9120,81167679;8610,84198414;8798,87147901;8681,79498459;8829,78438307;8152,81568575;8834,83698263;8524,86038368;8321,87378166;8940,81207814;
8504,87197813;8471,87617812;8470,87757866;8543,87487802;8594,87128135;8898,87108065;8995,87078310;
8995,87078310;8608,88548246;8623,87788319;8651,88008260;8579,87748350;8863,88148216;8952,87468376;9022,86568256;8974,87708251;
8729,89208489;8667,89868432;8972,92468426;8925,87928435;8893,87998444;8614,89538438;9014,93198362;9015,92978374;9030,93048370;9116,92448397;9144,91968169;9143,91978236;9179,91878247;9207,91248240;
9014,93198362;8763,94218235;8798,94088313;9045,93368331;9108,93178398;9316,89658589;9243,92428541;9118,92458434;9112,92708438;9246,91528455;9272,91068521;9250,91348649;9270,91088502;9410,90168397;
9045,93368331;9108,93178398;9112,92708438;8722,92688464;8886,94448430;8843,94528439;8948,93808432;8987,93678416;8940,93848445;9066,93278436;8991,91628747;9367,90778928;9296,90858914;9404,92538704;9398,90468880;9459,91548859;
9367,90778928;9404,92538704;9459,91548859;9149,90258982;9150,95318626;9321,91648931;9183,94138612;9309,91218947;9362,92668709;9329,93978724;9438,90848921;9362,92058739;9443,91428879;9497,90968857;9559,90938837;9520,90848883;
9309,91218947;9191,90619011;9070,91068971;9067,96128591;8997,96798619;8962,97078496;9242,90088973;9351,95998737;9375,92858937;9333,96078708;9448,92318905;9424,95778772;9420,95708797;9655,91108929;9548,91978940;9602,91968938;
9424,95778772;9420,95708797;9286,96608890;9193,97098929;9182,97338939;9291,97178874;9370,96308772;9378,96198812;9430,95348696;9586,94208978;9665,93579015;9672,92358963;
9388,98509035;9402,96898669;9417,96478734;9415,96508719;9520,96258782;9489,96288801;9578,94798956;9627,94669015;9777,93929165;
9578,94798956;9627,94669015;9777,93929165;9207,96329134;9361,96759095;9287,99159022;9238,100888947;9421,98689073;9341,99848973;9433,98109014;9469,97909067;9534,98548799;9486,98168816;9658,94719004;9637,96848891;9557,97828749;9549,97998756;9603,96948887;9819,93309201;9717,93459170;9783,94029126;9714,94159055;
----Iteration 8----
8349,88828013;8556,88287882;9318,86278575;8735,88637814;8405,87768633;
9166,85988484;9206,85748507;9328,82838236;9203,85808483;9198,85848460;9212,84448474;
8813,81718616;9368,88828542;9347,88888519;9343,88958568;9309,89698605;9372,85298548;9539,83368426;9477,83638360;9394,85078418;9362,88668573;9527,83278436;
9343,88958568;9309,89698605;9379,88998552;9293,89618668;9434,89368516;9422,89218551;9378,88948626;9350,90248549;9374,88098651;9417,88808616;9404,89248544;9624,86808730;9592,86738742;9437,88408583;9429,88868537;9450,88238500;
9309,89698605;9293,89618668;9434,89368516;9422,89218551;9378,88948626;9350,90248549;9374,88098651;9417,88808616;9404,89248544;9624,86808730;9437,88408583;9429,88868537;9346,89158737;9188,88068799;9452,90028502;9389,89378602;9406,88258623;9571,87698726;9473,90148444;9609,87288751;9601,87638875;9520,89128421;9482,89218392;9682,87098717;9648,87848638;9722,87888630;9705,86678678;
9188,88068799;9571,87698726;9601,87638875;9682,87098717;9648,87848638;9705,86678678;9412,90098695;9400,90258737;9573,91348573;9179,84898923;9171,85118883;9419,90118692;9501,90898585;9377,87748755;9574,89608570;9637,87568795;9612,89658433;9634,89168477;9719,88598419;9836,88128633;
9188,88068799;9571,87698726;9601,87638875;9682,87098717;9573,91348573;9501,90898585;9637,87568795;9155,85018951;9183,85568944;9178,85688893;9215,88048812;9235,88258794;9435,90768758;9549,89118789;9370,89658782;9437,90298767;9619,91668568;9668,90048676;9698,89798603;9577,88368694;9683,86578824;9676,86748827;9839,88488639;9844,91328583;9883,90928581;9803,89318649;9874,87928716;
9883,90928581;9874,87928716;9265,87009006;9259,87299031;9714,89368846;9273,88878854;9542,91238802;9313,85108939;9776,91508704;9699,88088876;9631,88038895;9756,87618908;9654,87938903;9712,89378853;9784,92038687;9811,92598580;9797,92048647;9857,88318863;9861,91558636;9856,91728674;9868,91648629;
9265,87009006;9259,87299031;9654,87938903;9811,92598580;9856,91728674;9244,88398938;9119,88309137;9459,92168858;9188,87439085;9143,87909169;9783,92268839;9346,86589062;9661,89488889;9725,88198900;9745,87698942;9853,92148768;9941,91308874;9792,87738919;9885,91708672;
9811,92598580;9856,91728674;9119,88309137;9188,87439085;9143,87909169;9783,92268839;9853,92148768;9941,91308874;9770,92038845;9164,87259117;9674,92618873;9797,88178991;9713,88879002;9795,91608847;9743,88459070;9795,88448944;9806,92208827;9753,88609003;9900,91578799;9912,91468787;9891,91718749;9957,91278937;
9811,92598580;9119,88309137;9143,87909169;9674,92618873;9797,88178991;9743,88459070;9753,88609003;9957,91278937;9197,88619015;9789,92438896;9592,93118616;9734,92938727;9702,87739124;9747,89499003;9743,92218971;9669,88289132;9714,91858991;9909,91298971;9937,92228912;10007,90948861;9948,91718638;9983,91328922;
----Iteration 9----
8611,83758293;8680,85158048;8266,86588452;8940,83748036;8340,79048322;8415,87497861;9204,83407880;
8592,84928525;8585,83758532;8574,84208559;8942,85818509;9194,86228503;9263,87118501;
9191,89018699;9118,88648719;9203,87188752;9277,87308722;9210,87678626;9265,87398608;
9081,89578683;9304,89128793;9391,87728837;9452,87418794;9365,88618770;9468,86368751;9454,86528726;9488,86518700;9462,87088700;9472,87028684;
9391,87728837;9365,88618770;9342,89968887;9437,88148791;9452,87058808;9540,87218768;9418,87428854;9618,86688770;9496,87638803;9647,86378683;
9540,87218768;9618,86688770;9496,87638803;9465,90769072;9482,91459065;9531,87548710;9523,89258618;9539,86778802;9630,86308831;9663,85808863;9788,86488796;9759,85728855;
9482,91459065;9537,90179024;9551,89939027;9467,91869082;9463,91269091;9579,89958998;9495,90979008;9502,90639032;9654,88058990;9637,88108943;9505,90489082;9550,90399012;9690,87349054;9635,89658764;9707,84838995;9671,89208817;9850,86948894;9958,86798861;9960,86528919;
9482,91459065;9467,91869082;9463,91269091;9495,90979008;9502,90639032;9654,88058990;9637,88108943;9505,90489082;9690,87349054;9707,84838995;9960,86528919;9095,89459096;9451,92229050;9577,90389063;9487,89239120;9601,90469004;9599,90519030;9851,89998885;9698,87929033;9901,89168913;9774,90068861;9863,89988832;9779,90378827;9766,90438875;9969,86698916;10032,85868965;10035,86868870;9994,87238822;10105,86888866;
9482,91459065;9467,91869082;9463,91269091;9505,90489082;9690,87349054;9707,84838995;9095,89459096;9451,92229050;9577,90389063;9487,89239120;9601,90469004;9599,90519030;9901,89168913;10105,86888866;9574,91129057;9510,91889050;9633,89879054;9725,90858950;9704,89389048;9860,90358954;9799,90628950;9609,92938944;9650,91848918;9669,87809054;9864,90378912;9797,90468956;9817,90328994;10040,86658986;10010,87658844;9883,89058937;10008,88258936;9987,88318977;10114,86778876;10052,87608887;
9487,89239120;10105,86888866;10040,86658986;10008,88258936;9987,88318977;10114,86778876;9528,94569023;9516,94309091;9579,94549048;9614,88749132;9634,94179039;9683,93349069;9661,93829075;9930,92479077;9767,93139088;9907,92549082;9868,92509088;10054,87138978;9936,90199033;9967,91468993;10022,88848847;9892,91809116;10091,88008899;
10105,86888866;10040,86658986;10008,88258936;10114,86778876;9528,94569023;9579,94549048;9634,94179039;9930,92479077;10054,87138978;10022,88848847;10091,88008899;9518,94539120;9539,94139176;9605,94459107;9662,94139147;9757,94009146;9918,93119066;9773,93169101;9772,93589066;9714,93419152;9913,92549087;9938,91869069;9996,91489036;9959,92379042;9973,92999024;9909,93149116;9981,92389016;10067,87708942;9998,89018802;
