----Iteration 6----
duplicated=25.0,27.0,25.0,17.0,15.0,15.0,13.0,8.0,17.0,13.0
mean_error=113.17,63.32,50.98,58.39,61.21,52.46,51.9,57.07,48.99,46.67
memory=168.72265625,176.84375,182.671875,185.203125,187.83203125,189.7578125,191.81640625,192.8203125,194.03515625,195.7734375
time=11.612135887145996,11.785015344619751,13.843511819839478,10.42934775352478,12.170103073120117,11.660895586013794,10.047780513763428,11.524408102035522,12.109229564666748,12.203270435333252
----Iteration 7----
duplicated=32.0,22.0,25.0,18.0,19.0,15.0,9.0,11.0,15.0,8.0
mean_error=130.3,56.37,71.15,56.64,54.29,55.51,55.82,54.42,48.69,46.34
memory=173.48828125,179.33984375,183.53515625,185.8125,188.578125,190.55859375,192.51953125,192.95703125,194.63671875,196.39453125
time=13.704917907714844,11.920089483261108,13.684474229812622,12.649200916290283,12.910459041595459,11.143285036087036,9.51162600517273,12.448103189468384,12.446731328964233,11.06098985671997
----Iteration 0----
duplicated=33.0,27.0,33.0,16.0,14.0,14.0,12.0,19.0,14.0,12.0
mean_error=117.48,60.12,65.28,55.86,49.19,55.1,59.46,58.84,54.75,53.91
memory=171.65234375,177.3203125,183.85546875,186.55859375,189.4296875,190.88671875,192.6640625,193.1484375,194.984375,196.65625
time=13.735960006713867,10.78415322303772,15.36480975151062,13.845493078231812,13.924320459365845,12.127788305282593,11.18094539642334,10.28730034828186,11.928098678588867,12.837514400482178
----Iteration 2----
duplicated=16.0,22.0,20.0,20.0,25.0,17.0,14.0,14.0,15.0,12.0
mean_error=95.44,56.8,52.15,59.08,54.57,45.8,49.5,50.37,48.74,50.88
memory=166.98828125,176.23046875,181.71484375,185.35546875,188.234375,190.0703125,192.6796875,193.3125,195.29296875,196.78125
time=10.234796524047852,12.753990888595581,13.443688869476318,12.190222263336182,13.346441268920898,14.525958061218262,13.82080626487732,11.329647779464722,12.566563844680786,12.743352174758911
----Iteration 5----
duplicated=32.0,28.0,24.0,14.0,23.0,24.0,20.0,15.0,17.0,16.0
mean_error=113.6,59.12,52.11,58.74,56.38,50.41,57.78,60.71,58.96,54.97
memory=172.86328125,181.15625,184.83203125,186.48046875,189.68359375,191.609375,193.08984375,193.3125,195.5234375,196.4921875
time=13.754003286361694,13.47000527381897,14.232200860977173,11.66659164428711,14.608247756958008,13.447009801864624,11.223308086395264,11.208168983459473,11.01876425743103,12.279347896575928
----Iteration 3----
duplicated=32.0,26.0,23.0,26.0,15.0,17.0,12.0,16.0,11.0,9.0
mean_error=99.01,100.35,63.37,56.49,54.9,52.14,53.51,52.22,48.01,45.66
memory=173.83203125,178.8515625,183.39453125,186.78125,188.70703125,191.61328125,192.69140625,193.8125,195.875,196.5546875
time=13.776074409484863,11.582117080688477,13.805768251419067,14.379682064056396,12.281117677688599,15.047487497329712,12.505295276641846,10.763244152069092,13.632541418075562,9.992679357528687
----Iteration 4----
duplicated=33.0,23.0,25.0,22.0,15.0,14.0,16.0,15.0,13.0,9.0
mean_error=128.77,75.93,52.99,52.66,49.13,47.8,48.8,53.52,49.51,47.67
memory=174.18359375,180.296875,184.08203125,187.8515625,189.01171875,191.28125,192.7734375,193.32421875,195.76171875,196.48046875
time=14.620218276977539,12.176185607910156,13.6713285446167,15.188082695007324,11.90275239944458,12.970567226409912,10.735889434814453,12.536938667297363,14.84556794166565,10.320516586303711
----Iteration 1----
duplicated=33.0,25.0,32.0,29.0,21.0,23.0,20.0,16.0,22.0,9.0
mean_error=91.63,60.4,73.27,60.19,60.76,57.37,54.76,53.59,54.1,59.35
memory=172.86328125,179.73828125,182.875,187.1640625,188.70703125,190.74609375,192.71484375,194.6875,196.26953125,196.53515625
time=13.202316761016846,12.103304862976074,13.267517805099487,14.979178190231323,12.023114919662476,13.25742793083191,13.353986740112305,14.534445762634277,13.87425708770752,7.737922668457031
----Iteration 9----
duplicated=28.0,24.0,20.0,35.0,16.0,22.0,14.0,6.0,13.0,17.0
mean_error=105.92,56.6,58.31,67.53,53.64,54.61,56.91,50.93,55.09,54.52
memory=196.41796875,196.40625,196.47265625,196.6328125,196.8125,196.890625,196.90234375,196.9609375,197.06640625,197.0703125
time=5.566565036773682,2.935163736343384,2.4393246173858643,3.425330877304077,2.7369987964630127,2.6287057399749756,2.6653409004211426,2.3407442569732666,2.6770288944244385,2.33065128326416
----Iteration 8----
duplicated=35.0,28.0,25.0,14.0,24.0,17.0,15.0,11.0,12.0,15.0
mean_error=87.26,98.01,55.96,58.97,46.92,47.94,50.77,46.99,45.95,45.7
memory=196.44921875,196.55078125,196.46875,196.58203125,196.89453125,196.86328125,197.0546875,197.09375,197.046875,196.9609375
time=9.418526411056519,2.88616681098938,3.184159517288208,2.562216281890869,3.078286647796631,2.9215242862701416,2.8854241371154785,2.9809699058532715,2.850969076156616,2.363316297531128
