----Iteration 4----
x_Moead_Rfts=[9739, 9011, 9274, 9402, 9410, 9467, 9548, 9664, 9665, 9775, 9783, 9367, 9387, 9342, 9541, 9508, 9014, 9355, 9338, 9486, 9475, 9642, 9555, 9590, 9670, 9605, 9571, 9737, 9749, 9709, 9781, 9836, 9897]
y_Moead_Rfts=[8959, 9377, 9332, 9545, 9539, 9514, 9442, 9350, 9280, 8658, 9166, 9515, 9513, 9577, 8939, 8987, 9237, 9531, 9490, 8992, 9475, 9400, 9444, 9359, 9370, 9452, 9453, 8667, 9286, 9289, 9263, 9082, 9022]
z_Moead_Rfts=[8938, 9172, 9060, 8886, 8857, 8934, 8999, 8945, 8919, 8991, 8786, 8994, 8939, 8908, 9134, 9206, 9113, 9010, 9053, 9190, 8911, 8953, 8969, 8980, 8911, 8955, 8830, 9018, 8838, 8900, 8873, 8880, 8916]
----Iteration 1----
x_Moead_Rfts=[8539, 8489, 8434, 8467, 8746, 8713, 8664, 8754, 8813, 8354, 8790, 8601, 8650, 8747, 9177, 9118, 9128, 9310, 9444, 9386, 8967, 8916, 8340, 8364, 8550, 8549, 9004, 8733, 8876, 9116, 9309, 9331, 9394, 9460, 9659, 9645, 9613, 9731, 9743, 9764]
y_Moead_Rfts=[9280, 9288, 9318, 9341, 9278, 9278, 9310, 9225, 9215, 9402, 8969, 9336, 9340, 9237, 9224, 9064, 9046, 9187, 9118, 9134, 9137, 9199, 9346, 9395, 9387, 9388, 9082, 9317, 9207, 9276, 9199, 9179, 9160, 9159, 9095, 9098, 9109, 9158, 9139, 9097]
z_Moead_Rfts=[9085, 9034, 9048, 8967, 8786, 9084, 8906, 8771, 8676, 9131, 9448, 8926, 8825, 8782, 8657, 9330, 9316, 9058, 9174, 9148, 9397, 9423, 9212, 9189, 8904, 8856, 9322, 8867, 8817, 8672, 9015, 9044, 8738, 8690, 9200, 9182, 9231, 9085, 9046, 9059]
----Iteration 6----
x_Moead_Rfts=[9822, 10080, 10130, 10249, 9841, 9374, 10000, 10097, 10067, 10196, 10285, 10309, 9806, 9840, 9761, 9730, 9736, 10031, 9909, 9947, 10122, 10032, 10187, 10122, 10283, 10235, 10184]
y_Moead_Rfts=[9329, 9253, 9221, 9168, 8820, 9468, 9318, 9245, 9255, 9107, 9166, 9117, 8839, 8878, 8894, 9337, 8910, 9251, 9355, 9277, 9050, 9267, 9116, 9241, 9153, 9130, 9175]
z_Moead_Rfts=[9165, 9096, 9089, 9063, 9264, 8993, 9078, 9214, 9079, 9157, 9108, 9105, 9312, 9291, 9263, 9082, 9282, 9181, 9018, 9106, 9191, 9087, 9164, 9091, 9120, 9144, 9044]
----Iteration 3----
x_Moead_Rfts=[9678, 9753, 10067, 10156, 10160, 10191, 9491, 9454, 9855, 9592, 9632, 9614, 9618, 9699, 9824, 9801, 9792, 9870, 9943, 10040, 9935, 10058, 10106, 10095, 10145, 10139, 10164, 10132]
y_Moead_Rfts=[9274, 9199, 9203, 8887, 8988, 8857, 9236, 9375, 9166, 9292, 9410, 9116, 9261, 9231, 9155, 9257, 9270, 9127, 9057, 9180, 9128, 9167, 9046, 9108, 9010, 9005, 9037, 9075]
z_Moead_Rfts=[8814, 9009, 8821, 8683, 8648, 8619, 9087, 9000, 9142, 9029, 8999, 9163, 9075, 9021, 9147, 8996, 8934, 8944, 8965, 8859, 8920, 8822, 8837, 8842, 8792, 8821, 8647, 8656]
----Iteration 5----
x_Moead_Rfts=[9565, 9471, 9582, 9709, 9857, 9789, 9248, 9517, 9326, 9347, 9392, 9305, 9317, 9331, 9467, 9591, 9659, 9664, 9560, 9791, 9834, 9416, 9401, 9381, 9749, 9370, 9738, 9544, 9543, 9764, 9546, 9596, 9789, 9673, 9602, 9770, 9682, 9681, 9845, 9893]
y_Moead_Rfts=[9052, 9185, 9104, 9058, 8863, 8950, 9360, 9194, 9367, 9286, 9238, 9387, 9400, 9364, 9206, 9098, 9079, 9147, 9166, 8803, 8890, 9200, 9211, 9245, 8959, 9228, 8946, 9181, 9266, 8932, 9203, 9236, 8942, 9160, 9228, 8929, 8930, 9093, 8900, 8948]
z_Moead_Rfts=[9032, 8975, 9013, 8998, 8964, 8942, 8889, 8928, 8829, 8743, 8944, 8877, 8847, 8764, 8885, 9013, 9007, 8958, 8916, 8999, 8989, 8967, 8937, 8904, 9120, 8947, 9161, 8995, 8846, 9131, 8877, 8865, 9042, 8942, 8857, 9074, 9170, 8943, 8971, 8956]
----Iteration 0----
x_Moead_Rfts=[8972, 9332, 8896, 9160, 9117, 9522, 9793, 9804, 9004, 9432, 9478, 9581, 9796, 9776, 9774, 8874, 8835, 9150, 9321, 9377, 9386, 9405, 9522, 9313, 9603, 9789, 9741, 9787, 9780, 9789, 9779, 9797, 9864, 9839, 9905, 9881]
y_Moead_Rfts=[8918, 8787, 8900, 8888, 8994, 9151, 8951, 8883, 8790, 9200, 9223, 9193, 8930, 8962, 8970, 8938, 8949, 9017, 8799, 8769, 8740, 9226, 9219, 8866, 9029, 8864, 9052, 9050, 9104, 8823, 8848, 8896, 8876, 9012, 8840, 8895]
z_Moead_Rfts=[9241, 9205, 9254, 9293, 9149, 9128, 9082, 9148, 9301, 9060, 8991, 9110, 9007, 9188, 9093, 9308, 9311, 9133, 9292, 9260, 9282, 9003, 8979, 9276, 9123, 9149, 9059, 9076, 9002, 9171, 9173, 9102, 9091, 8887, 9091, 9090]
----Iteration 2----
x_Moead_Rfts=[10197, 9816, 9759, 9841, 9920, 10199, 10233, 10177, 10204]
y_Moead_Rfts=[9314, 9196, 9427, 9364, 9226, 9324, 9290, 9335, 9293]
z_Moead_Rfts=[9313, 9410, 9402, 9404, 9407, 9296, 9395, 9327, 9379]
----Iteration 7----
x_Moead_Rfts=[9578, 9627, 9777, 9207, 9361, 9287, 9238, 9421, 9341, 9433, 9469, 9534, 9486, 9658, 9637, 9557, 9549, 9603, 9819, 9717, 9783, 9714]
y_Moead_Rfts=[9479, 9466, 9392, 9632, 9675, 9915, 10088, 9868, 9984, 9810, 9790, 9854, 9816, 9471, 9684, 9782, 9799, 9694, 9330, 9345, 9402, 9415]
z_Moead_Rfts=[8956, 9015, 9165, 9134, 9095, 9022, 8947, 9073, 8973, 9014, 9067, 8799, 8816, 9004, 8891, 8749, 8756, 8887, 9201, 9170, 9126, 9055]
----Iteration 8----
x_Moead_Rfts=[9811, 9119, 9143, 9674, 9797, 9743, 9753, 9957, 9197, 9789, 9592, 9734, 9702, 9747, 9743, 9669, 9714, 9909, 9937, 10007, 9948, 9983]
y_Moead_Rfts=[9259, 8830, 8790, 9261, 8817, 8845, 8860, 9127, 8861, 9243, 9311, 9293, 8773, 8949, 9221, 8828, 9185, 9129, 9222, 9094, 9171, 9132]
z_Moead_Rfts=[8580, 9137, 9169, 8873, 8991, 9070, 9003, 8937, 9015, 8896, 8616, 8727, 9124, 9003, 8971, 9132, 8991, 8971, 8912, 8861, 8638, 8922]
----Iteration 9----
x_Moead_Rfts=[10105, 10040, 10008, 10114, 9528, 9579, 9634, 9930, 10054, 10022, 10091, 9518, 9539, 9605, 9662, 9757, 9918, 9773, 9772, 9714, 9913, 9938, 9996, 9959, 9973, 9909, 9981, 10067, 9998]
y_Moead_Rfts=[8688, 8665, 8825, 8677, 9456, 9454, 9417, 9247, 8713, 8884, 8800, 9453, 9413, 9445, 9413, 9400, 9311, 9316, 9358, 9341, 9254, 9186, 9148, 9237, 9299, 9314, 9238, 8770, 8901]
z_Moead_Rfts=[8866, 8986, 8936, 8876, 9023, 9048, 9039, 9077, 8978, 8847, 8899, 9120, 9176, 9107, 9147, 9146, 9066, 9101, 9066, 9152, 9087, 9069, 9036, 9042, 9024, 9116, 9016, 8942, 8802]
----End of Run----
