----Iteration 4----
duplicated=33.0,37.0,26.0,17.0,25.0,14.0,13.0,13.0,18.0,19.0
mean_error=189.35,108.37,143.87,99.56,94.49,93.34,91.72,104.18,101.28,90.89
memory=201.1484375,221.42578125,229.47265625,235.7421875,240.6015625,244.4921875,248.4453125,253.21484375,257.640625,260.51953125
time=30.299669981002808,30.894343376159668,28.92494034767151,23.80099081993103,31.184171676635742,23.82648539543152,19.995937824249268,17.33519744873047,24.13887357711792,23.782493591308594
----Iteration 1----
duplicated=34.0,29.0,25.0,18.0,18.0,25.0,13.0,7.0,33.0,17.0
mean_error=161.02,107.59,137.06,88.17,88.21,105.34,88.95,88.31,113.0,93.98
memory=208.359375,222.59765625,230.7578125,236.078125,238.52734375,244.3359375,249.1796875,253.58984375,258.23046875,260.578125
time=31.146836280822754,31.808400630950928,28.30635380744934,24.1031494140625,24.51925778388977,27.912954092025757,22.12570595741272,16.52911925315857,30.879924058914185,20.104774951934814
----Iteration 6----
duplicated=37.0,32.0,20.0,18.0,27.0,20.0,27.0,14.0,12.0,16.0
mean_error=160.1,131.25,122.67,92.96,108.8,100.37,82.47,85.42,88.42,80.97
memory=201.42578125,217.23046875,226.4921875,235.6484375,238.75,244.77734375,250.46875,256.6015625,259.11328125,261.328125
time=30.686789751052856,25.954473733901978,28.876855611801147,27.33141565322876,29.12413716316223,29.461537837982178,26.16365122795105,23.819398880004883,22.848597049713135,19.935664176940918
----Iteration 3----
duplicated=31.0,26.0,27.0,25.0,31.0,16.0,28.0,21.0,14.0,17.0
mean_error=211.07,111.19,89.19,87.45,90.94,87.39,90.33,87.66,85.2,84.35
memory=203.8359375,218.59375,228.4609375,236.16796875,242.28125,245.63671875,251.546875,257.00390625,259.828125,261.32421875
time=29.7590491771698,26.769670486450195,30.17104458808899,28.284977674484253,32.001991987228394,25.537583589553833,27.086739540100098,23.45453190803528,22.492319345474243,19.257720232009888
----Iteration 5----
duplicated=34.0,36.0,23.0,21.0,22.0,20.0,24.0,24.0,25.0,23.0
mean_error=195.83,102.24,87.92,99.92,94.13,97.5,84.18,82.65,89.33,87.89
memory=203.76953125,221.94921875,229.1953125,235.89453125,238.26171875,244.10546875,248.84375,255.046875,258.74609375,261.44921875
time=30.916887283325195,31.33493185043335,26.316446542739868,25.64652395248413,25.521808862686157,23.34513235092163,27.303168773651123,23.27868366241455,27.846770524978638,25.389559268951416
----Iteration 0----
duplicated=34.0,30.0,29.0,22.0,20.0,22.0,20.0,13.0,17.0,14.0
mean_error=199.27,102.89,85.78,86.51,115.09,90.92,87.52,90.25,88.31,89.99
memory=204.703125,221.75390625,231.38671875,237.09375,242.54296875,245.9921875,251.42578125,256.8671875,260.0234375,261.2421875
time=31.102946996688843,30.59754753112793,31.71854519844055,31.458455324172974,23.38248610496521,26.384843111038208,26.92620611190796,21.75987958908081,27.06973624229431,17.513610124588013
----Iteration 2----
duplicated=32.0,26.0,25.0,21.0,17.0,33.0,17.0,18.0,17.0,17.0
mean_error=221.5,102.4,104.43,93.68,117.59,92.69,95.47,94.91,87.31,93.54
memory=207.28515625,218.59375,227.6640625,236.36328125,240.59375,246.0625,251.0390625,256.77734375,260.1875,261.25
time=31.301010370254517,26.059594869613647,29.286118030548096,28.02815008163452,30.08137321472168,31.75802445411682,21.705137252807617,23.06314730644226,27.400296211242676,20.309369564056396
----Iteration 7----
duplicated=41.0,25.0,27.0,21.0,29.0,18.0,35.0,19.0,20.0,17.0
mean_error=164.0,90.99,154.79,113.3,98.85,90.44,93.92,93.86,92.6,94.24
memory=209.65234375,220.828125,228.44921875,236.140625,241.69921875,245.03125,251.6484375,257.73046875,260.18359375,261.1875
time=34.493465185165405,25.572422742843628,27.86615777015686,26.688135385513306,31.62695622444153,26.644896030426025,30.258270263671875,23.502928256988525,25.441896677017212,17.865059852600098
----Iteration 8----
duplicated=33.0,21.0,22.0,20.0,12.0,17.0,21.0,20.0,12.0,7.0
mean_error=157.86,135.46,103.68,92.79,85.37,87.64,82.99,86.52,83.21,87.28
memory=261.1875,261.203125,261.59765625,261.71484375,261.6484375,261.67578125,261.61328125,261.69921875,261.78125,261.8046875
time=10.924866199493408,4.988798141479492,4.918370008468628,5.6105897426605225,4.525683641433716,4.466200828552246,5.817830801010132,5.3890252113342285,5.086175441741943,3.5625813007354736
----Iteration 9----
duplicated=35.0,29.0,31.0,23.0,17.0,23.0,17.0,16.0,19.0,11.0
mean_error=216.35,129.31,105.05,74.1,88.0,103.23,88.51,86.88,99.37,83.55
memory=261.25390625,261.49609375,261.609375,261.61328125,261.6328125,261.67578125,261.67578125,261.67578125,261.75,261.75
time=8.409213304519653,6.365560531616211,6.393665075302124,6.0473902225494385,5.54323935508728,5.877552270889282,5.413145303726196,4.229495286941528,3.5329642295837402,1.7486417293548584
