----Iteration 2----
duplicated=19.0,27.0,21.0,18.0,17.0,24.0,9.0,15.0,18.0,16.0
mean_error=253.66,121.08,129.64,101.87,117.92,109.76,110.39,100.28,111.36,104.28
memory=219.5234375,254.75,262.82421875,269.98046875,276.5625,286.05078125,289.21484375,291.953125,298.08984375,300.625
time=33.744688272476196,42.704766035079956,37.648425579071045,39.313844203948975,39.68675184249878,37.4658088684082,27.336793184280396,29.25988745689392,29.4428768157959,36.80286645889282
----Iteration 5----
duplicated=26.0,22.0,28.0,24.0,16.0,11.0,15.0,18.0,16.0,29.0
mean_error=245.33,151.88,175.61,144.88,119.8,123.75,149.28,136.67,124.67,123.58
memory=228.6640625,252.3515625,262.40234375,269.73046875,277.1015625,283.8046875,288.21875,292.234375,297.99609375,298.23046875
time=38.55539035797119,34.60386824607849,36.528828144073486,41.36052751541138,34.43205261230469,34.71564841270447,29.38080406188965,35.407968521118164,30.071404218673706,39.39379358291626
----Iteration 1----
duplicated=26.0,26.0,28.0,24.0,31.0,15.0,21.0,21.0,13.0,18.0
mean_error=268.45,179.88,121.8,124.18,141.2,120.81,113.3,121.73,110.35,114.74
memory=236.765625,255.9765625,266.0546875,273.140625,280.9296875,287.203125,291.609375,295.953125,299.48828125,301.2578125
time=43.252986431121826,37.24913191795349,45.19300317764282,38.98989510536194,47.798059940338135,26.798967361450195,35.86014151573181,33.68176984786987,33.07112002372742,25.21536087989807
----Iteration 6----
duplicated=29.0,26.0,23.0,19.0,20.0,14.0,25.0,24.0,24.0,25.0
mean_error=185.33,171.73,133.25,123.75,132.56,122.58,136.83,145.01,109.19,124.64
memory=234.40625,256.99609375,266.98046875,272.109375,277.37890625,284.46875,289.03515625,293.35546875,301.35546875,301.23046875
time=42.47736310958862,41.94621181488037,42.09172487258911,34.32225179672241,33.2400860786438,29.816697359085083,35.30346727371216,39.26839852333069,34.87927269935608,34.619728803634644
----Iteration 3----
duplicated=30.0,37.0,20.0,16.0,24.0,21.0,16.0,25.0,20.0,13.0
mean_error=263.3,112.91,111.12,132.2,107.33,116.25,130.1,117.63,115.28,114.93
memory=240.32421875,257.2109375,268.546875,274.828125,280.90234375,288.0625,293.07421875,298.06640625,300.5078125,299.265625
time=44.60690903663635,48.32279920578003,38.354771852493286,38.303221225738525,40.048868894577026,35.76324915885925,34.20897126197815,34.599971294403076,34.49955749511719,22.5734646320343
----Iteration 7----
duplicated=22.0,30.0,29.0,18.0,20.0,24.0,19.0,20.0,19.0,25.0
mean_error=226.86,182.66,184.85,112.83,117.64,138.32,103.27,122.34,113.5,106.57
memory=226.07421875,255.6875,266.25390625,271.05078125,279.4453125,287.4453125,293.05859375,295.93359375,300.09765625,299.5078125
time=38.02827501296997,41.05128860473633,46.81345009803772,40.201104402542114,38.37160348892212,38.39935874938965,37.270434856414795,29.05399441719055,36.0855827331543,32.57533645629883
----Iteration 4----
duplicated=27.0,29.0,26.0,12.0,19.0,26.0,23.0,20.0,20.0,15.0
mean_error=200.36,191.01,138.72,106.59,107.46,153.28,112.59,103.17,105.93,116.98
memory=231.96484375,257.65234375,269.7890625,276.58984375,283.515625,289.34765625,293.32421875,299.9375,300.69140625,300.14453125
time=40.31438970565796,44.03693199157715,52.046520948410034,40.25538516044617,41.73507833480835,41.87806463241577,36.219648599624634,31.131385803222656,36.137062311172485,18.24884867668152
----Iteration 0----
duplicated=37.0,39.0,34.0,20.0,27.0,23.0,12.0,28.0,17.0,18.0
mean_error=199.74,400.26,120.56,99.5,97.53,112.17,117.31,108.57,107.44,109.78
memory=242.9765625,260.87890625,269.859375,277.84765625,286.8203125,292.78125,293.6484375,299.72265625,301.33984375,296.7421875
time=49.65009117126465,51.32795286178589,53.57066893577576,42.67348384857178,38.70947527885437,39.68510556221008,24.84734320640564,41.50741529464722,28.29739236831665,15.86885952949524
----Iteration 9----
duplicated=24.0,34.0,26.0,20.0,20.0,20.0,21.0,20.0,17.0,20.0
mean_error=193.49,205.92,134.53,106.31,117.67,123.61,122.56,114.75,126.0,110.91
memory=300.09375,290.859375,290.95703125,291.44140625,291.390625,291.89453125,291.984375,292.05078125,291.96875,292.8125
time=18.396456956863403,10.974397897720337,8.70823860168457,7.440786123275757,7.247303009033203,7.381258249282837,7.1692054271698,7.559528589248657,6.944101333618164,7.786834955215454
----Iteration 8----
duplicated=36.0,25.0,20.0,16.0,35.0,18.0,20.0,24.0,16.0,14.0
mean_error=233.5,176.76,134.78,121.68,156.52,122.66,116.63,120.61,106.88,109.71
memory=296.6875,290.875,290.94140625,291.35546875,291.953125,291.85546875,291.984375,292.03125,292.8125,290.08203125
time=22.521791219711304,9.741674184799194,7.96525239944458,6.839597463607788,9.6645667552948,9.17543911933899,9.016617774963379,8.68753719329834,8.143838167190552,3.9422030448913574
