----Iteration 2----
x_Moead_Rfts=[14302, 16137, 16121, 16109, 15048, 15652, 15760, 15789, 15827, 16127, 16097, 16292, 16240, 16386, 16355]
y_Moead_Rfts=[14787, 14778, 14845, 14867, 14987, 15086, 14771, 14741, 15062, 14852, 14944, 14745, 14765, 14790, 14713]
z_Moead_Rfts=[14883, 14799, 14821, 14747, 14660, 14464, 14901, 14839, 14393, 14699, 14714, 14812, 14804, 14793, 14829]
----Iteration 5----
x_Moead_Rfts=[15887, 15860, 15848, 16343, 16348, 16396, 16364]
y_Moead_Rfts=[14479, 14560, 14496, 14611, 14661, 14592, 14645]
z_Moead_Rfts=[14990, 14973, 15051, 14897, 14839, 14927, 14896]
----Iteration 1----
x_Moead_Rfts=[15330, 15318, 15388, 15382, 16002, 15281, 15363, 15788, 15408, 15514, 16072, 15599, 15867, 16160, 16242, 16099, 16150, 16177, 16157, 16292, 16219, 16351, 15235, 15436, 15635, 15853, 15662, 16056, 16156, 16245, 16267, 16294, 16303, 16310, 16502, 16300, 16302, 16559, 16563, 16558]
y_Moead_Rfts=[14549, 14576, 14530, 14533, 14255, 14499, 14508, 15068, 14528, 14882, 14992, 14294, 14811, 14964, 14995, 14206, 14766, 14959, 14675, 14976, 14721, 14520, 14797, 14520, 14772, 15050, 14718, 14154, 14943, 14773, 14972, 14942, 14644, 14770, 14865, 14670, 14696, 14850, 14809, 14730]
z_Moead_Rfts=[15413, 15392, 15376, 15382, 15082, 15468, 15433, 14575, 15383, 15164, 14536, 15138, 15003, 14554, 14488, 15124, 14951, 14561, 15036, 14353, 14942, 14761, 15484, 15417, 15134, 14652, 15111, 15175, 14602, 14936, 14399, 14341, 15073, 14921, 14637, 14987, 14968, 14746, 14747, 14751]
----Iteration 6----
x_Moead_Rfts=[15228, 15221, 15161, 15228, 15272, 15906, 15098, 15197, 15191, 15139, 15129, 14881, 15217, 15379, 15839, 15897]
y_Moead_Rfts=[15306, 15248, 15329, 15283, 15272, 14846, 15156, 15292, 15362, 15370, 15392, 15607, 15124, 15374, 15509, 15502]
z_Moead_Rfts=[14899, 14918, 14933, 14916, 14887, 14333, 14955, 14945, 14906, 14910, 14870, 14863, 14926, 14882, 14827, 14863]
----Iteration 3----
x_Moead_Rfts=[14543, 14504, 14546, 14562, 14692, 14700, 14770, 14769, 14680, 16093, 14580, 15522, 15778, 14885, 14803, 15836, 16109, 16171, 16124, 16041, 16126]
y_Moead_Rfts=[14247, 14252, 14242, 14194, 14128, 14123, 14105, 14082, 14190, 14795, 14338, 15109, 14989, 14091, 14122, 14879, 14709, 14733, 14871, 14691, 14743]
z_Moead_Rfts=[15074, 15028, 15090, 15121, 15083, 15132, 15064, 15127, 15156, 14777, 14952, 14415, 14542, 15091, 15027, 14540, 14820, 14773, 14708, 14868, 14802]
----Iteration 7----
x_Moead_Rfts=[15571, 15650, 15779, 15894, 15582, 15548, 15576, 15525, 15350, 15303, 15595, 15320, 15397, 15395, 15642, 15686, 15906, 15829, 16015, 16070, 16146]
y_Moead_Rfts=[15257, 15099, 15154, 14955, 15155, 15147, 15194, 15198, 15263, 15322, 15252, 15350, 15273, 15281, 15124, 15285, 14995, 15131, 15071, 15039, 15089]
z_Moead_Rfts=[15208, 15256, 14988, 15297, 15320, 15353, 15282, 15269, 15130, 15146, 15241, 15063, 15109, 15072, 15287, 15053, 15279, 14950, 15246, 15197, 14944]
----Iteration 4----
x_Moead_Rfts=[15840, 15915, 16116, 15588, 15898, 15888, 15942, 16180, 16190, 16256, 16343, 16316, 16315, 16309, 16367]
y_Moead_Rfts=[14865, 15141, 15135, 15241, 15230, 14863, 14694, 15131, 15067, 15315, 15228, 15230, 15119, 15121, 15170]
z_Moead_Rfts=[14795, 14615, 14607, 14592, 14608, 14854, 14779, 14690, 14761, 14588, 14565, 14562, 14570, 14583, 14550]
----Iteration 0----
x_Moead_Rfts=[15761, 16132, 16530, 15890, 15755, 15884, 16168, 15897, 15928, 16259, 16190, 16356, 16401, 16484, 16629, 16615, 16589, 16681]
y_Moead_Rfts=[15383, 15467, 15052, 15528, 15476, 15363, 15424, 15471, 15304, 15423, 15452, 15399, 15349, 15037, 15016, 15191, 15195, 15113]
z_Moead_Rfts=[15244, 15182, 14978, 15063, 15076, 15269, 15157, 14878, 15283, 15110, 15095, 15227, 15178, 15034, 14904, 14922, 14974, 14865]
----Iteration 9----
x_Moead_Rfts=[15438, 15372, 15402, 15473, 15543, 15516, 15594, 15102, 15097, 15258, 15294, 15297, 15381, 15430, 15125, 15091, 15260, 15337, 15259, 15179, 15257, 15106, 15297, 15300, 15358, 15775, 15471, 15958, 15822, 15969, 15819, 15913, 16000, 16020]
y_Moead_Rfts=[14606, 14380, 14384, 14764, 14583, 14750, 14716, 14489, 14500, 15059, 14301, 14305, 14849, 14388, 14555, 14984, 15046, 15011, 15032, 14499, 14354, 14478, 14883, 15063, 14941, 14872, 14375, 14664, 14641, 14842, 14639, 14861, 14833, 14839]
z_Moead_Rfts=[14711, 14806, 14779, 14568, 14682, 14614, 14644, 15069, 15058, 14926, 15050, 15012, 14803, 14760, 15022, 15118, 14931, 14992, 14962, 15022, 15062, 15094, 15007, 14899, 15003, 14368, 14763, 14568, 14631, 14488, 14670, 14451, 14478, 14477]
----Iteration 8----
x_Moead_Rfts=[15180, 15142, 15088, 16495, 16650, 16646, 16661, 15124, 15857, 15744, 16591, 15153, 15940, 15529, 15907, 15898, 15987, 15975, 16413, 16426, 16475, 16535, 16460, 16509, 16540, 16620, 16598, 16566, 16654]
y_Moead_Rfts=[15099, 15018, 15038, 15172, 15073, 15052, 14938, 15117, 15439, 15402, 15019, 15121, 15392, 14986, 14483, 14505, 15369, 15372, 15207, 15217, 15145, 14914, 15171, 14976, 14786, 15005, 15128, 15119, 15080]
z_Moead_Rfts=[14671, 14775, 14776, 14201, 14514, 14531, 14479, 14766, 14621, 14630, 14537, 14751, 14661, 14914, 14733, 14741, 14594, 14632, 14595, 14557, 14504, 14676, 14588, 14620, 14638, 14537, 14535, 14536, 14513]
----End of Run----
