----Iteration 6----
x_Moead_Rfts=[3060, 3103, 3042, 3144, 3167, 2815, 3142, 3167, 3192, 3134, 3240, 3334, 2892, 3005, 3015, 3057, 2964, 3093, 3168, 3123, 3157, 3286, 3341, 2997, 2973, 3004, 3038, 3049, 3101, 3026, 3080, 3167, 3115, 3196, 3230, 3217, 3253, 3239, 3283]
y_Moead_Rfts=[3041, 3039, 3098, 2991, 2820, 3260, 3207, 3323, 3291, 2984, 3127, 3063, 3180, 3196, 3201, 3038, 3181, 3388, 3296, 3027, 2947, 3141, 2969, 3070, 3118, 3211, 3244, 3409, 3372, 3183, 3401, 3302, 3020, 3274, 3017, 2998, 3102, 3184, 3041]
z_Moead_Rfts=[3597, 3608, 3640, 3523, 3504, 3486, 3487, 3435, 3433, 3530, 3347, 3346, 3615, 3542, 3511, 3612, 3591, 3308, 3452, 3583, 3534, 3314, 3267, 3661, 3593, 3541, 3497, 3308, 3387, 3583, 3409, 3465, 3596, 3466, 3399, 3428, 3341, 3316, 3374]
----Iteration 7----
x_Moead_Rfts=[3312, 3059, 2992, 3110, 3113, 3129, 3337, 3127, 3018, 3072, 3221, 3130, 3129, 3315, 3307, 3364, 3385, 3091, 3086, 3066, 3202, 3292, 3111, 3133, 3225, 3256, 3353, 3343, 3330]
y_Moead_Rfts=[2966, 3331, 3256, 3293, 3057, 3046, 3175, 3190, 3052, 3248, 3038, 3098, 3196, 3173, 3121, 3148, 3083, 3204, 3062, 3264, 3043, 3169, 3192, 3059, 3192, 3185, 3053, 3110, 2884]
z_Moead_Rfts=[3550, 3533, 3642, 3555, 3741, 3737, 3405, 3486, 3769, 3666, 3655, 3693, 3388, 3439, 3615, 3405, 3513, 3709, 3750, 3618, 3702, 3645, 3610, 3691, 3350, 3405, 3533, 3412, 3543]
----Iteration 0----
x_Moead_Rfts=[3142, 3099, 3139, 3206, 3364, 3387, 3175, 3173, 3118, 3133, 3060, 3137, 3165, 3310, 3266, 3313, 3376, 3413]
y_Moead_Rfts=[3127, 3322, 3259, 3202, 3136, 3100, 3164, 3222, 3270, 3256, 3273, 3317, 3256, 3227, 3233, 3119, 3107, 3080]
z_Moead_Rfts=[3514, 3321, 3290, 3486, 3413, 3298, 3488, 3509, 3410, 3477, 3452, 3335, 3450, 3441, 3394, 3442, 3334, 3272]
----Iteration 2----
x_Moead_Rfts=[3243, 3164, 3177, 3190, 3144, 3125, 3286, 3314, 3097, 3119, 3086, 3149, 3036, 3184, 3048, 3150, 3235, 2994, 3123, 3176, 3085, 3047, 3191, 3225, 3227, 3237, 3348, 3427, 3360]
y_Moead_Rfts=[3149, 3163, 3160, 3175, 3156, 2939, 3120, 3006, 3064, 3083, 3189, 3242, 3287, 3265, 3015, 3159, 3072, 3254, 3276, 3272, 3186, 3189, 3081, 3217, 3137, 3164, 3216, 3198, 3144]
z_Moead_Rfts=[3313, 3390, 3385, 3355, 3477, 3529, 3443, 3333, 3540, 3535, 3479, 3400, 3512, 3383, 3548, 3436, 3494, 3575, 3420, 3357, 3502, 3513, 3509, 3239, 3498, 3312, 3272, 3309, 3330]
----Iteration 5----
x_Moead_Rfts=[3428, 3242, 3465, 3220, 3297, 3250, 3418, 3562, 3525, 3144, 3199, 3199, 3188, 3407, 3429, 3333, 3254, 3297, 3343, 3510, 3587]
y_Moead_Rfts=[3072, 3171, 3064, 3142, 3089, 3334, 3091, 2987, 2988, 3376, 3135, 3367, 3346, 3129, 3049, 3119, 3322, 3245, 3136, 3063, 2955]
z_Moead_Rfts=[3395, 3445, 3355, 3535, 3473, 3426, 3416, 3323, 3323, 3331, 3558, 3402, 3488, 3440, 3515, 3443, 3354, 3374, 3342, 3467, 3321]
----Iteration 3----
x_Moead_Rfts=[3187, 3142, 3187, 3226, 3037, 3070, 3238, 3001, 3050, 2903, 3070, 2916, 3102, 3058, 3146, 3110, 2935, 2898, 2853, 2904, 3060, 3025, 3073, 3015, 3117, 3140, 3133, 3113, 3193, 3064, 3044, 2877, 2880, 3064, 3064, 3072, 3083, 3106, 3147]
y_Moead_Rfts=[2955, 3014, 2954, 2983, 3218, 3196, 2943, 3229, 3179, 3286, 3049, 3295, 3138, 3200, 3135, 3147, 3331, 3332, 3219, 3206, 3122, 3182, 3163, 3219, 3068, 3142, 3030, 3075, 3002, 3086, 3088, 3171, 3313, 3040, 3178, 3124, 3101, 3101, 3013]
z_Moead_Rfts=[3443, 3491, 3523, 3378, 3266, 3351, 3379, 3336, 3352, 3426, 3611, 3244, 3525, 3247, 3425, 3303, 3243, 3213, 3481, 3491, 3617, 3542, 3567, 3268, 3441, 3354, 3442, 3497, 3427, 3622, 3674, 3549, 3459, 3658, 3503, 3568, 3574, 3514, 3490]
----Iteration 4----
x_Moead_Rfts=[3433, 3446, 3460, 3172, 3259, 3401, 3408, 3202, 3309, 3295, 3408, 3488, 3250, 3234, 3264, 3113, 3317, 3399, 3355, 3460]
y_Moead_Rfts=[3074, 3137, 3095, 3285, 3216, 3132, 3112, 3191, 3127, 3143, 3144, 3121, 3279, 3284, 3186, 3197, 3129, 3185, 3232, 3114]
z_Moead_Rfts=[3466, 3425, 3423, 3514, 3472, 3503, 3450, 3600, 3721, 3697, 3438, 3356, 3569, 3599, 3769, 3662, 3663, 3639, 3397, 3357]
----Iteration 1----
x_Moead_Rfts=[3418, 3358, 3341, 3405, 3422, 3400, 3170, 3164, 3382, 3378, 3403, 3383, 3412, 3410, 3180, 3177, 3128, 3095, 3135, 3267, 3350, 3339, 3416]
y_Moead_Rfts=[3210, 3341, 3178, 3299, 3246, 3253, 3253, 3292, 3312, 3255, 3209, 3292, 3207, 3224, 3152, 3252, 3277, 3408, 3381, 3140, 3398, 3283, 3200]
z_Moead_Rfts=[3421, 3415, 3546, 3395, 3417, 3441, 3500, 3464, 3440, 3474, 3466, 3419, 3477, 3460, 3597, 3524, 3558, 3518, 3503, 3634, 3437, 3465, 3446]
----Iteration 9----
x_Moead_Rfts=[3009, 2982, 2959, 3144, 3211, 3280, 3281, 3398, 3402, 3000, 3163, 3296, 3250, 3216, 3479, 3477, 3527, 3523, 3560, 3083, 3087, 3342, 3185, 3228, 3373, 3386, 3518, 3501, 3519, 3586, 3558]
y_Moead_Rfts=[3229, 3010, 3148, 3053, 3034, 3016, 3015, 2984, 2938, 3159, 3021, 2964, 3028, 3068, 3010, 3237, 3012, 2976, 3003, 3196, 3252, 3276, 3172, 3131, 3265, 2988, 3153, 3021, 3111, 3071, 3125]
z_Moead_Rfts=[3436, 3507, 3477, 3479, 3438, 3446, 3451, 3373, 3432, 3472, 3490, 3403, 3473, 3436, 3364, 3358, 3355, 3359, 3343, 3458, 3434, 3392, 3423, 3414, 3230, 3379, 3205, 3338, 3239, 3273, 3141]
----Iteration 8----
x_Moead_Rfts=[3152, 3098, 3107, 3236, 3156, 3083, 3191, 3135, 3270, 3195, 3319, 3457, 3187, 3193, 3089, 3144, 3197, 3167, 3278, 3271, 3380, 3330, 3389, 3401, 3403]
y_Moead_Rfts=[3100, 3016, 3118, 3002, 3171, 3108, 3080, 3189, 3037, 3127, 3070, 3053, 3081, 3031, 3212, 3176, 3127, 3132, 3125, 3016, 3004, 3082, 3043, 3009, 3074]
z_Moead_Rfts=[3477, 3580, 3488, 3511, 3468, 3531, 3570, 3485, 3504, 3447, 3503, 3372, 3544, 3575, 3434, 3468, 3424, 3462, 3467, 3504, 3453, 3272, 3391, 3393, 3346]
----End of Run----
