----Iteration 6----
2588,27212985;2860,26263088;3029,27173048;2930,28282885;
3006,29983174;3033,30263131;
3006,29983174;3033,30263131;2757,30083133;2830,29543241;2766,29163283;2866,29103269;3056,29733170;3071,29223122;3048,29723220;3014,29903182;3066,29453109;
3033,30263131;3056,29733170;3048,29723220;2726,30273173;2769,30263211;3015,28983275;3009,28493282;3000,29713342;2959,30433150;3003,29033303;3018,30173215;3081,29183152;3148,29033144;3065,29623065;3100,29583131;
3033,30263131;3018,30173215;3148,29033144;3100,29583131;2754,30993278;2964,30643427;2899,29883527;2946,30603487;3014,30813059;2996,30613136;3095,29883377;3043,30483118;3187,29553118;
3018,30173215;2754,30993278;2964,30643427;2946,30603487;3187,29553118;2910,30373545;2775,30873343;3020,32123164;2733,31243383;2936,30043588;3032,31953136;2944,30523520;3006,30073547;3071,31523162;3021,29993482;3073,29693453;3116,30083441;3096,31143196;3075,31183192;3124,29573389;3177,29413342;3137,30273125;
3187,29553118;3020,32123164;2733,31243383;3032,31953136;3071,31523162;3116,30083441;3096,31143196;3124,29573389;3177,29413342;3137,30273125;2759,31733368;2989,31803286;2977,31863245;3084,31463304;3060,30413597;3103,30393608;2950,33183220;3042,30983640;3012,33143232;3120,29943536;3028,31493216;3103,30583278;3166,30053163;3146,30203121;3149,29783164;
3187,29553118;3071,31523162;3116,30083441;3096,31143196;3177,29413342;2759,31733368;3084,31463304;3060,30413597;3103,30393608;3042,30983640;3120,29943536;3103,30583278;3166,30053163;3149,29783164;2898,31143516;2916,31253446;2802,31263399;3055,33323344;3015,32963363;3144,29913523;3167,28203504;3140,30153212;3158,30343145;3190,28913166;
3060,30413597;3103,30393608;3042,30983640;3120,29943536;2898,31143516;3055,33323344;3144,29913523;3167,28203504;2838,31463565;2815,32603486;3142,32073487;3036,33273356;3167,33233435;3109,30043579;3192,32913433;3134,29843530;3240,31273347;3334,30633346;
3060,30413597;3103,30393608;3042,30983640;3055,33323344;3144,29913523;3167,28203504;2815,32603486;3142,32073487;3036,33273356;3167,33233435;3192,32913433;3134,29843530;3240,31273347;3334,30633346;2892,31803615;3005,31963542;3015,32013511;3064,33683343;3057,30383612;2964,31813591;3093,33883308;3168,32963452;3123,30273583;3157,29473534;3286,31413314;3341,29693267;
3060,30413597;3103,30393608;3042,30983640;3144,29913523;3167,28203504;2815,32603486;3142,32073487;3167,33233435;3192,32913433;3134,29843530;3240,31273347;3334,30633346;2892,31803615;3005,31963542;3015,32013511;3057,30383612;2964,31813591;3093,33883308;3168,32963452;3123,30273583;3157,29473534;3286,31413314;3341,29693267;2997,30703661;2973,31183593;3004,32113541;3038,32443497;3049,34093308;3101,33723387;3026,31833583;3080,34013409;3167,33023465;3115,30203596;3196,32743466;3230,30173399;3217,29983428;3253,31023341;3239,31843316;3283,30413374;
----Iteration 7----
2922,25742813;2933,25492667;2638,26163121;2711,28582887;2920,29372753;2652,28523079;2751,25862908;2948,25062927;2907,28482879;2727,27373071;2949,24762747;
3060,30263472;3048,30203494;3082,30533450;
3060,30263472;3048,30203494;3082,30533450;3110,29753350;3088,29673383;3148,29523372;
3060,30263472;3082,30533450;2971,31263521;3038,30623561;3118,30243517;3202,30023346;3203,29433444;3220,29913415;3237,29753414;3245,28803408;3264,29363352;
2971,31263521;3038,30623561;2856,31463523;2902,31303427;2922,31723393;2918,30873522;3113,30633467;3166,29993591;2996,31043481;3127,30553647;3105,30623524;3149,30263632;3137,30103641;3270,29933445;3298,29713419;3265,30253439;3282,29963418;3314,30023399;
2922,31723393;3113,30633467;3166,29993591;3127,30553647;3105,30623524;3149,30263632;3137,30103641;3270,29933445;3265,30253439;3282,29963418;3314,30023399;3050,31583595;3074,31693494;3077,31053450;3181,30063553;3189,30103542;3214,29323583;3282,29283542;3266,30563426;3280,29773537;3303,29673462;3301,29873429;
3113,30633467;3127,30553647;3105,30623524;3149,30263632;3137,30103641;3270,29933445;3265,30253439;3282,29963418;3314,30023399;3050,31583595;3189,30103542;3214,29323583;3266,30563426;3280,29773537;3303,29673462;3004,30493755;3032,30233741;3069,29983665;3057,31753594;3104,32243532;3074,32193550;3058,31173603;3132,31703387;3170,30063641;3189,30093600;3174,31123396;3261,31203334;3152,30173556;3208,31573209;3232,29103576;3249,30313444;3215,30943404;3312,29663550;3308,29953439;
3113,30633467;3127,30553647;3105,30623524;3149,30263632;3265,30253439;3050,31583595;3189,30103542;3214,29323583;3266,30563426;3280,29773537;3004,30493755;3032,30233741;3057,31753594;3104,32243532;3074,32193550;3058,31173603;3132,31703387;3189,30093600;3174,31123396;3261,31203334;3208,31573209;3232,29103576;3249,30313444;3215,30943404;3312,29663550;3059,33313533;3000,32693541;2924,32393558;3170,30233665;3209,31423348;3363,30143499;
3127,30553647;3149,30263632;3050,31583595;3280,29773537;3004,30493755;3057,31753594;3312,29663550;3059,33313533;3170,30233665;3363,30143499;3267,31313615;2992,32563642;3042,32643566;3110,32933555;3113,30573741;3139,31603594;3129,30463737;3337,31753405;3127,31903486;3346,29893517;
3312,29663550;3059,33313533;3170,30233665;2992,32563642;3042,32643566;3110,32933555;3113,30573741;3139,31603594;3129,30463737;3337,31753405;3127,31903486;3346,29893517;3018,30523769;3072,32483666;2985,32573610;3221,30383655;3130,30983693;3277,31453638;3105,31863557;3129,31963388;3315,31733439;3307,31213615;3364,31483405;3385,30833513;3325,29833521;
3312,29663550;3059,33313533;2992,32563642;3110,32933555;3113,30573741;3129,30463737;3337,31753405;3127,31903486;3018,30523769;3072,32483666;3221,30383655;3130,30983693;3129,31963388;3315,31733439;3307,31213615;3364,31483405;3385,30833513;3091,32043709;3086,30623750;3066,32643618;3202,30433702;3292,31693645;3111,31923610;3133,30593691;3225,31923350;3256,31853405;3353,30533533;3343,31103412;3330,28843543;
----Iteration 0----
2684,27562634;2696,27393017;2372,28172573;2565,24293043;2650,27482878;2962,27473002;2657,27652657;2454,28163045;
2850,28933290;3039,27273240;2898,28073359;
2850,28933290;3039,27273240;2898,28073359;2871,28823315;2971,29163260;2923,29143288;3106,28623198;3079,28333225;3147,28293184;
2898,28073359;2971,29163260;2923,29143288;3106,28623198;3147,28293184;3025,28983341;2913,30263228;2892,30543177;2910,30683139;3001,28663350;3069,28643312;2997,29493252;3003,29043235;3129,28163336;3133,29773193;3110,30143177;3143,28303180;3127,28543249;
3025,28983341;3001,28663350;3129,28163336;3127,28543249;2983,29873373;2928,30693270;2875,30653273;2937,30963195;3049,28333368;2959,30853185;2979,30663236;3117,29613339;3118,30413277;3094,30513304;3122,29963330;3114,30503301;3158,30333205;3161,29313187;
2983,29873373;2937,30963195;3049,28333368;2959,30853185;2958,29653378;3016,30753116;3186,30713275;3214,30693334;3251,30323358;
3214,30693334;2939,28253389;3006,30633376;3141,31233303;3035,31433302;3293,31123329;3277,30623386;
3120,31323385;3072,27583408;3177,31823326;3332,30973335;3312,30743357;3295,31283389;
3332,30973335;3166,31373471;3184,31603451;3142,31273514;2997,32603246;3145,32063453;3108,32463431;3192,30313405;3317,31283364;3305,31973391;3369,30603328;
3142,31273514;3145,32063453;3108,32463431;3305,31973391;3369,30603328;3104,31903493;3099,33223321;3105,32403446;3139,32593290;3206,32023486;3183,32303323;3364,31363413;3207,32233432;3237,31583406;3257,31513425;3387,31003298;
3142,31273514;3099,33223321;3139,32593290;3206,32023486;3364,31363413;3387,31003298;3175,31643488;3173,32223509;3118,32703410;3133,32563477;3060,32733452;3137,33173335;3165,32563450;3310,32273441;3266,32333394;3313,31193442;3376,31073334;3413,30803272;
----Iteration 2----
2869,26202895;2729,28552999;2579,28003022;2865,26092958;2698,28612894;2939,29102891;3190,26622890;2762,27972916;2841,26893132;
2945,27653118;3057,27453177;2649,26493194;2939,26133258;2922,27782951;3064,27513140;3089,26983110;3091,26743075;3121,26223032;
2939,26133258;2833,28193157;3083,27653239;2935,26233268;2934,26853269;2911,25753283;3092,28043197;3123,27493231;3151,26762964;
2891,26823338;2927,27513313;3168,28613297;3170,28983262;3209,27683204;3192,28053226;3221,27513163;
3168,28613297;3137,30343310;3068,30903320;3146,29943349;3158,29603283;3029,30413322;3137,31203237;3141,29903354;3200,29243291;3070,31203292;3149,29513318;3240,27693200;3220,27963207;3220,27973149;
3068,30903320;3029,30413322;3137,31203237;3070,31203292;3137,30963312;3118,30723317;3066,30363397;3015,31343380;3052,31273319;3058,31813278;3152,30163392;3073,31123302;3189,29793335;3287,30843314;3293,29833309;
3118,30723317;3066,30363397;3015,31343380;3058,31813278;3152,30163392;3189,29793335;3287,30843314;3293,29833309;3067,31563366;3015,29583418;3095,31753266;3026,31863273;3097,31423324;3267,30873283;3207,29683326;3247,28983327;3243,31493313;
3152,30163392;3287,30843314;3243,31493313;3042,29933455;3046,30293451;3070,30793422;3170,31653381;3097,32033362;3164,31633390;3117,32013310;3166,31993351;3228,31003342;3216,31033359;3269,30653381;3317,31293292;3327,30383310;
3287,30843314;3243,31493313;3170,31653381;3097,32033362;3164,31633390;3166,31993351;3317,31293292;3085,30423531;3177,31603385;3190,31753355;3147,32223346;3144,31563477;3125,29393529;3116,31683377;3195,30603444;3286,31203443;3309,31713237;3251,31533247;3331,30423318;3314,30063333;3298,31383239;3351,30113241;
3287,30843314;3243,31493313;3164,31633390;3317,31293292;3177,31603385;3190,31753355;3144,31563477;3125,29393529;3286,31203443;3309,31713237;3331,30423318;3314,30063333;3298,31383239;3351,30113241;3097,30643540;3119,30833535;3146,31253476;3086,31893479;3149,32423400;3102,32193404;3036,32873512;3184,32653383;3048,30153548;3150,31593436;3235,30723494;3276,31793261;
3243,31493313;3164,31633390;3177,31603385;3190,31753355;3144,31563477;3125,29393529;3286,31203443;3314,30063333;3097,30643540;3119,30833535;3086,31893479;3149,32423400;3036,32873512;3184,32653383;3048,30153548;3150,31593436;3235,30723494;2994,32543575;3123,32763420;3176,32723357;3085,31863502;3047,31893513;3191,30813509;3225,32173239;3227,31373498;3237,31643312;3348,32163272;3427,31983309;3360,31443330;
----Iteration 5----
2856,27822690;2954,24972723;2721,28332998;2925,25823063;2866,26453027;2917,26492956;2765,28512877;2843,27542860;2903,26972677;2794,26922867;
2965,28683118;3018,28393082;3153,28153028;3085,28393027;3140,28383099;
2804,28653210;2938,29623171;2963,29433154;3082,29223139;3060,29313119;3168,28683086;3164,29013160;3140,29113187;3196,28643156;
2938,29623171;3164,29013160;3140,29113187;2930,29723236;3135,29273176;3174,28783164;3131,29603250;3201,28753195;3152,28863180;3237,28173103;3253,27573043;
2930,29723236;2893,29923242;3013,30293122;3079,29753132;3197,29653304;3212,29083111;3235,28913257;3238,28783310;3318,28313257;3444,28143199;
3013,30293122;3079,29753132;3197,29653304;3235,28913257;3238,28783310;3444,28143199;2998,30093253;3066,29693278;3062,30063289;3379,29373183;3236,29163237;3297,28443266;3312,29623200;3374,28423266;3411,28153234;3419,28193228;3354,29613234;3480,28293192;
3197,29653304;3062,30063289;3379,29373183;3354,29613234;3480,28293192;3031,29913337;3093,30043315;3185,29703294;3385,28953329;3102,30053289;3089,29693355;3228,30323280;3255,30103205;3303,30023161;3370,29093262;3319,29583248;3367,29543211;3433,29023280;3414,28543316;3416,29003313;3352,29663224;3395,29253246;3465,28423225;3396,29053225;
3318,29903414;3175,31753428;3428,30723395;3450,29693377;3456,29823334;3496,29703293;3558,29303264;
3175,31753428;3428,30723395;3496,29703293;3558,29303264;3242,31713445;3210,31323476;3234,31843317;3415,30633444;3299,31243397;3458,30443418;3302,30973399;3465,30643355;3539,29693285;3543,29573213;3550,29233277;
3175,31753428;3428,30723395;3242,31713445;3415,30633444;3299,31243397;3458,30443418;3465,30643355;3122,31583481;3220,31423535;3122,31733450;3076,33593247;3396,30713439;3297,30893473;3258,32193301;3250,33343426;3378,30003457;3418,30913416;3403,31073405;3480,29733364;3562,29873323;3510,29233344;3508,29293342;3525,29883323;
3428,30723395;3242,31713445;3465,30643355;3220,31423535;3297,30893473;3250,33343426;3418,30913416;3562,29873323;3525,29883323;3144,33763331;3199,31353558;3199,33673402;3188,33463488;3407,31293440;3429,30493515;3333,31193443;3254,33223354;3297,32453374;3343,31363342;3510,30633467;3587,29553321;
----Iteration 3----
2867,27122869;2662,27543044;3037,26022577;2863,28172960;2682,27562970;2865,27162867;2936,26412975;3009,27992689;
2639,29383044;2883,28623044;2839,28963073;2871,29233030;2863,28793091;2875,28823059;
2758,31813189;2809,31433211;2782,31313232;2852,31183218;2868,30083256;2837,30523243;2971,31113211;2872,30303233;2972,29113104;
2809,31433211;2971,31113211;2812,31833200;2822,31713196;2831,31413252;2902,31193260;2991,31113148;2899,30223315;2967,31643185;2921,31453197;2939,30593278;3063,29843443;3089,29273392;3107,29253373;
2971,31113211;2902,31193260;2967,31643185;2939,30593278;2887,30473317;2856,31603279;2790,32403232;2795,32213166;2822,31083322;2796,31353332;2867,31013276;2906,31953217;2961,31623194;2947,31693234;2986,31433177;2993,31373175;2975,30463334;3187,29553443;3142,30143491;3159,29303455;
2971,31113211;2967,31643185;2856,31603279;2906,31953217;2961,31623194;2947,31693234;2986,31433177;2993,31373175;3187,29553443;3142,30143491;2826,31703411;2953,31023344;2898,31473410;3034,30803302;2771,32493256;2839,32593237;2836,32973207;2879,32733221;2910,31313405;2930,31403267;2967,31613261;2917,32613195;2933,31013386;3042,30653366;2912,31723259;3032,30343492;2977,30803498;2982,31613145;3180,29693375;3011,30383488;3187,29543523;
3187,29553443;3142,30143491;2826,31703411;2898,31473410;2771,32493256;2839,32593237;2836,32973207;2879,32733221;2910,31313405;2917,32613195;2933,31013386;3042,30653366;3032,30343492;2977,30803498;3011,30383488;3187,29543523;2868,30943414;2817,32063316;2901,32993181;3038,30553449;2981,30653463;3226,29833378;3037,32183266;3070,31963351;3238,29433379;
3187,29553443;3142,30143491;2826,31703411;2898,31473410;2771,32493256;2839,32593237;2836,32973207;2879,32733221;2910,31313405;2917,32613195;2933,31013386;3187,29543523;2901,32993181;3226,29833378;3037,32183266;3070,31963351;3238,29433379;2899,31003456;2791,31363437;2869,31543383;3083,30903561;3001,32293336;3050,31793352;3073,31483273;
3187,29553443;3142,30143491;2836,32973207;2917,32613195;3187,29543523;2901,32993181;3226,29833378;3037,32183266;3070,31963351;3238,29433379;3083,30903561;3001,32293336;3050,31793352;3073,31483273;2903,32863426;3070,30493611;3104,30643477;3069,31173552;2916,32953244;3102,31383525;3058,32003247;3146,31353425;3110,31473303;
3187,29553443;3142,30143491;3187,29543523;3226,29833378;3037,32183266;3070,31963351;3238,29433379;3083,30903561;3001,32293336;3050,31793352;2903,32863426;3070,30493611;2916,32953244;3102,31383525;3058,32003247;3146,31353425;3110,31473303;2935,33313243;2898,33323213;3041,30743653;2853,32193481;2904,32063491;3060,31223617;3025,31823542;3073,31633567;3015,32193268;3117,30683441;3140,31423354;3133,30303442;3113,30753497;3193,30023427;
3187,29553443;3142,30143491;3187,29543523;3226,29833378;3037,32183266;3070,31963351;3238,29433379;3001,32293336;3050,31793352;2903,32863426;3070,30493611;2916,32953244;3102,31383525;3058,32003247;3146,31353425;3110,31473303;2935,33313243;2898,33323213;2853,32193481;2904,32063491;3060,31223617;3025,31823542;3073,31633567;3015,32193268;3117,30683441;3140,31423354;3133,30303442;3113,30753497;3193,30023427;3064,30863622;3044,30883674;2877,31713549;2880,33133459;3064,30403658;3064,31783503;3072,31243568;3083,31013574;3106,31013514;3147,30133490;
----Iteration 4----
2870,28403100;2924,25972911;2945,23132731;
2933,30923250;2956,30393207;3011,29603267;2962,29623259;3047,29133234;
2961,31083252;2939,31143257;2984,30713206;3014,30113592;3162,29083485;3063,30303388;2984,30293473;3038,30343449;3065,30263487;3200,30183267;
3014,30113592;3200,30183267;3018,31293290;3102,30123525;3157,29353556;3167,29743549;3143,29843576;3117,29853586;3106,31033502;3170,29783450;3243,29883370;3172,29763423;3291,29873313;3268,29563329;
3014,30113592;3200,30183267;3102,30123525;3157,29353556;3167,29743549;3143,29843576;3117,29853586;3106,31033502;3022,29973528;3119,30403511;3115,29873543;3175,31503471;3210,29353505;3339,30173408;3343,29943474;3350,30063409;3397,29653452;
3106,31033502;3175,31503471;3210,29353505;3339,30173408;3343,29943474;3350,30063409;3397,29653452;3183,30153612;3125,30283603;3093,30653554;3131,30553553;3151,30523563;3166,30293558;3162,31783479;3199,29963500;3193,30443536;3299,30673438;3257,29673477;3426,30113393;3392,30713321;
3175,31503471;3339,30173408;3343,29943474;3397,29653452;3183,30153612;3162,31783479;3299,30673438;3257,29673477;3426,30113393;3392,30713321;3179,30623653;3138,31283640;3200,30483581;3195,30983470;3210,30433569;3279,30853364;3280,29493475;3354,30103417;3370,30263385;3377,30023463;3400,29583446;
3175,31503471;3162,31783479;3138,31283640;3208,30443703;3227,30683672;3121,31663508;3088,31353576;3221,30693638;3250,31053472;3178,31133435;3189,31493392;3240,31043630;3259,30273581;3294,30973444;3353,30293495;3433,30743466;3446,31373425;3373,30453473;3460,30953423;
3138,31283640;3208,30443703;3240,31043630;3433,30743466;3446,31373425;3460,30953423;3172,32853514;3174,32643595;3232,32693508;3259,32163472;3251,30933687;3180,31503520;3270,30803616;3269,31403464;3274,31133505;3401,31323503;3408,31123450;
3433,30743466;3446,31373425;3460,30953423;3172,32853514;3174,32643595;3232,32693508;3259,32163472;3401,31323503;3408,31123450;3202,31913600;3186,32613561;3195,32523563;3309,31273721;3219,32193553;3339,31653438;3318,31703319;3295,31433697;3335,30563506;3392,31653387;3316,31333555;3408,31443438;3488,31213356;
3433,30743466;3446,31373425;3460,30953423;3172,32853514;3259,32163472;3401,31323503;3408,31123450;3202,31913600;3309,31273721;3295,31433697;3408,31443438;3488,31213356;3250,32793569;3234,32843599;3264,31863769;3113,31973662;3317,31293663;3399,31853639;3355,32323397;3460,31143357;
----Iteration 1----
2558,25513092;2826,26973042;2836,29152834;2869,27302874;2519,27903109;2687,27283002;2879,26102734;2650,28152873;2525,27552894;
2879,27993038;2770,28692888;2796,28272948;2893,28183000;2824,28262942;2917,27653144;2961,27743098;2819,28043036;2999,27633072;3056,27953067;
2917,27653144;2978,28652972;2977,29163043;2991,28123137;3115,28553081;
3175,29583320;3202,29863277;3180,30553271;3178,29273295;
3175,29583320;3202,29863277;3180,30553271;2740,28693341;2811,31003115;2835,30883151;2807,31053074;3074,30263325;3165,29643304;3171,29913295;3143,30143321;3188,30473182;3196,29963245;3171,30803216;3240,29463305;
3251,29983392;3167,32383301;3228,31263459;3244,30903443;3244,31843413;3215,31653455;3277,31533337;3344,30513364;3320,30673315;
3228,31263459;3244,30903443;3215,31653455;3341,32863353;3261,32033433;3418,32103421;3361,32573401;3386,32383384;
3228,31263459;3244,30903443;3215,31653455;3261,32033433;3418,32103421;3361,32573401;3386,32383384;3031,31413457;3017,31743475;3277,30773430;3052,30983487;3358,33413415;3399,32413332;3240,30423451;3378,32843339;
3418,32103421;3361,32573401;3358,33413415;3122,33493343;3341,31783546;3405,32993395;3422,32463417;3400,32533441;
3418,32103421;3358,33413415;3122,33493343;3341,31783546;3405,32993395;3422,32463417;3400,32533441;3052,33803422;3170,32533500;3067,33793303;3164,32923464;3382,33123440;3378,32553474;3403,32093466;3383,32923419;3412,32073477;3410,32243460;
3418,32103421;3358,33413415;3341,31783546;3405,32993395;3422,32463417;3400,32533441;3170,32533500;3164,32923464;3382,33123440;3378,32553474;3403,32093466;3383,32923419;3412,32073477;3410,32243460;3180,31523597;3177,32523524;3128,32773558;3095,34083518;3135,33813503;3267,31403634;3350,33983437;3339,32833465;3416,32003446;
----Iteration 9----
2801,28292842;2871,27473046;2801,27203066;3147,26572823;2825,27692861;2635,27882876;2628,24263077;2874,27192979;2972,26913062;
2821,28693215;2921,29163141;3115,28663200;3210,28473156;3219,28933123;3206,28783162;3311,28123117;
2921,29163141;3115,28663200;3210,28473156;3219,28933123;3206,28783162;2786,28663274;2873,28573295;2812,29213228;2900,28903227;2932,28153251;2977,29353040;3235,28653070;3200,27893193;3258,28413173;3333,28203135;3312,28063145;3341,28033109;
2921,29163141;3115,28663200;2886,28903338;2797,29423339;2753,29743293;2819,29803257;2897,29813077;2924,29123310;2879,29433307;2974,28953257;3024,29913059;2919,29343077;2979,28703202;3027,29193030;3140,28963173;3213,28243225;3355,28893190;3270,29053164;3359,28733165;3383,28513109;
2936,28593383;3013,29853376;3047,29893334;2946,31373300;2971,31133341;3033,28973358;3032,31583281;3057,31383232;3043,30763239;3101,30553260;3147,30563214;3196,30073234;3362,28953301;3217,30483221;3363,29183275;3393,28823298;3457,29473227;
3013,29853376;3101,30553260;3196,30073234;3362,28953301;3217,30483221;3363,29183275;3393,28823298;3457,29473227;2981,29173472;2932,31883377;3078,31913367;3018,32093358;3080,31433220;3208,30583214;3139,30633250;3324,28733316;3377,29493195;3270,30013249;3291,29723302;3401,29163278;3429,29853191;3458,29013257;3483,28993122;
3362,28953301;3393,28823298;3457,29473227;2981,29173472;3078,31913367;3018,32093358;3324,28733316;3291,29723302;3401,29163278;3429,29853191;3458,29013257;3483,28993122;2988,29343471;3019,29753458;3033,29983443;3009,32293436;2951,32353431;3023,30093430;3082,31513398;3144,31833332;3128,28723397;3169,30433327;3294,31663293;3335,31063186;3299,31223170;3294,28853320;3372,29723293;3397,30713236;3449,29653215;3491,29463116;
3078,31913367;3018,32093358;3009,32293436;2951,32353431;3082,31513398;3144,31833332;3169,30433327;3294,31663293;3335,31063186;3299,31223170;3397,30713236;3491,29463116;2982,30103507;2959,31483477;3158,31993330;3122,32003321;3144,30533479;3211,30343438;3084,31643353;3280,30163446;3161,31543319;3281,30153451;3339,30023368;3368,30483309;3398,29843373;3432,29923364;3363,30763170;3402,29383432;3437,30053350;3344,30763185;3483,29633306;3475,29813294;
3078,31913367;3009,32293436;2951,32353431;3082,31513398;3144,31833332;3294,31663293;3335,31063186;3397,30713236;3491,29463116;2982,30103507;2959,31483477;3144,30533479;3211,30343438;3084,31643353;3280,30163446;3281,30153451;3339,30023368;3368,30483309;3398,29843373;3432,29923364;3363,30763170;3402,29383432;3437,30053350;3344,30763185;3483,29633306;3475,29813294;3000,31593472;3069,32363388;2995,32463363;3163,30213490;3122,31173391;3246,32053331;3184,30853361;3331,30543321;3309,31453309;3306,31633259;3296,29643403;3320,31403228;3516,28303214;
3078,31913367;3009,32293436;2951,32353431;3082,31513398;2982,30103507;2959,31483477;3144,30533479;3211,30343438;3280,30163446;3281,30153451;3339,30023368;3398,29843373;3402,29383432;3000,31593472;3069,32363388;2995,32463363;3163,30213490;3122,31173391;3296,29643403;3250,30283473;3216,30683436;3128,31353379;3247,31793378;3328,32463311;3479,30103364;3477,32373358;3527,30123355;3523,29763359;3560,30033343;
3009,32293436;2982,30103507;2959,31483477;3144,30533479;3211,30343438;3280,30163446;3281,30153451;3398,29843373;3402,29383432;3000,31593472;3163,30213490;3296,29643403;3250,30283473;3216,30683436;3479,30103364;3477,32373358;3527,30123355;3523,29763359;3560,30033343;3083,31963458;3087,32523434;3342,32763392;3185,31723423;3228,31313414;3373,32653230;3386,29883379;3518,31533205;3501,30213338;3519,31113239;3586,30713273;3558,31253141;
----Iteration 8----
2837,28432978;2851,24532955;2883,27812907;2763,26643034;2728,25323086;2670,28622892;3007,29212865;
2854,29202942;2902,28793257;2995,27723156;2961,27663179;
2789,30123247;2888,29103431;2972,29813414;3011,29133304;3029,29363284;3060,28673314;3095,28903297;
2837,30583296;3093,29903508;3144,29783444;3164,27503235;3206,27983230;
3093,29903508;3144,29783444;3054,29863547;2876,30583314;2891,30373300;3143,29853479;3047,29883529;2991,29443550;3211,29703506;3171,30093403;3231,29523440;3180,29743457;3303,28863322;3290,29253318;
3054,29863547;2991,29443550;3211,29703506;3180,29743457;3155,30153533;3171,29753530;2989,31303379;3114,30343468;3177,30143477;3268,29623442;3193,30163419;3294,29683413;3318,29783370;
3211,29703506;3155,30153533;3171,29753530;3114,30343468;3177,30143477;3268,29623442;3193,30163419;3294,29683413;3318,29783370;3064,29993579;3065,31743482;3117,29153558;3080,31323447;3312,30203376;3233,30163394;3209,29823482;3317,29743389;
3211,29703506;3155,30153533;3177,30143477;3268,29623442;3294,29683413;3064,29993579;3065,31743482;3117,29153558;3080,31323447;3312,30203376;3209,29823482;3063,31793450;3115,30163500;3177,29993550;3097,30473533;3153,31223421;3152,31003477;3247,30753466;3322,29823395;3253,30553295;3313,30243357;
3155,30153533;3177,30143477;3065,31743482;3117,29153558;3312,30203376;3063,31793450;3115,30163500;3177,29993550;3097,30473533;3152,31003477;3247,30753466;3253,30553295;3313,30243357;3098,30163580;3107,31183488;3236,30023511;3156,31713468;3249,30653470;3202,30823423;3290,30463402;3304,30273461;3266,30003489;3346,30103382;3336,29933407;3388,30113350;
3152,31003477;3247,30753466;3098,30163580;3107,31183488;3236,30023511;3156,31713468;3202,30823423;3346,30103382;3336,29933407;3083,31083531;3191,30803570;3135,31893485;3270,30373504;3195,31273447;3319,30703503;3457,30533372;3396,29853379;
3152,31003477;3098,30163580;3107,31183488;3236,30023511;3156,31713468;3083,31083531;3191,30803570;3135,31893485;3270,30373504;3195,31273447;3319,30703503;3457,30533372;3187,30813544;3193,30313575;3089,32123434;3144,31763468;3197,31273424;3167,31323462;3278,31253467;3271,30163504;3380,30043453;3330,30823272;3389,30433391;3401,30093393;3403,30743346;
