----Iteration 2----
3045,2837;3109,2787;3114,2712;3129,2709;
3109,2787;3046,2837;3143,2780;3207,2756;
3207,2756;3154,2903;3242,2654;3214,2694;
3207,2756;3154,2903;3242,2654;2895,2910;3231,2744;
3207,2756;3154,2903;3242,2654;3231,2744;3067,2971;3203,2899;3238,2725;
3154,2903;3067,2971;3203,2899;3096,2910;3214,2885;3327,2841;
3067,2971;3203,2899;3096,2910;3214,2885;3327,2841;2822,2985;3154,2906;
3203,2899;3214,2885;3085,3094;3099,3070;3157,3058;3332,2883;3354,2857;
3332,2883;3354,2857;3278,3136;
3332,2883;3354,2857;3278,3136;3314,2885;3353,2859;
----Iteration 0----
3040,3037;3123,3014;
3131,2988;3125,3045;
3152,3158;3101,3175;
3245,3169;3197,3184;
3218,3235;3316,3227;
3218,3235;3316,3227;3334,3214;3376,3181;
3218,3235;3316,3227;3095,3291;3451,3223;
3095,3291;3451,3223;3035,3313;3423,3247;
3095,3291;3035,3313;3028,3331;3459,3247;
3095,3291;3035,3313;3028,3331;3228,3290;3520,3283;
----Iteration 1----
3126,3080;3167,3053;3226,2976;
3366,3101;
3366,3101;3257,3134;
3257,3134;3380,3114;
3257,3134;3380,3114;3430,3113;
3453,3189;
3453,3189;3391,3202;
3497,3276;
3497,3276;3464,3290;
3497,3276;3464,3290;3057,3329;3566,3091;
----Iteration 3----
3002,3093;2999,3135;3073,3073;
3002,3093;2999,3135;3073,3073;3083,3049;3109,3032;3158,2954;
3073,3073;3042,3096;3022,3139;3150,3068;3151,3058;3173,3024;3200,3000;
3166,3172;3252,3105;
3166,3172;3252,3105;3071,3207;3185,3136;
3166,3172;3252,3105;3185,3136;3148,3271;3240,3121;
3148,3271;3240,3121;3168,3264;3186,3207;3207,3122;3293,3117;3312,3063;
3148,3271;3168,3264;3186,3207;3319,3179;3386,3151;
3386,3151;3200,3431;3241,3354;3250,3209;3356,3196;
3386,3151;3200,3431;3241,3354;3356,3196;3266,3324;3336,3318;
----Iteration 4----
2778,2885;2813,2860;2819,2850;2863,2818;3065,2751;
2977,2914;3068,2879;3152,2832;3159,2711;
2977,2914;3068,2879;3152,2832;3191,2828;
3134,2984;3225,2867;3263,2788;3251,2830;3277,2728;
3134,2984;3225,2867;3263,2788;3251,2830;3277,2728;
3263,2788;3251,2830;3277,2728;3193,3035;3211,3004;3221,2969;3237,2894;3269,2763;
3277,2728;3193,3035;3211,3004;3221,2969;3269,2763;3245,2964;3268,2927;
3193,3035;3335,3011;
3335,3011;3299,3045;3229,3046;
3335,3011;3299,3045;3229,3046;3158,3104;
----Iteration 5----
2952,3107;
2952,3107;2938,3227;
2952,3107;2942,3252;
2942,3252;3076,3236;
2942,3252;3076,3236;
2942,3252;3076,3236;3137,3192;3146,3055;3162,2992;
2942,3252;3076,3236;3137,3192;3000,3237;3185,3061;
3161,3265;3229,3179;3266,3139;3265,3141;
3161,3265;3229,3179;3266,3139;3265,3141;2859,3278;3256,3167;
3229,3179;3266,3139;3265,3141;2859,3278;3256,3167;3169,3270;3314,3107;
----Iteration 6----
3232,3100;3239,3040;
3352,3109;
3352,3109;3244,3157;
3352,3109;3244,3157;
3352,3109;3096,3183;3251,3163;3256,3149;3319,3131;
3096,3183;2986,3207;3330,3178;3339,3134;3372,3120;
3096,3183;2986,3207;3330,3178;3339,3134;3372,3120;3379,3113;
3372,3120;3379,3113;3368,3207;
3372,3120;3368,3207;3401,3117;
3368,3207;3401,3117;3396,3160;
----Iteration 7----
3159,3211;3166,3188;3179,3178;
3180,3217;3233,3214;
3180,3217;3233,3214;3257,3199;3321,3126;
3269,3257;3322,3250;
3419,3313;
3419,3313;
3419,3313;
3419,3313;
3419,3313;3420,3273;
3419,3313;3420,3273;3372,3336;
----Iteration 8----
3103,3025;3106,2957;
3206,3105;3244,3081;
3367,3159;
3367,3159;
3367,3159;2876,3160;
3367,3159;3356,3277;
3356,3277;3382,3186;
3408,3297;3380,3310;
3408,3297;3380,3310;
3408,3297;3380,3310;3440,3289;
----Iteration 9----
2879,2894;2905,2811;
2969,2932;2999,2897;3025,2878;3052,2844;
2969,2932;2999,2897;3025,2878;3052,2844;2847,2987;2972,2906;3050,2861;
2969,2932;2965,3051;3082,2913;3094,2855;
3004,3066;3087,3064;3233,2902;
3233,2902;3152,3194;3217,3118;
3217,3118;3158,3221;3293,3009;
3217,3118;3158,3221;3293,3009;3246,3064;
3217,3118;3158,3221;3246,3064;3221,3071;3243,3066;3317,3036;
3217,3118;3158,3221;3246,3064;3221,3071;3243,3066;3317,3036;
