----Iteration 0----
memory=146.23828125,146.23828125,146.23828125,146.23828125,146.23828125,146.23828125,146.23828125,146.23828125,146.23828125,147.39453125
time=1.2784457206726074,1.1056745052337646,1.2380681037902832,1.7551462650299072,1.4212782382965088,1.3444061279296875,1.3762609958648682,1.463463306427002,1.190932273864746,1.508382797241211
----Iteration 1----
memory=146.23828125,146.23828125,146.23828125,146.23828125,146.23828125,146.23828125,146.23828125,146.23828125,146.62109375,147.39453125
time=1.3670945167541504,1.1870412826538086,1.3662946224212646,1.6031043529510498,1.3333957195281982,1.5187275409698486,1.3761627674102783,1.294480562210083,1.6329929828643799,1.395371437072754
----Iteration 2----
memory=148.16796875,148.16796875,148.16796875,148.16796875,148.16796875,148.16796875,148.16796875,148.16796875,148.16796875,148.16796875
time=1.1946690082550049,1.3932249546051025,1.3475432395935059,1.4584729671478271,1.2826213836669922,1.3147475719451904,1.6941981315612793,1.4793834686279297,1.4722535610198975,1.3797204494476318
----Iteration 3----
memory=148.16796875,148.16796875,148.16796875,148.16796875,148.16796875,148.16796875,148.16796875,148.16796875,148.16796875,148.42578125
time=1.143491506576538,1.2290802001953125,1.3609418869018555,1.4188041687011719,1.3117618560791016,1.6271705627441406,1.524888515472412,1.2769594192504883,1.3978776931762695,1.4921929836273193
----Iteration 4----
memory=148.16796875,148.16796875,148.16796875,148.16796875,148.16796875,148.16796875,148.16796875,148.16796875,148.16796875,148.68359375
time=1.243622064590454,1.368598461151123,1.4188010692596436,1.5638251304626465,1.3873493671417236,1.6432688236236572,1.433638572692871,1.5204575061798096,1.3755486011505127,1.3550348281860352
----Iteration 5----
memory=148.68359375,148.68359375,148.68359375,148.68359375,148.68359375,148.68359375,148.68359375,148.68359375,148.68359375,148.68359375
time=1.4106078147888184,1.3341829776763916,1.3703792095184326,1.3767690658569336,1.4617431163787842,1.4875712394714355,1.4551379680633545,1.4614605903625488,1.358963966369629,1.3475582599639893
----Iteration 6----
memory=148.68359375,148.68359375,148.68359375,148.68359375,148.68359375,148.68359375,148.68359375,148.68359375,148.68359375,148.68359375
time=1.5580530166625977,1.557096004486084,1.6054227352142334,1.4044599533081055,1.4637477397918701,1.4527873992919922,1.4195239543914795,1.4146015644073486,1.367762804031372,1.429168462753296
----Iteration 7----
memory=148.68359375,148.68359375,148.68359375,148.68359375,148.68359375,148.68359375,148.68359375,148.68359375,148.68359375,148.94140625
time=1.373784065246582,1.2811009883880615,1.550591230392456,1.4339306354522705,1.4029202461242676,1.348681926727295,1.607398271560669,1.4649853706359863,1.4768147468566895,1.1748104095458984
----Iteration 8----
memory=149.19921875,149.19921875,149.19921875,149.19921875,149.19921875,149.19921875,149.19921875,149.19921875,149.19921875,149.19921875
time=1.8030736446380615,1.1043596267700195,1.0901331901550293,1.0453898906707764,0.960242748260498,0.9631145000457764,1.0773885250091553,0.9773657321929932,1.0444180965423584,0.7246990203857422
----Iteration 9----
memory=149.19921875,149.19921875,149.19921875,149.19921875,149.19921875,149.19921875,149.19921875,149.19921875,149.19921875,149.19921875
time=1.591447353363037,1.0783789157867432,1.0009779930114746,0.9797239303588867,1.2012720108032227,1.0042707920074463,1.1847429275512695,0.9840261936187744,0.9509274959564209,0.3329448699951172
