----Iteration 2----
memory=146.23828125,146.23828125,146.23828125,146.23828125,146.23828125,146.23828125,146.23828125,146.23828125,146.23828125,146.23828125
time=1.1119039058685303,1.0362272262573242,1.231748104095459,1.3369829654693604,1.466383934020996,1.2865943908691406,1.285597801208496,1.1821658611297607,1.166553020477295,1.222172737121582
----Iteration 0----
memory=146.23828125,146.23828125,146.23828125,146.23828125,146.23828125,146.23828125,146.23828125,146.23828125,146.23828125,146.23828125
time=1.1186015605926514,1.1752240657806396,1.2113256454467773,1.4459776878356934,1.400789737701416,1.2740323543548584,1.274796485900879,1.2971832752227783,1.212407112121582,1.2585487365722656
----Iteration 1----
memory=146.23828125,146.23828125,146.23828125,146.23828125,146.23828125,146.23828125,146.23828125,146.23828125,146.23828125,146.62109375
time=1.2630395889282227,1.2312862873077393,1.355898380279541,1.4792191982269287,1.395491361618042,1.2398231029510498,1.3271172046661377,1.2773993015289307,1.1452248096466064,1.3152492046356201
----Iteration 3----
memory=148.16796875,148.16796875,148.16796875,148.16796875,148.16796875,148.16796875,148.16796875,148.16796875,148.16796875,148.16796875
time=0.9291620254516602,1.3051187992095947,1.3128914833068848,1.40590238571167,1.4160184860229492,1.325537919998169,1.2785208225250244,1.3911821842193604,1.41965913772583,1.425149917602539
----Iteration 4----
memory=148.16796875,148.16796875,148.16796875,148.16796875,148.16796875,148.16796875,148.16796875,148.16796875,148.16796875,148.42578125
time=1.138451337814331,1.3877065181732178,1.4843835830688477,1.3507754802703857,1.3349277973175049,1.338440179824829,1.5281898975372314,1.354219913482666,1.3200256824493408,1.4454176425933838
----Iteration 5----
memory=148.16796875,148.16796875,148.16796875,148.16796875,148.16796875,148.16796875,148.16796875,148.16796875,148.16796875,148.42578125
time=1.3854334354400635,1.3671271800994873,1.3111968040466309,1.2475578784942627,1.4062304496765137,1.488809585571289,1.3408479690551758,1.2475831508636475,1.2803704738616943,1.2714650630950928
----Iteration 6----
memory=148.68359375,148.68359375,148.68359375,148.68359375,148.68359375,148.68359375,148.68359375,148.68359375,148.68359375,148.68359375
time=1.4818792343139648,1.5183367729187012,1.3843145370483398,1.3304393291473389,1.4593782424926758,1.3464632034301758,1.4304218292236328,1.3615429401397705,1.4793412685394287,1.3825578689575195
----Iteration 7----
memory=148.68359375,148.68359375,148.68359375,148.68359375,148.68359375,148.68359375,148.68359375,148.68359375,148.68359375,148.68359375
time=1.2985591888427734,1.3617498874664307,1.4291706085205078,1.2315192222595215,1.3682441711425781,1.4830505847930908,1.4205057621002197,1.3214256763458252,1.3908023834228516,1.5524909496307373
----Iteration 8----
memory=149.19921875,149.19921875,149.19921875,149.19921875,149.19921875,149.19921875,149.19921875,149.19921875,149.19921875,149.19921875
time=0.8389866352081299,1.5388996601104736,0.9549787044525146,1.0648996829986572,0.8901782035827637,1.0176479816436768,1.0849406719207764,1.0084691047668457,0.9627668857574463,0.8981623649597168
----Iteration 9----
memory=149.19921875,149.19921875,149.19921875,149.19921875,149.19921875,149.19921875,149.19921875,149.19921875,149.19921875,149.19921875
time=1.4937376976013184,1.1136693954467773,0.9000191688537598,0.8835935592651367,0.9877169132232666,1.0392463207244873,0.9928858280181885,0.8727564811706543,0.93056321144104,0.9581203460693359
