----Iteration 1----
9431,8911;9727,8701;9675,8725;
9647,9244;9838,9139;9907,9134;
9650,9256;9970,9170;10026,9123;
9650,9256;9970,9170;10026,9123;10112,9092;10208,9079;
10026,9123;10112,9092;10208,9079;9957,9323;9977,9248;9982,9135;
10205,9424;10354,9377;10459,9221;
10205,9424;10354,9377;8838,9460;10568,9316;
10205,9424;10354,9377;8838,9460;10568,9316;9085,9428;10657,9263;
10354,9377;8853,9578;8901,9518;10210,9454;10740,9370;10749,9344;
8853,9578;8901,9518;10210,9454;10749,9344;8873,9561;8902,9479;10742,9413;
----Iteration 2----
9173,9078;9396,9001;
9264,9155;9302,9139;9430,9087;9446,8924;
9264,9155;9302,9139;9430,9087;9444,8971;9479,8944;9541,8935;
9264,9155;9335,9140;9548,9090;
9264,9155;9335,9140;9548,9090;9759,9080;9774,9007;
8325,9195;9493,9159;9783,9126;9819,9119;
9493,9159;9783,9126;9819,9119;9374,9362;9501,9141;9552,9135;9878,9091;9890,8997;
9819,9119;9878,9091;9573,9366;9750,9135;9812,9128;9906,9000;
9379,9563;9398,9477;9674,9418;9747,9389;9913,9190;9935,9181;9937,9057;
9747,9389;9913,9190;9935,9181;9937,9057;8728,9730;8828,9701;9685,9640;9727,9467;9835,9219;
----Iteration 0----
9316,9463;
9316,9463;9383,9346;9405,9330;9317,9370;9539,9287;9582,9213;9573,9217;
9316,9463;9582,9213;9411,9425;9546,9342;9577,9264;9597,9199;
9316,9463;9650,9281;9641,9455;
9683,9535;9663,9556;9698,9374;
9683,9535;9663,9556;9723,9521;
9906,9797;
9994,9816;
9994,9816;10040,9724;10069,9617;
9994,9816;10040,9724;10069,9617;10071,9591;
----Iteration 3----
9299,8822;9295,8960;
9295,8960;9280,9003;9499,8896;
9295,8960;9280,9003;9499,8896;9655,8783;9889,8771;
9295,8960;9280,9003;9499,8896;9889,8771;9740,8806;9939,8674;9928,8701;9949,8648;
9295,8960;9280,9003;9499,8896;9740,8806;9940,8798;9995,8747;
9295,8960;9280,9003;10183,8928;10229,8859;10264,8776;
9280,9003;10200,8978;10256,8962;10265,8800;10283,8718;
10256,8962;9789,9025;10052,8991;10209,8980;10368,8947;
9789,9025;9173,9027;9152,9103;10529,9001;
9371,9184;9407,9104;9695,9101;10518,9031;10582,9005;
----Iteration 4----
9093,9215;9573,8675;
9093,9215;9131,9040;9164,9034;9789,8845;
9347,9285;9357,9023;9822,8866;
9347,9285;9182,9310;9418,9250;10017,9084;
9538,9546;9590,9310;9643,9275;9684,9254;10054,9126;10002,9164;10093,9116;
9538,9546;9643,9275;9684,9254;9546,9460;9591,9314;10248,9232;
9707,9621;10305,9282;10321,9176;
9707,9621;10344,9359;10355,9352;
9707,9621;10344,9359;10355,9352;9871,9536;10337,9415;
9707,9621;9058,9668;9652,9630;9877,9608;10142,9453;10160,9435;10190,9429;10403,9426;10413,9415;10448,9356;10453,9334;
----Iteration 5----
9356,9399;
9513,9425;
9522,9471;9866,9431;
10124,9625;
10124,9625;10133,9469;
10199,9466;10184,9665;
10184,9665;10381,9603;10391,9561;
10495,9702;
10506,9795;
10506,9795;9129,9856;9207,9833;10515,9690;
----Iteration 7----
9635,8834;9667,8760;
9728,8874;
9809,9049;
9809,9049;8848,9063;9949,9015;9998,8942;
9113,9136;10173,9116;
10208,9155;10198,9185;
10198,9185;9086,9249;9402,9241;9488,9195;9507,9194;10235,9178;
9350,9398;9557,9300;10238,9276;10291,9227;10332,9203;
9350,9398;10347,9344;10365,9173;
10347,9344;9562,9431;9700,9402;9672,9415;10365,9263;
----Iteration 6----
8703,8896;8686,9105;9333,8297;9200,8580;
8912,9255;9101,9177;9253,9157;9287,9117;9405,9075;9479,8907;9486,8781;
8912,9255;9030,9219;9383,9195;9349,9208;9457,9178;9657,9060;
9608,9284;9620,9266;9714,9261;
9879,9426;9893,9409;9894,9372;
9924,9604;
9959,9660;10050,9513;10032,9519;10119,9288;10153,9232;
9959,9660;10050,9513;10032,9519;9395,9684;10062,9496;10075,9463;10185,9293;10166,9297;10189,9249;
9959,9660;10050,9513;10032,9519;10062,9496;10075,9463;9592,9735;9991,9592;10242,9363;
9959,9660;10050,9513;10032,9519;10062,9496;10075,9463;9991,9592;10242,9363;9652,9815;10104,9439;10201,9423;
----Iteration 8----
8702,9101;9116,8883;
8702,9101;9134,9044;9108,9067;9165,8953;9225,8912;
9181,9479;9318,9091;9388,9020;9468,9006;
9093,9551;9214,9539;9215,9510;9247,9486;9452,9110;9448,9242;9649,9100;
9286,9597;9305,9318;9449,9263;9676,9128;
9286,9597;9498,9551;9556,9488;9625,9470;9673,9305;9881,9291;
9286,9597;9498,9551;9556,9488;9625,9470;9816,9424;9990,9393;
9286,9597;9498,9551;9990,9393;9886,9495;9944,9476;
9286,9597;9498,9551;9990,9393;9886,9495;9944,9476;9466,9582;10064,9221;10112,9178;
9402,9697;9995,9639;10169,9279;
----Iteration 9----
8340,9080;8815,9077;9505,8896;
8815,9077;9505,8896;8556,9108;9449,9013;
8815,9077;8556,9108;9449,9013;9468,8982;9615,8959;9668,8931;9724,8911;
8949,9142;9003,9125;9637,9014;9741,8893;9735,9004;
8949,9142;9003,9125;9436,9095;9810,9071;
9834,9192;9858,9122;
9912,9271;
9955,9281;9979,9236;
9955,9281;10078,9193;10068,9267;
9955,9281;10078,9193;10068,9267;10074,9228;10072,9235;
