----Iteration 1----
memory=146.23828125,146.23828125,146.23828125,146.23828125,146.23828125,146.23828125,146.23828125,146.23828125,146.23828125,146.87890625
time=1.3279390335083008,1.037019968032837,1.231114149093628,1.5176174640655518,1.2876901626586914,1.4775781631469727,1.1595492362976074,1.382819652557373,1.3566901683807373,1.362614393234253
----Iteration 2----
memory=146.23828125,146.23828125,146.23828125,146.23828125,146.23828125,146.23828125,146.23828125,146.23828125,146.23828125,146.87890625
time=1.3927795886993408,1.076256513595581,1.30879545211792,1.5238845348358154,1.211106538772583,1.2115275859832764,1.336852788925171,1.2413959503173828,1.3779847621917725,1.5192947387695312
----Iteration 0----
memory=146.23828125,146.23828125,146.23828125,146.23828125,146.23828125,146.23828125,146.23828125,146.23828125,146.23828125,147.39453125
time=1.3931961059570312,1.2306163311004639,1.549896001815796,1.4799842834472656,1.2635130882263184,1.3102726936340332,1.3426518440246582,1.371039628982544,1.393129587173462,1.4046988487243652
----Iteration 3----
memory=148.16796875,148.16796875,148.16796875,148.16796875,148.16796875,148.16796875,148.16796875,148.16796875,148.16796875,148.16796875
time=1.2393074035644531,1.3408238887786865,1.4456679821014404,1.29075026512146,1.4683563709259033,1.306077241897583,1.6456189155578613,1.2261817455291748,1.318758487701416,1.5262699127197266
----Iteration 4----
memory=148.16796875,148.16796875,148.16796875,148.16796875,148.16796875,148.16796875,148.16796875,148.16796875,148.16796875,148.42578125
time=1.3388330936431885,1.366997241973877,1.3176918029785156,1.2095427513122559,1.354762315750122,1.600250005722046,1.3188576698303223,1.3579082489013672,1.3705945014953613,1.3159618377685547
----Iteration 5----
memory=148.68359375,148.68359375,148.68359375,148.68359375,148.68359375,148.68359375,148.68359375,148.68359375,148.68359375,148.68359375
time=1.0317168235778809,1.5486602783203125,1.4429652690887451,1.40901517868042,1.5395078659057617,1.6392228603363037,1.6081101894378662,1.3934822082519531,1.427649736404419,1.4704594612121582
----Iteration 7----
memory=148.68359375,148.68359375,148.68359375,148.68359375,148.68359375,148.68359375,148.68359375,148.68359375,148.68359375,148.68359375
time=1.3376743793487549,1.3255388736724854,1.3226420879364014,1.30824875831604,1.5260891914367676,1.4428894519805908,1.3473196029663086,1.521106243133545,1.5378761291503906,1.4678237438201904
----Iteration 6----
memory=148.68359375,148.68359375,148.68359375,148.68359375,148.68359375,148.68359375,148.68359375,148.68359375,148.68359375,148.68359375
time=1.349111557006836,1.3749005794525146,1.496483325958252,1.4536333084106445,1.4074761867523193,1.3900856971740723,1.5952975749969482,1.5673449039459229,1.5791184902191162,1.5685644149780273
----Iteration 8----
memory=149.19921875,149.19921875,149.19921875,149.19921875,149.19921875,149.19921875,149.19921875,149.19921875,149.19921875,149.19921875
time=1.366098165512085,1.1562817096710205,1.0965747833251953,1.090947151184082,1.0373482704162598,1.0503764152526855,0.977867603302002,1.0978813171386719,1.1071960926055908,0.8772614002227783
----Iteration 9----
memory=149.19921875,149.19921875,149.19921875,149.19921875,149.19921875,149.19921875,149.19921875,149.19921875,149.19921875,149.19921875
time=1.6018917560577393,0.9051365852355957,0.9059135913848877,1.0926551818847656,1.1350018978118896,0.997185468673706,1.026240587234497,0.9395797252655029,0.970832109451294,0.8525829315185547
