----Iteration 1----
x_Moead=[8853, 8901, 10210, 10749, 8873, 8902, 10742]
y_Moead=[9578, 9518, 9454, 9344, 9561, 9479, 9413]
----Iteration 2----
x_Moead=[9747, 9913, 9935, 9937, 8728, 8828, 9685, 9727, 9835]
y_Moead=[9389, 9190, 9181, 9057, 9730, 9701, 9640, 9467, 9219]
----Iteration 0----
x_Moead=[9994, 10040, 10069, 10071]
y_Moead=[9816, 9724, 9617, 9591]
----Iteration 3----
x_Moead=[9371, 9407, 9695, 10518, 10582]
y_Moead=[9184, 9104, 9101, 9031, 9005]
----Iteration 4----
x_Moead=[9707, 9058, 9652, 9877, 10142, 10160, 10190, 10403, 10413, 10448, 10453]
y_Moead=[9621, 9668, 9630, 9608, 9453, 9435, 9429, 9426, 9415, 9356, 9334]
----Iteration 5----
x_Moead=[10506, 9129, 9207, 10515]
y_Moead=[9795, 9856, 9833, 9690]
----Iteration 7----
x_Moead=[10347, 9562, 9700, 9672, 10365]
y_Moead=[9344, 9431, 9402, 9415, 9263]
----Iteration 6----
x_Moead=[9959, 10050, 10032, 10062, 10075, 9991, 10242, 9652, 10104, 10201]
y_Moead=[9660, 9513, 9519, 9496, 9463, 9592, 9363, 9815, 9439, 9423]
----Iteration 8----
x_Moead=[9402, 9995, 10169]
y_Moead=[9697, 9639, 9279]
----Iteration 9----
x_Moead=[9955, 10078, 10068, 10074, 10072]
y_Moead=[9281, 9193, 9267, 9228, 9235]
----End of Run----
