----Iteration 0----
14810,14007;
14817,14012;14830,13971;
14857,14051;14869,13978;
15316,14322;15250,14342;
15338,14364;
15425,14447;
15319,14568;15489,14527;15543,14456;15593,14434;
15319,14568;15489,14527;15543,14456;15645,14447;
15063,14695;15376,14667;15508,14542;15742,14538;
15342,14756;15472,14739;15466,14752;15783,14701;15845,14661;15875,14609;
----Iteration 1----
14857,14296;14877,14159;15135,13825;
15059,14695;15323,14693;
15059,14695;15323,14693;15463,14632;15625,14585;
15463,14632;15625,14585;15440,14722;15643,14521;15741,14502;
15625,14585;15440,14722;14885,14856;15117,14793;15496,14647;15573,14613;15865,14567;
15117,14793;15865,14567;15006,15037;15059,14804;15687,14779;15769,14753;15774,14714;15777,14710;15835,14600;15844,14585;
15690,15252;15816,14764;15824,14638;15873,14612;
15690,15252;15755,15197;15833,15168;15955,14806;
15922,15262;16024,15038;15974,15068;16074,15026;16121,15010;16223,14709;
15922,15262;15974,15068;16223,14709;15536,15278;15953,15073;15930,15118;15994,15052;15991,15063;16160,15041;16190,15033;16280,14535;
----Iteration 2----
14481,14480;14605,14195;14537,14238;14589,14237;
15045,14363;14803,14736;14822,14711;
15045,14363;14798,15209;14847,14781;14922,14776;14998,14765;
15045,14363;14922,14776;14998,14765;14802,15210;14803,15157;14862,15082;15002,14667;
14802,15210;14929,15178;15190,15177;15201,14960;15329,14905;
15190,15177;15329,14905;15164,15280;15165,15254;15273,15052;15346,14853;
15329,14905;15164,15280;15165,15254;15273,15052;15346,14853;15007,15320;15211,15206;15259,15182;15324,15014;
15164,15280;15165,15254;15007,15320;15211,15206;15259,15182;14863,15471;14824,15475;15014,15297;15262,15144;15349,15085;15361,15081;
15164,15280;14908,15533;15156,15326;15328,15261;15452,15192;15459,15157;
14908,15533;15552,15377;15730,15348;
----Iteration 3----
15047,14371;15083,14332;
15511,14438;
15511,14438;14504,14795;14666,14654;15304,14456;15521,14388;
15153,14916;15189,14902;15255,14779;15848,14675;
15385,14998;15902,14725;
15385,14998;15905,14743;15953,14668;15967,14502;
15385,14998;15425,14969;16085,14885;
15385,14998;15425,14969;16085,14885;14532,15008;15436,14917;15439,14899;16092,14834;
16246,15104;16272,14984;
16246,15104;16272,14984;16248,15018;
----Iteration 4----
14679,14462;14801,13484;14832,13413;
14679,14462;14824,14371;14844,13459;14835,13467;
15107,14581;
15107,14581;15109,14558;
15107,14581;15109,14558;14675,14590;14712,14587;15223,14540;
15326,14730;15481,14608;15526,14549;
15326,14730;15481,14608;15588,14556;
16143,14801;
16095,14862;16210,14845;
16319,14920;
----Iteration 5----
14815,14273;14773,14327;14838,14256;14869,14210;
14773,14327;14948,14297;14967,14172;
14959,14487;15209,14348;15198,14425;
15403,14502;
15403,14502;15169,14525;15523,14500;
15157,14659;15218,14625;15538,14478;15529,14557;15517,14574;15614,14447;
15157,14659;15529,14557;15517,14574;15307,14648;15655,14555;15709,14481;15724,14394;
15157,14659;15307,14648;15409,14639;15648,14634;15752,14608;15821,14484;
15890,14739;
15980,14909;16057,14874;16107,14698;
----Iteration 6----
14608,14406;14925,14375;15216,14356;
15367,14449;15385,14394;
15367,14449;15385,14394;15252,14489;
15367,14449;15252,14489;15480,14438;15528,14364;15544,14350;
15679,14652;15710,14599;
15922,14890;15854,14922;15955,14765;15959,14719;
16194,14936;
16194,14936;16016,14941;16289,14911;
16356,14973;16405,14944;16445,14943;16512,14941;16535,14918;
16356,14973;16405,14944;16445,14943;16512,14941;16535,14918;
----Iteration 7----
14399,14707;14466,14703;14484,14679;14567,14570;14893,14062;14907,14006;
14589,14843;14615,14821;14661,14819;14790,14727;14843,14694;14993,14169;
14589,14843;14615,14821;14661,14819;15229,14811;15528,14661;15521,14675;
14589,14843;14615,14821;14661,14819;15229,14811;15521,14675;15586,14668;15599,14616;
14589,14843;14615,14821;14661,14819;15229,14811;15521,14675;15586,14668;15677,14660;
15521,14675;15586,14668;15327,14913;15724,14662;
15327,14913;15397,14836;15948,14712;15916,14728;
15327,14913;15397,14836;15950,14771;15909,14824;15969,14724;
15327,14913;15948,14865;15983,14853;16050,14646;
15948,14865;15983,14853;14790,14935;15839,14920;16060,14814;
----Iteration 8----
15624,14455;15669,14400;15717,14374;
15967,14589;
16004,14642;
16004,14642;16232,14578;16270,14572;16320,14519;
16004,14642;16411,14601;
16221,14707;16435,14602;
16221,14707;16537,14661;
16221,14707;16537,14661;16568,14635;
16221,14707;16537,14661;16568,14635;16550,14640;16641,14578;
16221,14707;16537,14661;16690,14655;
----Iteration 9----
14638,14337;14720,14111;15090,13293;15033,13373;15030,13397;
14638,14337;14720,14111;14706,14152;15398,13369;15392,13380;15372,13416;
14638,14337;14720,14111;14706,14152;14507,14445;14674,14239;14757,14066;15416,13721;15429,13688;15479,13674;
14754,14537;14961,14461;14963,14324;15572,13785;15637,13763;
15015,14608;15466,14201;15655,14200;15683,14021;
15466,14201;15655,14200;14898,14673;14985,14661;14987,14635;15044,14617;15081,14457;15162,14428;15736,14191;
14898,14673;14985,14661;14987,14635;14838,14706;15392,14622;15460,14321;15442,14368;15763,14255;15765,14132;
14898,14673;14838,14706;15392,14622;15370,14667;15424,14620;15832,14386;15786,14395;15813,14392;
15832,14386;15813,14392;15628,14814;15805,14421;15861,14336;
16057,15012;16110,15011;
