----Iteration 6----
x_Moead_Rfts=[2095, 2110, 2151, 2188, 2283, 2385, 2440, 2420, 2473]
y_Moead_Rfts=[1270, 1229, 1212, 1173, 1159, 1139, 1068, 1097, 919]
----Iteration 3----
x_Moead_Rfts=[2098, 1446, 1604, 1692, 1820, 2324, 2373, 3060, 3057, 3169, 3168, 3166]
y_Moead_Rfts=[1549, 1644, 1619, 1586, 1569, 1535, 1495, 1408, 1460, 1253, 1277, 1382]
----Iteration 2----
x_Moead_Rfts=[1438, 1540, 1573, 1612, 2565, 2706, 2793, 2967, 2980]
y_Moead_Rfts=[1209, 1191, 1170, 1118, 1091, 1056, 1051, 1023, 978]
----Iteration 4----
x_Moead_Rfts=[1917, 1930, 1976, 2064, 2141, 2156, 2594, 3291, 3297]
y_Moead_Rfts=[1382, 1288, 1252, 1215, 1199, 1056, 982, 941, 870]
----Iteration 7----
x_Moead_Rfts=[2256, 2326, 910, 1531, 2377, 2385, 2394, 2466, 2404, 2538, 2496, 2617, 2635]
y_Moead_Rfts=[1679, 1625, 1770, 1752, 1621, 1554, 1535, 1489, 1505, 1439, 1480, 1370, 1355]
----Iteration 1----
x_Moead_Rfts=[3059, 2978, 3010, 3187, 3196]
y_Moead_Rfts=[824, 1107, 1075, 792, 776]
----Iteration 0----
x_Moead_Rfts=[2962, 2778, 2832, 2252, 3564, 3558, 3568]
y_Moead_Rfts=[1001, 1064, 1015, 1100, 953, 965, 885]
----Iteration 5----
x_Moead_Rfts=[2998, 1409, 2605, 2611, 3070, 3225, 3224, 3281, 3303, 3317]
y_Moead_Rfts=[1152, 1229, 1204, 1184, 1128, 1098, 1126, 1093, 1021, 1000]
----Iteration 9----
x_Moead_Rfts=[1208, 1540, 1298, 3176, 3235, 3318, 3289, 3317]
y_Moead_Rfts=[1038, 926, 972, 844, 799, 683, 778, 713]
----Iteration 8----
x_Moead_Rfts=[1032, 1037, 2928, 2980, 2984]
y_Moead_Rfts=[1243, 1242, 1204, 1174, 1145]
----End of Run----
