----Iteration 0----
x_Moead_Rfts=[2257, 613, 639, 641, 816, 819, 834, 838, 863, 935, 1200, 1463, 1469, 1725, 1679, 2199, 2251, 2236, 2492, 2522]
y_Moead_Rfts=[775, 1494, 1478, 1444, 1416, 1382, 1358, 1309, 1288, 1259, 1253, 1209, 1168, 1107, 1112, 1091, 1062, 1064, 740, 696]
----Iteration 7----
x_Moead_Rfts=[-215, -221, 67, 199, 1638, 1667, 1712, 1732]
y_Moead_Rfts=[1073, 1111, 1047, 1020, 984, 954, 865, 823]
----Iteration 2----
x_Moead_Rfts=[1346, 1411, 1470, 1538, 1579, 1967]
y_Moead_Rfts=[1500, 1437, 1375, 1331, 1325, 1207]
----Iteration 1----
x_Moead_Rfts=[1678, 788, 816, 880, 938, 962, 1388, 1608, 1587, 1641, 1735, 1880, 1957, 1989]
y_Moead_Rfts=[878, 1343, 1333, 1283, 1249, 1201, 1102, 998, 1092, 964, 840, 804, 782, 774]
----Iteration 4----
x_Moead_Rfts=[1789, 1847, 1868, 1863, 1951, 1939, 1988, 1984, 2010, 2022, 2026]
y_Moead_Rfts=[1194, 1191, 1154, 1183, 1125, 1139, 1093, 1119, 1054, 1030, 993]
----Iteration 6----
x_Moead_Rfts=[1649, 656, 869, 1178, 1264, 1499, 1514, 549, 654, 670, 1104, 1205, 1259, 1651, 1715, 1716, 1815, 1842, 1967]
y_Moead_Rfts=[1029, 1197, 1162, 1126, 1071, 1044, 1042, 1338, 1227, 1174, 1132, 1117, 1088, 1020, 1013, 989, 946, 890, 840]
----Iteration 3----
x_Moead_Rfts=[1642, 1629, 994, 1097, 1162, 1222, 1711, 1740, 1726]
y_Moead_Rfts=[1365, 1387, 1520, 1519, 1508, 1436, 1284, 1184, 1221]
----Iteration 5----
x_Moead_Rfts=[1731, 1166, 1218, 1222, 1261, 1558, 1569, 1595, 1623, 1624, 1795, 1832, 1844]
y_Moead_Rfts=[1239, 1412, 1404, 1315, 1276, 1273, 1269, 1250, 1249, 1241, 1189, 1143, 1121]
----Iteration 8----
x_Moead_Rfts=[858, 944, 949, 955, 819, 1014, 1035, 1160, 1272, 1284, 1289, 1353, 1421, 1476, 1480, 1518, 1570, 1579, 1593, 1616, 1640, 1648, 1653, 1655, 1740, 1834, 1814, 1855]
y_Moead_Rfts=[1392, 1388, 1386, 1382, 1550, 1376, 1371, 1368, 1334, 1328, 1317, 1306, 1304, 1284, 1277, 1264, 1233, 1182, 1172, 1163, 1084, 1042, 978, 948, 910, 810, 836, 793]
----Iteration 9----
x_Moead_Rfts=[1189, 1932, 1971, 2097, 797, 1050, 1077, 1739, 1855, 1828, 1878, 1905, 2033, 2072, 2150, 2190, 2175]
y_Moead_Rfts=[1182, 975, 931, 684, 1356, 1338, 1296, 1164, 1057, 1099, 1015, 1001, 831, 814, 651, 516, 611]
----End of Run----
