----Iteration 0----
duplicated=37.0,35.0,45.0,32.0,39.0,31.0,39.0,12.0,26.0,26.0
mean_error=241.12,81.23,99.89,96.35,76.19,105.28,69.39,76.87,76.23,80.75
memory=192.44921875,209.0390625,216.40625,222.75390625,227.30859375,229.69921875,231.8671875,233.69140625,237.1015625,239.28515625
time=27.065133333206177,22.806560754776,30.763498544692993,28.86418843269348,30.492297649383545,24.22083330154419,25.0137619972229,17.405640125274658,29.329286336898804,25.638165950775146
----Iteration 7----
duplicated=43.0,37.0,49.0,30.0,27.0,41.0,30.0,39.0,22.0,28.0
mean_error=134.25,84.46,114.3,63.22,72.56,76.64,72.12,68.62,70.64,89.8
memory=195.24609375,212.0859375,219.0390625,225.04296875,227.86328125,229.921875,232.3046875,235.5390625,237.99609375,239.69921875
time=29.537009716033936,30.695863723754883,30.983533143997192,26.520142793655396,23.63826298713684,27.379614114761353,23.49006986618042,29.364267349243164,22.381520986557007,24.09577226638794
----Iteration 2----
duplicated=57.0,56.0,40.0,36.0,29.0,18.0,29.0,35.0,38.0,21.0
mean_error=208.96,92.58,103.84,84.72,90.38,68.64,75.59,92.82,93.45,73.99
memory=199.62890625,214.22265625,219.78515625,225.43359375,228.4140625,229.77734375,232.14453125,235.83203125,238.84765625,239.59765625
time=33.35478925704956,33.8699734210968,26.662888526916504,25.963317394256592,24.122989416122437,23.66058921813965,23.533515691757202,29.62712073326111,30.813411951065063,25.250866413116455
----Iteration 1----
duplicated=28.0,42.0,45.0,39.0,34.0,45.0,23.0,30.0,32.0,36.0
mean_error=155.61,108.61,80.27,84.34,87.34,82.64,66.24,93.29,84.16,98.42
memory=187.62109375,206.0546875,215.1640625,221.5234375,226.70703125,229.24609375,231.5,235.2421875,238.6796875,239.73046875
time=19.20418667793274,26.179049253463745,32.05757713317871,27.737112045288086,26.924322843551636,30.184945344924927,24.084188222885132,33.04318118095398,31.431032419204712,29.353352069854736
----Iteration 4----
duplicated=48.0,45.0,56.0,36.0,40.0,27.0,33.0,32.0,32.0,27.0
mean_error=170.16,106.66,140.76,75.74,76.63,69.02,80.42,83.0,80.57,90.01
memory=194.09375,211.0234375,218.7265625,224.9765625,228.77734375,230.6328125,233.125,236.11328125,239.078125,239.33203125
time=28.07556390762329,30.219393491744995,32.29050946235657,27.680224895477295,29.535889625549316,24.817729473114014,27.25593113899231,28.092790603637695,30.14311671257019,22.901960372924805
----Iteration 6----
duplicated=55.0,46.0,52.0,52.0,40.0,21.0,40.0,31.0,21.0,15.0
mean_error=146.68,71.55,74.34,78.31,74.1,72.99,94.95,72.79,68.68,70.76
memory=200.55859375,214.23828125,220.44921875,226.1953125,229.3671875,230.9453125,233.98046875,237.41796875,239.20703125,239.3046875
time=33.904937982559204,32.3988516330719,30.402112007141113,32.4624457359314,27.164133310317993,21.699827671051025,34.67656111717224,25.109156370162964,24.037331104278564,20.15987253189087
----Iteration 3----
duplicated=55.0,43.0,43.0,44.0,33.0,35.0,24.0,42.0,33.0,35.0
mean_error=165.65,123.34,71.74,98.56,80.93,64.93,65.57,77.24,76.28,82.1
memory=199.5859375,213.875,218.31640625,225.25390625,228.234375,230.46875,232.546875,236.32421875,239.23828125,239.30859375
time=33.222476959228516,29.337024688720703,27.610052824020386,29.02753734588623,26.159079551696777,28.17374300956726,22.150041103363037,35.6331741809845,31.806506156921387,22.785937786102295
----Iteration 5----
duplicated=55.0,38.0,54.0,50.0,41.0,33.0,27.0,41.0,30.0,35.0
mean_error=137.72,93.9,210.78,90.13,83.16,76.99,77.61,104.83,70.18,86.33
memory=201.11328125,213.56640625,219.88671875,225.734375,229.2421875,230.65625,233.4921875,237.28515625,239.30859375,239.296875
time=33.90150499343872,27.802666664123535,31.933613538742065,29.463390827178955,28.576883792877197,25.364905834197998,28.114569902420044,31.92965078353882,27.512587308883667,21.573899269104004
----Iteration 8----
duplicated=50.0,46.0,41.0,44.0,45.0,41.0,37.0,28.0,34.0,32.0
mean_error=133.98,87.14,82.71,112.37,84.36,72.73,86.95,83.23,74.38,106.66
memory=239.24609375,239.32421875,239.390625,239.71875,239.70703125,239.7265625,239.70703125,239.6328125,239.66015625,239.70703125
time=20.627341985702515,7.271201848983765,6.260621547698975,7.573386192321777,7.5138304233551025,7.941892385482788,7.137157201766968,6.5446507930755615,7.8082661628723145,6.258321285247803
----Iteration 9----
duplicated=56.0,49.0,38.0,38.0,35.0,36.0,40.0,31.0,28.0,27.0
mean_error=214.71,71.24,79.39,70.09,79.58,76.13,95.86,78.49,97.39,76.5
memory=239.3203125,239.3828125,239.65234375,239.703125,239.64453125,239.7578125,239.73046875,239.70703125,239.73046875,239.64453125
time=16.33874535560608,7.7602503299713135,6.519557952880859,6.755852222442627,6.603585243225098,7.530197858810425,7.536388158798218,7.40297532081604,6.165738582611084,5.843182325363159
