----Iteration 6----
duplicated=53.0,38.0,42.0,39.0,29.0,20.0,31.0,32.0,31.0,42.0
mean_error=247.84,89.75,104.1,89.94,89.18,77.92,95.63,106.6,114.34,116.82
memory=224.23828125,243.1796875,256.09375,265.3203125,271.609375,277.19921875,283.21875,286.14453125,288.4609375,291.2265625
time=43.469669580459595,45.10789108276367,44.24484181404114,39.131356716156006,33.150336265563965,26.83531403541565,31.22184944152832,35.217061042785645,33.028932094573975,38.90180945396423
----Iteration 3----
duplicated=46.0,41.0,34.0,33.0,33.0,40.0,40.0,24.0,28.0,46.0
mean_error=374.1,121.18,104.46,97.25,101.06,103.75,101.19,121.84,103.18,130.57
memory=219.81640625,240.0078125,252.46875,260.19140625,268.96484375,277.3046875,283.36328125,286.22265625,288.58203125,291.34375
time=40.4117751121521,43.46325325965881,36.6303071975708,33.977872133255005,37.00398278236389,40.45300602912903,34.34553551673889,32.933281660079956,33.103281021118164,39.3788788318634
----Iteration 2----
duplicated=41.0,44.0,29.0,43.0,49.0,44.0,40.0,46.0,45.0,33.0
mean_error=212.46,130.69,124.13,161.1,98.69,102.88,115.72,110.65,110.07,99.71
memory=220.94921875,238.5859375,250.9609375,258.44140625,268.8671875,277.3671875,283.37109375,286.21484375,289.0078125,292.92578125
time=40.7083261013031,39.6010377407074,28.381802320480347,38.808239698410034,43.63695430755615,38.170212268829346,36.16123008728027,43.69070744514465,37.11540126800537,31.989418745040894
----Iteration 4----
duplicated=52.0,47.0,38.0,33.0,47.0,25.0,45.0,34.0,37.0,33.0
mean_error=242.07,128.12,91.77,92.2,99.63,99.65,109.15,103.92,131.13,110.95
memory=223.68359375,239.578125,253.51953125,261.99609375,270.87109375,277.3828125,284.01171875,286.1328125,289.00390625,292.75
time=42.618969678878784,40.40654969215393,39.19997835159302,39.130204916000366,37.99279451370239,29.619858503341675,42.514437437057495,35.264368772506714,38.324485540390015,32.80064845085144
----Iteration 7----
duplicated=49.0,51.0,42.0,51.0,42.0,41.0,33.0,33.0,35.0,30.0
mean_error=245.71,160.53,103.62,116.81,113.67,86.41,114.98,94.44,91.01,122.74
memory=221.8984375,240.38671875,253.6796875,262.6875,271.08984375,277.65234375,285.31640625,286.8046875,290.328125,290.48046875
time=41.41701889038086,43.10105633735657,38.23584055900574,42.5609347820282,37.23373579978943,41.264477491378784,36.99378204345703,36.793288707733154,31.551276922225952,33.26499009132385
----Iteration 1----
duplicated=56.0,49.0,50.0,35.0,38.0,41.0,28.0,29.0,37.0,36.0
mean_error=186.75,146.73,91.52,86.93,83.36,137.39,87.58,111.19,95.53,124.82
memory=227.6171875,244.3203125,257.05859375,265.09375,273.30859375,279.03125,285.5078125,287.8984375,290.65234375,290.46875
time=46.96553993225098,42.859785318374634,47.087143421173096,34.05741906166077,39.093677282333374,40.40744662284851,37.802884340286255,30.96941566467285,33.43232798576355,32.386435747146606
----Iteration 0----
duplicated=50.0,54.0,44.0,42.0,55.0,33.0,40.0,36.0,35.0,41.0
mean_error=257.86,119.66,93.2,181.18,127.87,82.7,111.38,92.1,95.5,107.94
memory=221.33203125,242.37890625,255.46484375,262.55859375,273.3125,279.26171875,285.29296875,287.84375,290.71875,287.296875
time=41.60465431213379,44.57063913345337,41.262402296066284,37.267500162124634,47.5430064201355,38.920544147491455,35.72161555290222,32.6671462059021,35.12001657485962,32.305009603500366
----Iteration 5----
duplicated=54.0,44.0,55.0,39.0,36.0,42.0,31.0,32.0,38.0,47.0
mean_error=271.52,102.94,118.25,100.26,105.27,109.32,98.11,93.16,111.86,110.38
memory=226.6796875,242.9140625,257.265625,266.2734375,273.83203125,280.3515625,285.55078125,288.08203125,291.375,287.203125
time=44.33186912536621,43.270806550979614,49.43852782249451,40.448415756225586,35.71699810028076,39.18580460548401,32.19712853431702,37.32645583152771,37.92321538925171,30.2053005695343
----Iteration 9----
duplicated=44.0,50.0,51.0,50.0,47.0,29.0,32.0,39.0,24.0,39.0
mean_error=189.34,89.76,108.84,117.12,117.64,90.98,98.72,147.34,98.66,139.77
memory=288.19921875,288.2109375,288.203125,288.234375,288.3125,288.28125,288.20703125,288.30859375,288.30078125,288.28515625
time=16.719493627548218,10.590794324874878,10.277750492095947,10.521608829498291,9.725952863693237,7.667492389678955,8.400673389434814,9.385715961456299,7.119549751281738,8.664902925491333
----Iteration 8----
duplicated=45.0,43.0,42.0,42.0,45.0,31.0,38.0,35.0,33.0,36.0
mean_error=226.5,136.18,100.78,110.01,92.73,107.79,103.9,107.93,93.26,102.18
memory=288.20703125,288.1484375,288.3046875,288.2265625,288.21484375,288.27734375,288.27734375,288.24609375,288.24609375,288.23828125
time=17.89967131614685,10.445921182632446,9.652070045471191,10.587435483932495,10.21005368232727,7.990755796432495,9.424196243286133,7.626868486404419,8.784459590911865,8.585299968719482
