----Iteration 3----
duplicated=48.0,31.0,36.0,40.0,22.0,20.0,13.0,23.0,11.0,11.0
mean_error=134.47,54.22,71.21,46.21,40.56,42.64,39.49,43.32,40.92,38.45
memory=175.56640625,182.5546875,187.80859375,192.55078125,195.12109375,198.27734375,200.875,202.0390625,202.9140625,204.55078125
time=16.5491304397583,15.802314043045044,15.244963884353638,14.889559030532837,12.766002893447876,9.275820255279541,8.43576192855835,10.217428207397461,9.11015248298645,8.116159677505493
----Iteration 6----
duplicated=40.0,44.0,38.0,27.0,21.0,12.0,16.0,9.0,10.0,22.0
mean_error=132.3,59.03,48.31,53.74,43.95,43.86,37.73,42.89,40.88,40.35
memory=169.59765625,182.2265625,188.953125,192.03515625,194.76953125,197.26953125,201.37890625,202.54296875,203.73046875,205.1015625
time=14.362025499343872,17.35231590270996,17.998048543930054,10.75662899017334,12.174975395202637,10.02754545211792,12.643036603927612,10.018751621246338,11.705904483795166,11.672038078308105
----Iteration 4----
duplicated=42.0,35.0,46.0,22.0,26.0,16.0,17.0,15.0,7.0,13.0
mean_error=103.29,49.88,57.42,44.83,42.73,38.41,41.71,42.39,42.02,41.43
memory=177.60546875,184.62109375,190.43359375,193.49609375,195.5859375,198.671875,201.515625,202.90625,204.3359375,205.66796875
time=17.58376717567444,16.314934253692627,18.789970636367798,11.85478162765503,12.181316137313843,12.052013158798218,9.884912252426147,11.910197973251343,8.896199464797974,9.933038473129272
----Iteration 5----
duplicated=41.0,37.0,42.0,24.0,19.0,21.0,21.0,25.0,21.0,15.0
mean_error=119.51,55.63,51.96,43.48,42.65,38.33,41.67,47.83,42.61,41.74
memory=170.83984375,180.7109375,187.09375,191.44921875,194.33203125,197.30859375,201.11328125,202.8125,204.234375,205.4765625
time=14.998397827148438,15.316731691360474,17.130799293518066,11.680220603942871,11.499181985855103,13.041407108306885,10.570102453231812,13.83351469039917,11.208867311477661,11.114699363708496
----Iteration 0----
duplicated=44.0,30.0,33.0,19.0,29.0,25.0,29.0,11.0,21.0,14.0
mean_error=122.8,51.03,51.67,43.25,46.13,45.51,43.5,45.34,44.81,46.0
memory=173.1640625,181.21875,187.48046875,192.09375,194.75,199.45703125,201.8671875,202.76953125,204.51953125,205.84765625
time=15.405671119689941,14.88784146308899,17.005677223205566,12.656936168670654,14.714080095291138,14.049179553985596,13.717623710632324,8.278471231460571,10.109291791915894,10.165898323059082
----Iteration 1----
duplicated=51.0,51.0,33.0,36.0,37.0,20.0,18.0,13.0,8.0,17.0
mean_error=97.86,57.23,62.71,57.54,46.62,40.89,42.47,44.88,41.6,54.06
memory=176.328125,186.05859375,189.9765625,194.00390625,197.03515625,200.5234375,202.23828125,203.30078125,204.78515625,205.7265625
time=17.169811487197876,19.177067756652832,16.011790990829468,14.597061157226562,14.66049575805664,11.344710350036621,10.791117191314697,10.868232727050781,9.74315357208252,9.211856603622437
----Iteration 2----
duplicated=47.0,40.0,48.0,32.0,26.0,27.0,22.0,17.0,14.0,22.0
mean_error=107.29,52.17,61.47,45.01,49.19,40.06,50.42,40.48,43.38,49.64
memory=174.203125,183.71875,190.78515625,194.0625,196.171875,199.9453125,201.78125,203.234375,205.1796875,205.6171875
time=16.446399450302124,17.193699836730957,19.253729581832886,14.720975399017334,11.130849599838257,11.642102241516113,12.613617420196533,10.901947021484375,11.327065467834473,8.690993547439575
----Iteration 7----
duplicated=43.0,50.0,42.0,31.0,29.0,20.0,19.0,29.0,21.0,19.0
mean_error=119.06,56.47,58.42,52.32,41.81,44.34,41.05,52.14,44.5,37.86
memory=172.05859375,185.74609375,190.37890625,193.3359375,196.13671875,199.9921875,201.55859375,203.44921875,205.12109375,205.49609375
time=15.258713960647583,19.579193830490112,17.475400924682617,11.526973724365234,13.0110182762146,13.18094539642334,11.544231414794922,13.41684627532959,13.81341552734375,6.17840576171875
----Iteration 8----
duplicated=46.0,43.0,38.0,37.0,32.0,24.0,38.0,22.0,27.0,11.0
mean_error=83.72,82.3,71.57,44.36,50.63,45.31,46.14,48.67,46.37,44.39
memory=205.65625,205.546875,205.54296875,205.546875,205.5625,205.484375,205.5078125,205.54296875,205.5,205.546875
time=11.352423429489136,4.211398601531982,3.2666287422180176,3.683933973312378,2.999633550643921,3.0547754764556885,3.213714599609375,2.3478477001190186,3.086721897125244,2.0448110103607178
----Iteration 9----
duplicated=50.0,35.0,29.0,28.0,23.0,21.0,22.0,14.0,30.0,11.0
mean_error=150.28,45.3,46.45,47.39,40.36,43.39,38.42,44.16,49.34,38.88
memory=205.5859375,205.5,205.53125,205.546875,205.61328125,205.57421875,205.546875,205.51171875,205.5625,205.484375
time=6.09173321723938,3.662708282470703,3.207066059112549,3.1161410808563232,2.9446017742156982,2.7203567028045654,2.8168258666992188,1.7965643405914307,2.9993937015533447,2.037724733352661
