----Iteration 0----
508,197;194,478;352,441;-13,791;
724,729;756,696;864,685;889,645;904,632;972,581;
921,822;965,785;1016,765;1114,724;1151,703;1208,625;
1215,901;1355,876;1351,896;1381,824;1424,798;1427,738;
498,1068;1515,1044;1569,997;1605,906;1593,958;1692,875;1769,772;1757,813;
1515,1044;1569,997;1605,906;1593,958;1692,875;1757,813;507,1224;605,1095;641,1085;1770,792;1803,706;1786,776;1809,683;
1515,1044;507,1224;410,1322;471,1260;529,1143;561,1128;652,1109;656,1089;911,1054;898,1072;1559,1041;1591,1028;1662,1014;1730,1011;1878,942;1904,869;2090,740;2174,720;
1515,1044;1559,1041;1591,1028;1730,1011;1878,942;451,1354;458,1292;536,1260;580,1217;881,1124;1155,1091;1721,1019;1740,944;2210,654;2204,769;2187,888;2199,810;
451,1354;536,1260;580,1217;1155,1091;2204,769;2187,888;2199,810;509,1292;576,1257;714,1194;967,1170;1103,1130;1139,1104;1740,1069;1780,1045;2150,955;2192,840;2222,747;
2187,888;2199,810;1740,1069;1780,1045;2192,840;588,1459;733,1385;757,1341;803,1303;1075,1197;1305,1135;1757,1068;1787,1010;2075,1005;2099,972;2153,964;2257,775;2280,740;2233,779;
2257,775;613,1494;639,1478;641,1444;816,1416;819,1382;834,1358;838,1309;863,1288;935,1259;1200,1253;1463,1209;1469,1168;1725,1107;1679,1112;2199,1091;2251,1062;2236,1064;2492,740;2522,696;
----Iteration 7----
334,120;70,402;358,-10;57,619;328,237;362,-141;260,380;-154,794;594,-189;
-114,591;94,553;107,536;110,493;263,399;410,348;466,327;603,318;615,307;
176,723;201,644;291,483;321,426;518,389;659,379;691,334;
176,723;919,708;
919,708;908,766;992,642;994,573;
1199,784;1236,738;
714,851;1314,785;1309,810;1330,764;1331,571;
1314,859;1371,832;1399,719;
1314,859;1371,832;-292,897;1431,826;1443,804;1464,766;1562,730;1584,640;1576,706;
1314,859;1371,832;1431,826;1443,804;1562,730;1576,706;-220,1054;-202,1033;-173,988;171,981;219,946;840,875;1472,800;1483,795;1490,759;1494,757;1557,752;1586,705;1655,698;1675,670;
-215,1073;-221,1111;67,1047;199,1020;1638,984;1667,954;1712,865;1732,823;
----Iteration 2----
-93,497;-142,717;493,-6;371,214;24,495;56,490;326,484;
492,823;502,727;669,685;618,689;694,657;814,523;1134,308;
492,823;299,868;730,752;809,742;820,699;913,637;926,627;1005,615;1205,426;1227,410;
285,983;374,949;424,934;607,912;1147,911;1288,683;1291,672;1371,650;
1147,911;466,1019;804,999;809,950;1265,843;1291,759;1389,750;1452,719;1505,674;1523,663;
566,1078;612,1019;850,1009;877,992;1243,953;1286,900;1412,884;1446,844;1558,745;1629,629;1589,707;1599,693;
1243,953;1446,844;1629,629;542,1225;597,1191;783,1128;1110,1022;1160,967;1426,935;1444,907;1457,838;1462,802;1582,792;1569,799;1604,744;1656,618;
597,1191;495,1251;561,1228;630,1172;776,1168;816,1129;958,1082;1130,1049;1579,1027;1692,920;1649,968;1730,893;1754,861;
563,1355;631,1324;751,1275;817,1171;1751,1159;1852,1149;
1751,1159;1852,1149;1346,1500;1411,1437;1421,1373;1450,1323;1645,1198;1915,1114;
1346,1500;1411,1437;1470,1375;1538,1331;1579,1325;1967,1207;
----Iteration 1----
327,284;313,569;10,631;446,11;381,34;-129,753;
-133,435;-481,521;343,396;375,366;405,332;483,264;562,140;513,159;552,158;555,143;574,130;587,103;
458,563;674,479;929,351;947,323;
458,563;1117,544;1122,486;
1117,544;622,706;654,669;712,645;974,590;1109,545;1075,585;1210,526;1353,494;
622,706;654,669;629,672;1462,667;1489,638;1518,626;1580,444;
11,938;629,819;862,818;909,813;1559,742;1706,572;1715,542;
11,938;909,813;1706,572;1715,542;92,913;145,905;875,832;1601,778;1610,619;1670,605;1723,521;
1670,605;591,983;593,955;692,924;988,896;1021,887;1345,869;1598,824;1638,791;1658,674;1741,592;1849,567;1869,478;
783,1141;1076,968;1292,946;1344,915;1590,888;1678,878;1684,816;1695,767;1702,717;1747,678;1846,577;1906,478;1856,567;1895,550;
1678,878;788,1343;816,1333;880,1283;938,1249;962,1201;1388,1102;1608,998;1587,1092;1641,964;1735,840;1880,804;1957,782;1989,774;
----Iteration 4----
-224,576;394,459;15,473;575,181;
-321,621;-172,599;945,567;
-63,757;154,716;357,715;1012,675;1047,623;1062,621;
-3,802;980,763;1283,749;1371,739;
136,839;189,822;313,820;1410,803;1575,802;1614,799;1617,767;
446,1000;522,980;535,953;1119,927;1200,871;1598,851;1631,829;1622,849;
380,1041;309,1079;1635,873;1632,1021;1633,993;
1632,1021;1633,993;405,1084;420,1073;486,1071;1672,979;1744,907;
405,1084;420,1073;486,1071;558,1070;1824,1065;1835,938;1831,978;
1789,1194;1870,1122;1857,1156;1920,1025;
1789,1194;1847,1191;1868,1154;1863,1183;1951,1125;1939,1139;1988,1093;1984,1119;2010,1054;2022,1030;2026,993;
----Iteration 6----
-6,563;107,561;147,399;148,368;167,352;210,287;426,-79;372,126;605,-159;
46,806;149,779;662,701;
788,884;882,872;
1011,911;
1011,911;1158,888;1195,839;1202,807;
-44,1019;22,967;200,956;1297,955;1326,946;1353,941;
1297,955;1326,946;1353,941;57,1062;217,1031;474,997;1369,917;1414,916;1474,898;
357,1163;847,1146;1026,997;1187,981;1627,954;1613,955;1679,942;1708,860;
357,1163;847,1146;1708,860;281,1207;275,1245;1196,1053;1671,975;1649,1029;1682,959;1723,830;
281,1207;275,1245;1649,1029;244,1256;656,1197;869,1162;881,1130;1178,1126;1264,1071;1499,1044;1514,1042;1691,987;1711,929;1787,861;1833,821;1869,765;
1649,1029;656,1197;869,1162;1178,1126;1264,1071;1499,1044;1514,1042;549,1338;654,1227;670,1174;1104,1132;1205,1117;1259,1088;1651,1020;1715,1013;1716,989;1815,946;1842,890;1967,840;
----Iteration 3----
262,433;111,719;647,101;
350,1142;
423,1199;509,1104;561,1050;608,1038;716,922;739,862;735,874;
423,1199;908,1113;
423,1199;908,1113;152,1273;506,1186;774,1135;718,1144;1049,1039;1141,994;1164,916;
-4,1330;129,1308;170,1276;656,1237;674,1220;1303,1206;
129,1308;1303,1206;89,1348;118,1330;381,1277;741,1245;1418,1195;
129,1308;89,1348;118,1330;58,1368;73,1358;540,1298;786,1285;801,1248;1432,1174;1424,1223;1443,1148;
885,1385;913,1347;942,1301;1262,1268;1481,1238;1471,1243;1467,1267;1586,1232;1617,1205;
926,1492;955,1453;1642,1365;1629,1387;1700,1196;1729,1152;
1642,1365;1629,1387;994,1520;1097,1519;1162,1508;1222,1436;1711,1284;1740,1184;1726,1221;
----Iteration 5----
145,431;22,629;209,331;227,215;395,57;503,8;482,52;-144,712;
-53,490;571,380;641,296;656,212;650,274;
-91,779;557,556;479,639;485,567;672,462;640,541;791,441;
881,1044;923,1011;933,984;
912,1081;1052,1048;1095,1042;1135,983;1234,916;1235,838;
1059,1147;1106,1086;1094,1092;1209,1072;1236,1065;1231,1066;1327,978;1343,932;
1059,1147;1306,1141;1382,1129;
1423,1208;1422,1262;1512,1200;1609,1187;1618,1169;
1423,1208;1422,1262;1512,1200;1609,1187;1618,1169;430,1313;1712,1163;
1422,1262;420,1330;426,1329;482,1315;1098,1297;1731,1239;1782,1165;1826,1042;
1731,1239;1166,1412;1218,1404;1222,1315;1261,1276;1558,1273;1569,1269;1595,1250;1623,1249;1624,1241;1795,1189;1832,1143;1844,1121;
----Iteration 8----
-505,854;-15,419;21,360;155,354;283,307;-150,453;441,39;-422,532;
-133,785;61,738;137,724;210,693;230,672;341,635;
-9,844;-8,829;34,796;440,772;499,763;562,720;546,748;
658,863;730,784;
-179,1048;-100,1046;774,993;749,1033;847,970;894,896;931,847;941,837;
-138,1186;-82,1162;965,1130;1058,1078;1015,1098;1087,1047;1119,1046;1182,1004;1248,955;1290,913;1304,877;
965,1130;1058,1078;1015,1098;1087,1047;1119,1046;1182,1004;1248,955;137,1247;276,1187;300,1152;1469,913;1481,886;
965,1130;1058,1078;1015,1098;571,1405;610,1288;648,1241;697,1227;780,1142;732,1170;1208,1054;1258,1042;1270,964;1493,939;1478,945;1494,938;1513,906;
1493,939;1478,945;1494,938;1513,906;575,1476;609,1407;643,1382;685,1345;735,1288;745,1254;1121,1213;1195,1168;1256,1108;1309,1084;1323,1035;1340,1013;1354,1009;1414,1004;1442,962;1568,838;1689,740;
1256,1108;1309,1084;1340,1013;1354,1009;1414,1004;1689,740;759,1512;802,1502;807,1461;858,1392;944,1388;949,1386;955,1382;960,1347;1075,1325;1196,1311;1204,1280;1231,1156;1338,1076;1493,994;1501,970;1583,913;1650,893;1629,898;1695,717;1660,790;1723,710;
858,1392;944,1388;949,1386;955,1382;819,1550;1014,1376;1035,1371;1160,1368;1272,1334;1284,1328;1289,1317;1353,1306;1421,1304;1476,1284;1480,1277;1518,1264;1570,1233;1579,1182;1593,1172;1616,1163;1640,1084;1648,1042;1653,978;1655,948;1740,910;1834,810;1814,836;1855,793;
----Iteration 9----
316,481;-397,779;548,454;106,569;
765,813;866,766;952,690;1059,630;
765,813;1023,796;1064,759;1113,697;1152,683;1202,682;1233,660;
765,813;1023,796;234,875;530,867;562,834;1116,795;1219,769;1265,751;1373,705;1411,664;
530,867;1373,705;234,888;1280,865;1293,819;1328,749;1423,703;1363,729;1458,686;1562,578;
1280,865;1293,819;245,945;352,925;616,868;591,886;1596,790;1628,764;1724,699;
1280,865;845,1056;923,993;1696,863;1790,806;1806,771;
635,1090;641,1069;867,1056;937,1041;978,972;1035,971;1554,937;1605,903;1623,891;1843,792;1835,863;1907,732;1900,735;1932,674;
635,1090;951,1088;1067,1040;1536,988;1914,907;1885,972;1988,808;1964,868;
1988,808;805,1198;837,1190;1189,1182;1498,1126;1739,1063;1800,1037;1830,1036;1879,993;1903,984;1932,975;1971,931;2061,748;2097,684;
1189,1182;1932,975;1971,931;2097,684;797,1356;1050,1338;1077,1296;1739,1164;1855,1057;1828,1099;1878,1015;1905,1001;2033,831;2072,814;2150,651;2190,516;2175,611;
