----Iteration 6----
1028,91;776,566;1090,35;1411,-303;
558,773;712,761;767,735;958,680;1075,615;1081,553;1303,540;1455,125;1482,122;1487,63;
558,773;712,761;767,735;893,728;942,697;1480,645;1472,690;1611,199;
558,773;712,761;767,735;893,728;942,697;1472,690;1500,666;1509,660;1536,645;1597,322;1750,274;
558,773;712,761;767,735;893,728;942,697;1472,690;1500,666;1509,660;1536,645;1874,483;1901,477;1904,446;
558,773;712,761;942,697;1472,690;1500,666;1509,660;1536,645;377,860;904,737;1920,604;1945,563;
558,773;1472,690;1500,666;1509,660;1536,645;377,860;357,876;452,832;529,797;992,763;1017,710;1139,700;1177,694;1951,617;2042,520;2077,518;
487,957;533,947;578,894;701,888;710,842;1136,807;2201,750;2209,744;
634,969;1869,932;1902,908;2228,834;2256,782;2293,751;
2095,1270;2110,1229;2196,1040;2218,986;2231,980;2283,959;2294,935;2329,884;2341,819;2347,816;
2095,1270;2110,1229;2151,1212;2188,1173;2283,1159;2385,1139;2440,1068;2420,1097;2473,919;
----Iteration 3----
702,587;1084,396;1227,21;1187,133;
1418,940;1621,924;1742,916;1762,881;1767,828;
1896,1201;1862,1242;1960,1188;2087,1146;
2194,1411;
2228,1447;2269,1434;2342,1389;2403,1276;
2228,1447;2269,1434;2372,1402;2417,1378;2467,1365;2539,1345;2545,1327;
2228,1447;2269,1434;2372,1402;2617,1383;
2228,1447;2269,1434;1184,1518;1203,1467;2695,1433;2773,1424;2786,1366;
2228,1447;1193,1548;1249,1536;1493,1502;1502,1460;1608,1450;1727,1448;2779,1445;2895,1383;
2228,1447;2779,1445;1279,1603;1304,1584;2098,1549;2212,1471;3008,1413;3033,1346;
2098,1549;1446,1644;1604,1619;1692,1586;1820,1569;2324,1535;2373,1495;3060,1408;3057,1460;3169,1253;3168,1277;3166,1382;
----Iteration 2----
683,371;1045,86;992,362;1278,-521;1070,-396;569,407;433,473;
464,453;442,488;423,499;418,510;396,587;408,530;454,481;476,423;1003,250;1374,-379;1323,-273;1324,-318;
396,587;431,533;589,532;615,471;773,470;847,453;849,396;989,348;1025,272;1061,264;1023,273;1115,212;1129,195;1143,186;1165,171;1192,130;1629,123;1693,78;1757,-24;1734,49;
396,587;431,533;589,532;989,348;1629,123;1693,78;647,524;899,483;951,392;1115,346;1385,342;1411,328;1608,140;1703,59;1890,54;
940,852;964,795;1083,777;1111,725;2146,546;
1223,965;1273,900;1458,610;1826,599;2282,553;2293,551;
1223,965;991,1005;1001,973;1344,917;1363,902;1411,888;1504,863;1532,830;2097,667;2083,692;2325,616;2339,566;2380,540;
1223,965;1004,1030;1040,995;991,1036;1167,985;1613,926;1650,877;1725,853;2576,699;2529,746;2680,553;2700,482;2694,548;
1613,926;1402,1074;2645,901;2673,870;2675,856;2759,837;2782,810;
1438,1209;1461,1129;1511,1121;1598,1079;1862,1035;2600,1014;2655,1009;2671,973;2792,969;2880,883;
1438,1209;1540,1191;1573,1170;1612,1118;2565,1091;2706,1056;2793,1051;2967,1023;2980,978;
----Iteration 4----
966,552;1152,-8;1646,-331;1085,1;1084,457;
1511,527;1485,573;1799,499;
1485,573;1857,530;1913,513;1992,464;2004,450;
1485,573;660,617;694,614;752,595;2075,567;2139,406;
2121,776;2142,695;2269,684;
2457,777;
2493,820;2524,780;2509,788;2627,769;2631,767;
2493,820;828,1028;884,988;927,950;1935,852;2801,804;2860,755;2896,725;2925,672;2943,644;
2493,820;828,1028;884,988;927,950;1935,852;2801,804;869,1021;1017,918;1373,885;1394,880;1980,836;2810,782;2923,711;2893,780;2910,726;2974,698;
1527,1245;2135,949;2148,885;2564,838;3170,817;3176,747;3187,743;
1917,1382;1930,1288;1976,1252;2064,1215;2141,1199;2156,1056;2594,982;3291,941;3297,870;
----Iteration 7----
1106,111;788,531;1244,-117;
755,1089;1214,177;1196,203;1235,160;
1062,1251;1075,1250;1364,958;1384,949;
1541,1375;
1726,1494;
1930,1608;1995,1545;2001,1515;
1930,1608;1995,1545;2001,1515;1884,1679;2081,1480;2109,1430;2097,1470;
1930,1608;1884,1679;2191,1598;2247,1563;
2256,1679;2307,1592;
2256,1679;1249,1723;2326,1625;2368,1619;2431,1477;2453,1369;2446,1385;
2256,1679;2326,1625;910,1770;1531,1752;2377,1621;2385,1554;2394,1535;2466,1489;2404,1505;2538,1439;2496,1480;2617,1370;2635,1355;
----Iteration 1----
1068,-420;855,14;921,-331;343,252;768,63;907,-288;697,185;
1144,203;1118,241;1394,15;1384,16;1452,2;1610,-5;1632,-27;1637,-59;
1732,489;1808,457;1907,435;1978,389;
2197,563;2202,553;2213,546;
2197,563;2202,553;2213,546;1636,633;1692,572;2415,539;
1636,633;617,645;722,644;2360,583;2445,551;2447,533;
2698,947;2730,944;
2803,966;2910,913;
2803,966;2910,913;2986,750;3007,732;3013,696;
2803,966;2910,913;2531,993;3059,824;3084,741;
3059,824;2978,1107;3010,1075;3187,792;3196,776;
----Iteration 0----
1278,-356;430,467;1032,136;917,338;
1393,545;1468,529;
1641,740;1650,706;1686,654;1781,529;1966,414;
1641,740;1650,706;1686,654;1817,580;1852,579;1898,519;2202,516;
1787,893;2220,887;2270,864;2330,849;2358,844;2370,810;2431,707;2529,649;
2429,944;2456,913;2504,911;2665,906;2728,880;2734,877;2780,874;2835,815;
1615,1028;2414,960;2751,952;2839,880;2856,847;2977,737;
1709,1099;1762,1063;2948,961;3032,901;3086,898;3106,882;
1709,1099;1762,1063;1800,1021;2740,1016;2962,1001;3077,956;3140,918;3130,947;3287,766;
1709,1099;2962,1001;3077,956;3140,918;3130,947;1746,1086;1755,1070;2778,1064;2832,1015;3204,903;3307,855;3356,840;3345,844;3415,778;
2962,1001;2778,1064;2832,1015;2252,1100;3564,953;3558,965;3568,885;
----Iteration 5----
936,256;401,410;1283,-267;387,655;965,196;791,346;
1500,908;
1500,908;1946,870;
2221,947;
2214,960;2221,948;
2214,960;2221,948;2357,902;2405,838;2468,825;2489,820;2483,821;2498,778;
2513,1042;2557,1011;2611,986;2685,939;2776,878;
2513,1042;2557,1011;2611,986;2705,961;2999,915;
2513,1042;2557,1011;2611,986;2705,961;2399,1169;2864,934;3013,906;2999,929;
1287,1204;2403,1175;3015,1076;2999,1078;2998,1152;3114,1004;3136,954;
2998,1152;1409,1229;2605,1204;2611,1184;3070,1128;3225,1098;3224,1126;3281,1093;3303,1021;3317,1000;
----Iteration 9----
1207,-118;981,448;1027,129;1267,-290;1309,-312;467,667;
1304,308;1357,246;1588,212;1632,170;1676,158;1731,134;
1304,308;1588,212;1632,170;1676,158;1731,134;1258,333;1388,303;1412,285;1451,264;1550,245;1768,122;1834,60;1969,-81;
1304,308;1258,333;1388,303;1412,285;392,365;386,385;1847,209;1845,273;1926,193;1933,168;2154,113;2151,133;2219,92;2223,46;
1304,308;1258,333;1388,303;469,405;1084,377;1491,290;2090,286;2135,273;2263,257;2428,116;2672,32;
624,715;650,688;1095,619;1248,543;1488,500;1573,451;2341,353;2347,325;2362,268;2546,245;2647,242;2731,80;2762,12;2773,-11;
1248,543;1573,451;2341,353;1008,762;1053,758;1147,687;1201,579;1553,523;1755,377;2455,352;2474,351;2653,322;2712,230;2866,194;2896,191;
1553,523;1009,922;1017,886;1052,819;1332,766;1363,758;1734,472;1749,448;1830,442;1852,440;2389,425;2448,389;2653,353;2731,288;2985,269;3010,232;3023,209;
1009,922;1069,887;1164,873;1310,840;1376,817;1447,708;3017,638;3035,627;3052,612;3191,475;
1208,1038;1540,926;1629,828;1657,823;2809,700;3052,673;3093,611;3117,610;3240,574;3214,603;3239,577;
1208,1038;1540,926;1298,972;3176,844;3235,799;3318,683;3289,778;3317,713;
----Iteration 8----
1275,-19;702,247;1335,-1103;392,641;885,19;
967,606;1045,545;1012,598;1202,298;1205,217;1388,96;1393,63;
1381,789;1417,766;1462,728;1434,754;1499,697;1534,626;1553,604;
1629,887;1691,874;1732,850;
1904,914;1923,885;2175,851;2207,796;2217,775;2221,721;
1904,914;1923,885;2175,851;2217,775;2213,823;2396,756;
803,978;813,949;2395,933;2415,776;
2395,933;838,1064;942,1055;975,960;1390,947;2537,881;2601,832;2615,704;
942,1055;878,1175;1072,1053;2763,953;2727,995;2768,950;
1032,1243;1128,1114;1161,1077;2220,1076;2256,1057;2406,1041;2772,1035;2813,990;2876,972;2896,914;
1032,1243;1037,1242;2928,1204;2980,1174;2984,1145;
