----Iteration 3----
-29,356;236,124;215,198;164,331;330,21;
93,733;166,725;293,682;335,638;308,672;313,656;338,545;411,250;438,216;
184,742;205,729;388,613;370,700;468,592;567,458;733,337;759,333;
388,613;468,592;227,764;289,737;357,734;385,731;504,470;645,468;693,461;834,392;844,380;897,345;938,264;
468,592;227,764;289,737;357,734;385,731;938,264;399,697;420,628;503,584;532,542;612,534;619,501;646,494;716,469;876,437;909,374;1024,240;1038,220;
227,764;289,737;357,734;385,731;399,697;420,628;503,584;612,534;716,469;876,437;909,374;-261,806;500,622;536,546;692,510;704,506;712,472;789,451;1045,333;
227,764;289,737;357,734;385,731;399,697;420,628;503,584;876,437;-261,806;500,622;1045,333;30,796;405,635;579,562;673,547;685,536;701,520;739,516;748,506;754,471;855,465;1011,376;1006,391;1034,357;
227,764;357,734;385,731;399,697;420,628;-261,806;500,622;1045,333;30,796;673,547;739,516;748,506;855,465;1011,376;1006,391;1034,357;338,743;408,654;409,639;547,615;651,600;694,546;712,524;822,491;883,457;901,411;1003,409;1061,297;1072,207;
227,764;357,734;385,731;1045,333;739,516;855,465;1011,376;1006,391;1034,357;338,743;883,457;1003,409;1061,297;1072,207;-27,898;53,886;81,822;101,818;226,776;236,754;470,698;482,659;626,627;677,612;709,561;717,551;833,471;825,510;831,496;857,459;937,452;972,434;1047,329;1058,315;
357,734;385,731;1045,333;1011,376;1006,391;1034,357;338,743;1003,409;53,886;470,698;825,510;972,434;1047,329;37,911;87,867;183,829;262,796;300,768;314,746;462,713;496,687;562,664;662,655;716,613;743,587;771,560;790,544;937,497;956,465;1019,373;1062,319;1033,362;1082,265;
385,731;338,743;1003,409;37,911;262,796;300,768;314,746;462,713;496,687;716,613;743,587;771,560;790,544;937,497;956,465;65,891;80,881;191,877;236,844;258,806;378,741;494,699;702,678;713,631;717,598;747,570;752,566;840,533;987,440;1020,396;1025,383;1061,372;1065,320;1085,284;
----Iteration 6----
231,344;-256,418;-212,359;267,142;258,225;367,-65;
408,492;396,510;392,562;
356,680;393,662;415,661;433,649;489,628;496,514;515,512;
394,717;451,702;497,665;531,659;536,651;563,635;614,592;701,475;751,400;
394,717;451,702;497,665;531,659;536,651;563,635;478,699;585,608;664,599;710,582;718,459;766,411;810,349;784,364;816,278;
816,278;420,770;432,734;435,716;486,707;571,673;669,656;646,671;683,646;725,590;735,495;759,445;779,424;785,395;814,349;
420,770;646,671;384,800;490,756;530,741;556,695;607,693;619,691;708,657;712,603;709,621;738,594;757,540;886,400;838,463;
420,770;384,800;738,594;757,540;886,400;838,463;289,830;345,822;395,797;500,765;584,763;624,730;640,699;650,687;720,684;790,475;784,516;798,467;869,459;
886,400;584,763;720,684;869,459;450,832;484,796;559,782;699,751;733,661;775,622;778,567;805,548;836,503;856,492;868,463;908,310;900,335;
720,684;869,459;450,832;733,661;775,622;778,567;805,548;856,492;868,463;908,310;900,335;334,849;456,826;697,804;700,801;713,735;728,676;750,629;836,544;887,447;
869,459;450,832;775,622;856,492;868,463;908,310;900,335;456,826;697,804;700,801;836,544;887,447;279,893;331,884;407,873;614,825;716,765;750,754;756,625;797,588;813,558;837,508;879,455;
----Iteration 4----
-92,397;13,312;225,297;
130,454;147,437;186,435;301,433;332,388;537,381;589,290;698,289;
130,454;147,437;186,435;301,433;332,388;537,381;594,344;635,294;726,158;703,293;
130,454;147,437;186,435;301,433;537,381;451,416;507,391;745,372;794,334;823,293;847,243;863,220;866,202;870,182;
48,556;76,537;26,581;168,484;177,474;252,463;456,448;553,433;582,425;665,415;695,414;710,404;797,393;837,341;843,313;875,298;936,193;
111,609;183,587;200,582;381,542;421,516;451,508;512,489;792,483;809,449;858,356;902,349;918,318;920,232;956,219;960,207;
200,582;451,508;792,483;956,219;960,207;164,619;186,606;383,568;391,567;447,517;552,505;711,501;753,496;832,469;931,456;936,309;942,268;
391,567;931,456;184,677;209,635;227,623;371,598;353,608;387,573;481,548;794,537;807,515;816,505;845,502;915,492;952,426;1003,354;978,387;1017,303;
931,456;915,492;952,426;1003,354;978,387;1017,303;215,684;221,656;241,646;282,631;800,627;825,581;870,504;938,446;976,414;1048,280;1006,336;
931,456;915,492;952,426;1003,354;978,387;215,684;241,646;282,631;800,627;938,446;976,414;1048,280;1006,336;230,674;411,630;857,594;861,585;882,548;894,498;990,372;1032,311;1051,262;
915,492;215,684;241,646;800,627;411,630;857,594;882,548;894,498;235,674;312,633;509,629;842,604;861,588;875,586;997,459;996,479;1012,429;1039,376;1042,358;1053,356;
----Iteration 5----
285,87;62,305;-180,389;262,166;95,282;322,-325;-121,307;
422,463;417,558;416,598;507,441;573,395;580,283;
422,463;417,558;416,598;507,441;573,395;518,407;523,400;607,325;681,324;684,301;762,112;
422,463;417,558;416,598;507,441;471,457;559,409;669,405;677,390;750,339;717,363;749,349;849,236;799,275;
422,463;417,558;416,598;507,441;471,457;559,409;710,405;769,387;788,367;811,283;813,268;899,239;864,261;875,258;901,197;
422,463;417,558;416,598;507,441;471,457;875,258;-85,602;-103,627;607,440;771,410;837,388;935,256;864,344;982,230;1014,162;1016,99;
417,558;416,598;507,441;471,457;-103,627;607,440;837,388;982,230;1014,162;1016,99;298,604;463,474;795,429;913,374;942,343;933,353;972,263;988,197;
417,558;416,598;982,230;1014,162;1016,99;298,604;795,429;913,374;942,343;933,353;972,263;988,197;-36,639;231,615;281,611;481,515;528,499;564,452;637,444;827,422;879,406;863,409;891,403;970,334;
416,598;1014,162;970,334;-25,679;-20,638;310,636;428,581;546,547;552,532;768,516;839,454;920,439;967,427;969,370;996,300;1137,31;1105,112;
416,598;-25,679;310,636;428,581;768,516;839,454;920,439;967,427;1137,31;1105,112;20,657;174,638;401,607;579,553;678,532;749,519;795,471;825,470;863,443;976,396;1031,361;1106,76;
416,598;310,636;428,581;768,516;839,454;1137,31;1105,112;401,607;678,532;749,519;825,470;1031,361;1106,76;14,728;34,712;278,697;376,612;454,567;638,559;796,492;935,444;977,433;1038,311;1049,264;1050,241;1064,240;1072,191;
----Iteration 0----
307,51;235,52;322,-50;224,324;-78,388;25,349;
-85,535;512,522;602,469;608,431;
512,522;602,469;-35,591;660,394;618,433;679,360;
512,522;602,469;679,360;79,624;164,555;191,548;615,459;639,457;670,412;739,305;702,333;
79,624;164,555;25,705;91,609;134,579;668,518;664,551;695,506;697,504;745,431;727,481;
664,551;-67,781;119,764;156,628;654,588;696,540;760,501;727,523;774,472;790,420;785,433;
664,551;-67,781;654,588;696,540;760,501;727,523;774,472;72,775;147,764;149,717;613,647;637,606;658,570;806,440;821,430;842,363;
-67,781;654,588;696,540;760,501;727,523;774,472;613,647;637,606;658,570;806,440;821,430;214,779;276,770;288,720;652,596;671,564;675,558;693,556;814,432;887,340;842,407;857,353;
654,588;727,523;774,472;613,647;637,606;658,570;806,440;821,430;652,596;671,564;675,558;693,556;814,432;887,340;842,407;857,353;302,806;299,855;251,903;254,893;297,863;386,765;444,686;415,736;521,684;579,680;697,548;762,506;768,480;778,460;780,453;847,390;870,342;
806,440;821,430;814,432;887,340;842,407;857,353;847,390;870,342;261,907;275,893;315,881;394,861;413,824;432,792;464,765;491,762;536,740;564,725;609,714;614,686;661,660;719,564;756,563;781,517;792,494;915,322;
261,907;394,861;464,765;491,762;536,740;609,714;614,686;756,563;233,929;329,899;355,874;438,830;453,790;463,773;529,761;566,734;687,662;739,590;759,557;799,543;833,500;875,461;843,479;954,338;934,340;886,364;899,354;
----Iteration 1----
508,44;108,392;249,345;-104,455;
364,577;355,621;328,638;491,302;
488,643;527,587;549,571;642,514;
488,643;527,587;549,571;-225,644;571,564;657,561;802,446;900,364;863,425;865,377;
488,643;527,587;549,571;571,564;657,561;802,446;900,364;863,425;865,377;-176,654;906,266;989,243;
488,643;527,587;549,571;571,564;657,561;802,446;900,364;863,425;865,377;989,243;-100,693;-94,682;-71,653;909,298;1030,199;1025,224;
488,643;527,587;549,571;571,564;657,561;802,446;900,364;863,425;865,377;-100,693;-94,682;-12,672;234,650;693,462;959,299;955,313;1033,252;1053,184;
488,643;527,587;549,571;571,564;657,561;802,446;900,364;863,425;865,377;234,650;1033,252;1053,184;46,701;53,691;190,678;676,491;711,476;715,470;730,460;906,359;997,326;1026,280;1016,307;
488,643;527,587;549,571;571,564;657,561;802,446;863,425;234,650;1033,252;1053,184;46,701;53,691;711,476;715,470;997,326;1026,280;1016,307;-16,722;190,686;248,646;703,529;709,507;745,468;924,405;958,344;947,398;
488,643;802,446;863,425;234,650;1033,252;1053,184;997,326;1026,280;1016,307;-16,722;190,686;118,708;149,695;394,649;762,526;757,621;767,493;777,449;854,426;907,415;967,406;1051,240;
1053,184;1016,307;1051,240;212,761;229,747;247,710;354,698;454,687;457,683;779,643;795,621;912,534;966,467;972,449;979,444;998,434;1010,401;1043,288;
----Iteration 2----
-75,374;181,200;43,338;-11,373;363,195;159,301;
-261,642;28,628;82,610;104,557;229,434;221,442;236,423;
-198,691;232,688;270,665;255,681;351,647;352,634;
351,647;288,789;256,804;270,796;325,776;326,753;348,742;370,645;454,618;555,614;
288,789;256,804;270,796;325,776;326,753;348,742;217,829;299,786;354,716;369,687;406,681;609,660;639,643;653,623;655,599;
639,643;318,866;372,838;427,743;441,738;480,734;485,722;603,682;623,679;686,632;719,576;735,561;
318,866;372,838;603,682;623,679;735,561;60,915;105,893;279,879;432,812;476,796;496,765;542,756;576,704;588,685;712,629;662,676;703,663;709,654;725,618;
735,561;712,629;703,663;709,654;725,618;264,949;271,938;309,910;339,874;424,868;506,859;569,813;588,797;604,788;628,728;642,719;682,710;686,693;689,685;
735,561;712,629;725,618;424,868;506,859;569,813;588,797;604,788;324,959;382,934;318,980;392,900;510,842;581,802;646,749;702,743;709,701;711,667;
506,859;569,813;588,797;604,788;324,959;318,980;510,842;581,802;702,743;319,962;329,957;402,953;438,930;457,872;466,861;507,843;524,822;627,765;671,760;724,737;746,694;796,659;829,605;
702,743;402,953;438,930;724,737;796,659;829,605;267,1028;286,1012;348,991;352,969;354,967;428,938;512,915;521,881;541,872;576,855;618,816;680,814;686,762;790,695;
----Iteration 7----
104,466;298,33;143,277;203,90;151,131;
50,679;57,628;119,621;171,554;146,604;183,550;165,582;331,401;303,411;354,387;338,397;
50,679;57,628;119,621;146,604;202,586;299,575;307,556;378,497;450,491;519,429;523,399;
50,679;73,630;352,627;367,619;489,610;554,607;573,575;578,562;609,535;656,510;
656,510;-127,720;-62,706;384,702;389,673;435,671;504,670;511,648;550,635;566,621;592,614;606,603;610,579;629,550;748,437;728,483;734,454;749,363;
592,614;606,603;610,579;629,550;-53,748;-89,789;-76,775;479,732;488,689;587,676;593,610;772,481;762,534;773,407;
479,732;488,689;587,676;3,792;9,791;56,777;59,756;395,743;480,702;590,668;603,649;639,632;613,636;688,590;781,575;791,491;
479,732;3,792;9,791;395,743;781,575;791,491;325,780;406,740;587,706;603,669;728,646;769,596;767,607;846,421;847,347;
325,780;76,812;108,797;279,782;450,754;503,732;659,731;709,719;754,716;790,672;801,641;829,578;857,497;868,476;
709,719;754,716;790,672;801,641;829,578;857,497;868,476;50,882;93,852;459,841;588,797;639,796;657,791;663,763;679,731;777,698;800,645;819,629;891,466;947,406;903,462;957,370;932,416;975,358;
709,719;754,716;790,672;801,641;829,578;459,841;588,797;639,796;657,791;663,763;679,731;777,698;800,645;819,629;891,466;947,406;903,462;957,370;932,416;975,358;134,918;137,886;183,856;193,852;671,762;685,729;702,728;765,702;830,526;832,525;875,497;881,480;
----Iteration 8----
65,325;325,156;-103,414;253,196;204,267;
348,387;381,355;387,327;420,270;501,231;517,196;
-97,498;151,494;538,415;560,274;
126,572;175,570;521,565;531,549;572,459;718,377;730,300;
521,565;531,549;7,597;211,587;250,569;640,530;762,475;761,501;731,522;770,302;
640,530;731,522;211,686;309,675;391,639;429,630;431,594;557,579;785,503;857,438;871,362;
640,530;309,675;857,438;198,730;238,716;301,683;383,654;560,652;572,626;588,557;808,524;841,474;903,403;959,312;
857,438;198,730;238,716;560,652;572,626;808,524;841,474;959,312;268,704;331,692;346,671;387,667;402,654;666,622;699,619;707,611;713,536;910,414;912,393;924,334;922,345;947,319;970,243;
699,619;910,414;912,393;924,334;922,345;220,739;266,729;363,712;580,683;649,680;672,648;683,642;775,618;791,582;829,560;909,496;997,333;1040,251;1053,218;
699,619;910,414;912,393;672,648;683,642;775,618;829,560;909,496;997,333;355,747;455,730;616,718;657,691;799,588;810,587;834,552;962,355;1063,283;1025,319;1033,296;
699,619;910,414;912,393;683,642;775,618;909,496;997,333;810,587;834,552;962,355;1063,283;1025,319;437,817;662,745;678,723;685,638;807,601;825,585;829,572;980,348;985,341;1025,319;1030,314;1041,305;
----Iteration 9----
41,239;-97,327;270,94;-31,258;157,227;301,36;205,129;
507,343;512,342;700,309;683,310;718,288;
721,361;700,430;714,364;822,327;791,333;834,256;
822,327;791,333;210,545;317,506;499,505;516,488;741,475;790,364;778,375;877,303;898,234;845,315;875,307;
499,505;516,488;741,475;444,574;453,540;489,515;620,477;778,451;767,456;916,375;912,399;967,325;1013,270;
778,451;767,456;912,399;1013,270;272,605;408,597;487,584;521,541;756,503;780,440;782,431;823,422;877,404;919,380;921,367;927,360;952,354;970,326;988,284;1057,233;
408,597;487,584;521,541;756,503;1057,233;161,672;332,669;512,550;657,537;689,529;691,504;761,488;787,475;948,435;954,425;992,358;995,352;1018,345;1116,185;1149,181;
689,529;948,435;954,425;992,358;995,352;1018,345;1116,185;1149,181;382,691;434,659;521,619;599,563;667,547;719,527;752,522;805,505;809,502;849,481;854,447;955,375;968,369;1066,262;1092,258;1102,228;1110,213;1127,182;
948,435;954,425;992,358;995,352;1018,345;1149,181;849,481;1066,262;1092,258;1102,228;1110,213;1127,182;388,701;458,682;566,664;692,656;713,643;765,540;767,523;830,513;875,475;911,445;916,440;972,395;983,390;994,355;1024,336;1049,280;1123,206;
1149,181;1092,258;692,656;713,643;1024,336;376,798;295,862;335,848;336,812;478,748;524,747;609,719;639,663;613,716;627,696;775,599;792,565;809,560;866,526;926,506;972,451;1020,403;1065,289;1086,286;1117,241;1123,213;1138,184;
1092,258;692,656;713,643;295,862;335,848;524,747;609,719;613,716;627,696;866,526;972,451;1086,286;1123,213;339,814;337,823;410,804;463,778;512,754;623,699;629,677;650,672;697,647;750,633;766,623;790,619;795,584;820,564;851,540;889,520;929,507;957,461;1025,407;1051,361;1056,343;1077,320;1121,245;1153,185;1154,162;
