----Iteration 3----
x_Moead_Rfts=[385, 338, 1003, 37, 262, 300, 314, 462, 496, 716, 743, 771, 790, 937, 956, 65, 80, 191, 236, 258, 378, 494, 702, 713, 717, 747, 752, 840, 987, 1020, 1025, 1061, 1065, 1085]
y_Moead_Rfts=[731, 743, 409, 911, 796, 768, 746, 713, 687, 613, 587, 560, 544, 497, 465, 891, 881, 877, 844, 806, 741, 699, 678, 631, 598, 570, 566, 533, 440, 396, 383, 372, 320, 284]
----Iteration 6----
x_Moead_Rfts=[869, 450, 775, 856, 868, 908, 900, 456, 697, 700, 836, 887, 279, 331, 407, 614, 716, 750, 756, 797, 813, 837, 879]
y_Moead_Rfts=[459, 832, 622, 492, 463, 310, 335, 826, 804, 801, 544, 447, 893, 884, 873, 825, 765, 754, 625, 588, 558, 508, 455]
----Iteration 4----
x_Moead_Rfts=[915, 215, 241, 800, 411, 857, 882, 894, 235, 312, 509, 842, 861, 875, 997, 996, 1012, 1039, 1042, 1053]
y_Moead_Rfts=[492, 684, 646, 627, 630, 594, 548, 498, 674, 633, 629, 604, 588, 586, 459, 479, 429, 376, 358, 356]
----Iteration 5----
x_Moead_Rfts=[416, 310, 428, 768, 839, 1137, 1105, 401, 678, 749, 825, 1031, 1106, 14, 34, 278, 376, 454, 638, 796, 935, 977, 1038, 1049, 1050, 1064, 1072]
y_Moead_Rfts=[598, 636, 581, 516, 454, 31, 112, 607, 532, 519, 470, 361, 76, 728, 712, 697, 612, 567, 559, 492, 444, 433, 311, 264, 241, 240, 191]
----Iteration 0----
x_Moead_Rfts=[261, 394, 464, 491, 536, 609, 614, 756, 233, 329, 355, 438, 453, 463, 529, 566, 687, 739, 759, 799, 833, 875, 843, 954, 934, 886, 899]
y_Moead_Rfts=[907, 861, 765, 762, 740, 714, 686, 563, 929, 899, 874, 830, 790, 773, 761, 734, 662, 590, 557, 543, 500, 461, 479, 338, 340, 364, 354]
----Iteration 1----
x_Moead_Rfts=[1053, 1016, 1051, 212, 229, 247, 354, 454, 457, 779, 795, 912, 966, 972, 979, 998, 1010, 1043]
y_Moead_Rfts=[184, 307, 240, 761, 747, 710, 698, 687, 683, 643, 621, 534, 467, 449, 444, 434, 401, 288]
----Iteration 2----
x_Moead_Rfts=[702, 402, 438, 724, 796, 829, 267, 286, 348, 352, 354, 428, 512, 521, 541, 576, 618, 680, 686, 790]
y_Moead_Rfts=[743, 953, 930, 737, 659, 605, 1028, 1012, 991, 969, 967, 938, 915, 881, 872, 855, 816, 814, 762, 695]
----Iteration 7----
x_Moead_Rfts=[709, 754, 790, 801, 829, 459, 588, 639, 657, 663, 679, 777, 800, 819, 891, 947, 903, 957, 932, 975, 134, 137, 183, 193, 671, 685, 702, 765, 830, 832, 875, 881]
y_Moead_Rfts=[719, 716, 672, 641, 578, 841, 797, 796, 791, 763, 731, 698, 645, 629, 466, 406, 462, 370, 416, 358, 918, 886, 856, 852, 762, 729, 728, 702, 526, 525, 497, 480]
----Iteration 8----
x_Moead_Rfts=[699, 910, 912, 683, 775, 909, 997, 810, 834, 962, 1063, 1025, 437, 662, 678, 685, 807, 825, 829, 980, 985, 1025, 1030, 1041]
y_Moead_Rfts=[619, 414, 393, 642, 618, 496, 333, 587, 552, 355, 283, 319, 817, 745, 723, 638, 601, 585, 572, 348, 341, 319, 314, 305]
----Iteration 9----
x_Moead_Rfts=[1092, 692, 713, 295, 335, 524, 609, 613, 627, 866, 972, 1086, 1123, 339, 337, 410, 463, 512, 623, 629, 650, 697, 750, 766, 790, 795, 820, 851, 889, 929, 957, 1025, 1051, 1056, 1077, 1121, 1153, 1154]
y_Moead_Rfts=[258, 656, 643, 862, 848, 747, 719, 716, 696, 526, 451, 286, 213, 814, 823, 804, 778, 754, 699, 677, 672, 647, 633, 623, 619, 584, 564, 540, 520, 507, 461, 407, 361, 343, 320, 245, 185, 162]
----End of Run----
