----Iteration 0----
-85,404115;-64,44467;-153,252251;-184,525-168;-10,393189;24,48215;1,-129288;-69,368233;8,43854;40,446-1;-1,-64266;35,270216;99,236156;117,439-31;110,463-103;114,244122;126,38888;
-64,44467;-10,393189;24,48215;-69,368233;8,43854;40,446-1;117,439-31;110,463-103;126,38888;-218,596108;-85,309403;-143,310258;-92,53880;-39,289376;-1,439174;-115,523144;-26,396214;-118,54275;-39,55445;116,188416;95,211376;176,178395;80,271383;98,43641;95,494-66;244,126383;211,211361;141,398-8;292,275169;351,282168;429,266214;435,238226;410,272266;
-10,393189;-69,368233;-92,53880;-1,439174;-115,523144;-26,396214;-118,54275;-39,55445;95,211376;80,271383;211,211361;429,266214;435,238226;410,272266;-22,203488;-137,422191;-245,492209;-220,539148;-148,63773;-122,625107;-189,68752;-3,166509;-153,563139;-161,624109;-45,313411;-70,63019;27,52771;186,577-29;8,125537;-38,312546;365,181465;313,246287;220,508159;180,5124;299,149535;365,195446;295,272267;233,497-10;381,198398;406,284256;270,43610;386,189447;284,32553;513,35245;484,63294;480,73209;550,64217;497,84205;
-115,523144;95,211376;80,271383;211,211361;429,266214;435,238226;410,272266;-22,203488;-122,625107;-189,68752;-3,166509;-153,563139;-161,624109;-45,313411;27,52771;186,577-29;8,125537;-38,312546;365,181465;220,508159;180,5124;299,149535;365,195446;233,497-10;381,198398;406,284256;270,43610;386,189447;-88,435319;-186,512404;-174,583189;-76,65454;-152,526400;197,11609;60,153526;-58,411376;-108,587124;-32,63888;175,573-21;412,138475;264,203400;38,506275;293,414130;192,622-40;363,337309;372,163476;309,38396;401,158418;335,375137;513,47399;486,107351;391,37140;406,34011;478,230278;581,115328;535,127301;
410,272266;-22,203488;-122,625107;-189,68752;-3,166509;-153,563139;-161,624109;8,125537;-38,312546;220,508159;299,149535;365,195446;381,198398;406,284256;386,189447;-88,435319;-186,512404;-174,583189;-76,65454;-152,526400;197,11609;60,153526;-58,411376;-108,587124;-32,63888;412,138475;38,506275;293,414130;192,622-40;363,337309;335,375137;391,37140;406,34011;581,115328;-26,197549;-179,535394;-161,553382;-162,662160;-4,154570;-189,594230;116,180508;-6,267483;156,336464;-179,474425;-138,489373;75,560224;105,58318;248,34545;346,173485;296,376333;203,614-7;281,330350;348,5392;385,174483;381,183484;340,230414;312,362344;353,43493;329,54432;417,159439;357,286341;348,50147;394,221364;402,360241;350,39799;479,270336;449,317251;465,338108;491,313129;571,248246;575,76415;549,130372;526,301149;587,112246;
-122,625107;-189,68752;-161,624109;-38,312546;220,508159;299,149535;365,195446;386,189447;-88,435319;-186,512404;-76,65454;-152,526400;197,11609;60,153526;-58,411376;-32,63888;412,138475;38,506275;293,414130;581,115328;-26,197549;-179,535394;-161,553382;-162,662160;-189,594230;116,180508;156,336464;-179,474425;75,560224;248,34545;348,5392;385,174483;381,183484;340,230414;353,43493;329,54432;417,159439;348,50147;571,248246;549,130372;526,301149;4,232537;50,291525;-56,353526;48,384441;-200,527412;-27,69817;7,148642;53,139667;-1,192630;61,706-110;138,401395;-130,496420;14,611132;236,65134;268,-74586;339,-71583;107,55542;352,226487;125,609199;261,605-14;214,300500;177,383392;297,5684;305,240449;292,382321;362,51940;383,226429;393,404208;510,380403;435,4026;372,49887;593,97453;521,375170;629,199293;557,369141;
-189,68752;-38,312546;220,508159;299,149535;386,189447;-76,65454;-32,63888;412,138475;38,506275;-26,197549;-161,553382;-162,662160;-189,594230;116,180508;385,174483;381,183484;417,159439;526,301149;4,232537;50,291525;-56,353526;-27,69817;53,139667;-1,192630;61,706-110;-130,496420;236,65134;339,-71583;352,226487;125,609199;261,605-14;214,300500;362,51940;510,380403;372,49887;593,97453;521,375170;557,369141;-86,247655;-46,491498;-151,537429;-100,656164;-32,287650;-83,493495;318,-92614;287,176666;253,469488;146,493453;31,527346;140,566247;114,605207;253,668-50;346,-109604;156,500383;160,612184;298,60337;358,66565;322,477462;360,54785;300,587-17;370,215447;462,428384;419,406433;462,456182;402,157475;447,476229;448,115428;662,220394;634,274383;511,351331;521,388158;503,387171;544,288255;590,279280;583,278328;
38,506275;-161,553382;-162,662160;-189,594230;61,706-110;236,65134;352,226487;125,609199;261,605-14;510,380403;372,49887;593,97453;-46,491498;-151,537429;-100,656164;-83,493495;253,469488;31,527346;140,566247;114,605207;253,668-50;160,612184;298,60337;322,477462;360,54785;300,587-17;462,428384;419,406433;447,476229;662,220394;634,274383;511,351331;182,20702;-100,230730;-136,376620;314,421576;240,436529;13,517489;-147,76396;-36,83040;122,337715;196,505470;-7,78789;38,74588;400,220688;234,485460;279,455511;375,55551;507,3663;437,201697;357,516183;448,182601;587,302434;459,481184;520,16627;521,147552;562,34586;526,273485;646,358296;478,465192;481,447165;576,253481;624,408310;665,276376;676,356283;644,371258;
-162,662160;-189,594230;236,65134;125,609199;510,380403;-46,491498;-100,656164;253,469488;31,527346;114,605207;160,612184;298,60337;322,477462;300,587-17;462,428384;447,476229;662,220394;634,274383;314,421576;240,436529;13,517489;-147,76396;-36,83040;122,337715;196,505470;-7,78789;38,74588;400,220688;234,485460;279,455511;375,55551;507,3663;437,201697;448,182601;587,302434;459,481184;520,16627;521,147552;562,34586;526,273485;478,465192;576,253481;665,276376;676,356283;246,209708;229,312763;-132,404638;-18,478627;-33,488602;-122,529539;-149,538533;-128,590278;-105,633203;-82,79392;245,386691;-52,504574;83,691155;-6,738136;63,8061;-29,558429;13,78294;308,148742;329,242679;290,434541;297,6870;312,573307;598,231487;366,570210;324,574144;316,58499;535,-3652;433,437461;541,-40614;519,491174;411,513190;580,-39612;560,452273;545,487179;597,-62552;664,396355;577,442258;644,424310;
236,65134;125,609199;510,380403;253,469488;31,527346;114,605207;160,612184;298,60337;322,477462;462,428384;447,476229;662,220394;634,274383;314,421576;240,436529;13,517489;-147,76396;-36,83040;122,337715;196,505470;-7,78789;38,74588;400,220688;234,485460;279,455511;507,3663;437,201697;448,182601;587,302434;520,16627;521,147552;562,34586;526,273485;576,253481;665,276376;246,209708;229,312763;-18,478627;-122,529539;-149,538533;-82,79392;245,386691;83,691155;-6,738136;63,8061;-29,558429;13,78294;308,148742;329,242679;290,434541;297,6870;312,573307;598,231487;366,570210;324,574144;316,58499;535,-3652;433,437461;519,491174;411,513190;560,452273;545,487179;664,396355;577,442258;644,424310;-130,446659;-15,497606;-152,519554;-156,549508;-143,712342;-215,509581;-161,535538;-162,715303;305,129763;-34,513578;-27,543512;-76,709340;111,7362;504,39687;303,419634;338,431571;29,492554;91,556341;235,69413;254,713-215;433,-24700;311,601244;335,659-159;352,382617;307,485403;434,401499;466,529171;412,574134;518,490215;597,16617;652,180459;641,167527;634,450202;735,109410;679,404321;690,297211;725,274153;
----Iteration 2----
34,435284;72,413239;65,405286;78,335263;186,3328;189,222417;175,227423;285,260334;267,272335;352,219313;305,241316;293,241368;326,101369;
34,435284;72,413239;65,405286;78,335263;189,222417;175,227423;-2,356332;33,447278;17,442306;66,470223;65,493214;142,450159;165,413213;162,369226;215,427123;144,244378;181,410218;375,239346;228,351115;372,257373;337,277362;340,296341;325,300363;388,221357;
34,435284;65,405286;189,222417;175,227423;-2,356332;33,447278;17,442306;66,470223;65,493214;142,450159;165,413213;144,244378;181,410218;375,239346;372,257373;337,277362;340,296341;325,300363;388,221357;93,319303;15,479279;-13,485290;66,534183;2,599167;21,556144;44,535141;92,371331;127,421277;97,571110;157,486154;198,52656;247,49827;245,545-3;407,496-50;376,260339;402,401238;445,492-1;458,429199;492,47837;
15,479279;-13,485290;2,599167;21,556144;97,571110;198,52656;247,49827;245,545-3;407,496-50;445,492-1;458,429199;492,47837;21,423371;64,466320;74,539263;25,552222;5,597135;103,453302;157,498259;113,526245;182,55790;190,53461;194,486150;228,51419;433,360392;412,400401;411,436363;442,439267;456,483-9;350,500-69;417,316431;508,44221;548,42854;506,429109;530,44055;523,37663;552,33033;
2,599167;97,571110;198,52656;245,545-3;407,496-50;445,492-1;492,47837;74,539263;25,552222;5,597135;113,526245;182,55790;190,53461;433,360392;412,400401;411,436363;456,483-9;417,316431;548,42854;25,389406;164,495356;23,545235;98,559163;179,485381;211,53920;441,435353;388,516348;294,52138;463,388383;462,411374;477,445327;479,352367;558,389308;533,469139;648,219393;628,376322;659,321319;671,310330;638,346284;
412,400401;411,436363;417,316431;25,389406;179,485381;441,435353;388,516348;463,388383;462,411374;477,445327;533,469139;628,376322;659,321319;185,517376;74,614227;87,601214;171,630173;401,363469;203,505375;373,567232;409,355464;451,552274;429,390394;385,562212;479,533163;571,376361;506,474278;511,516121;589,303395;565,363404;601,463277;564,466238;555,515138;584,344374;599,405346;645,158429;626,285481;697,257403;644,355309;619,365332;562,408382;676,319360;633,370330;683,281351;
412,400401;388,516348;628,376322;171,630173;401,363469;409,355464;506,474278;599,405346;626,285481;633,370330;73,574486;215,536546;169,622418;460,607278;116,544515;340,524465;311,570495;380,544437;353,606372;490,397434;496,584231;563,329428;581,449386;463,512284;480,506244;593,566144;517,485257;755,262510;610,466304;623,497125;740,272485;708,295458;648,438306;641,459220;721,313441;659,393309;765,282441;731,366418;756,236456;768,264414;
412,400401;388,516348;506,474278;73,574486;215,536546;169,622418;460,607278;116,544515;340,524465;311,570495;380,544437;353,606372;490,397434;496,584231;563,329428;581,449386;463,512284;517,485257;755,262510;610,466304;740,272485;648,438306;641,459220;721,313441;765,282441;731,366418;768,264414;378,432599;359,448571;136,539514;113,685339;110,705265;417,366570;474,658182;498,279544;408,438520;336,586471;429,652229;586,286539;607,294521;405,476423;514,644215;668,218536;638,328507;490,605265;803,214529;719,308476;752,128578;702,408361;645,625154;630,653100;819,244495;723,371329;723,423225;848,170504;795,261355;759,410200;737,464197;815,370249;
73,574486;215,536546;460,607278;116,544515;340,524465;311,570495;380,544437;563,329428;581,449386;463,512284;610,466304;648,438306;641,459220;721,313441;765,282441;731,366418;378,432599;359,448571;136,539514;113,685339;110,705265;474,658182;498,279544;408,438520;336,586471;429,652229;586,286539;607,294521;514,644215;638,328507;490,605265;803,214529;719,308476;702,408361;645,625154;819,244495;723,371329;723,423225;795,261355;737,464197;815,370249;341,408670;250,530609;224,590467;359,623434;137,648389;391,309715;379,320704;432,415601;371,448562;260,498524;414,620377;639,656127;628,258620;457,470481;439,476451;601,599282;654,66493;727,174626;527,346533;535,444485;524,487392;746,221611;668,296513;754,286491;694,387389;754,141676;786,274526;666,374409;789,235570;743,511159;759,423223;832,201538;802,418320;854,236512;860,215478;875,138458;
215,536546;340,524465;311,570495;581,449386;610,466304;648,438306;641,459220;731,366418;378,432599;359,448571;113,685339;110,705265;336,586471;429,652229;514,644215;638,328507;803,214529;702,408361;645,625154;819,244495;723,371329;723,423225;795,261355;737,464197;815,370249;341,408670;250,530609;224,590467;137,648389;391,309715;379,320704;432,415601;371,448562;414,620377;639,656127;628,258620;601,599282;654,66493;727,174626;527,346533;535,444485;524,487392;746,221611;694,387389;754,141676;666,374409;789,235570;743,511159;759,423223;802,418320;854,236512;860,215478;875,138458;413,299714;295,503665;224,534604;229,573518;395,639442;104,716332;85,732304;265,583493;429,596417;255,645342;513,759179;612,52724;456,321665;391,392642;455,441591;263,532552;311,530548;661,69891;695,135684;688,173663;464,334618;471,491509;513,624336;563,677189;547,681177;557,316578;485,455454;709,623153;580,338486;690,655140;720,236585;674,425382;788,322558;689,433348;775,496115;782,477141;846,204579;
----Iteration 1----
117,471179;165,537172;142,549153;42,536272;150,53982;107,463392;116,554158;93,413408;200,323271;220,277293;174,348250;206,442128;172,264323;262,326-40;251,396121;278,295-74;
165,537172;107,463392;206,442128;278,295-74;-77,518402;-58,542325;113,532245;113,592104;-26,540335;70,666150;152,431443;-38,515382;64,463500;78,533337;136,62078;110,440492;198,472375;104,581288;83,614181;137,478360;117,499289;161,556171;198,368457;179,488347;246,402456;172,538124;187,563105;187,579100;266,434264;238,49671;278,28967;
165,537172;-38,515382;136,62078;110,440492;83,614181;179,488347;238,49671;57,234582;38,266569;19,513466;-114,557412;-107,612394;75,606306;-15,663295;-74,732264;48,626312;98,184603;94,475528;-70,529426;58,684285;152,275555;32,509467;42,650347;73,700218;143,506473;174,213551;164,590372;209,616138;119,64474;116,65246;188,608156;121,62769;257,454461;373,457332;260,473440;277,396500;315,442364;389,424281;
94,475528;58,684285;152,275555;42,650347;143,506473;174,213551;164,590372;257,454461;373,457332;260,473440;277,396500;315,442364;389,424281;27,199640;51,476557;11,481521;-38,584427;62,616394;4,770276;-58,790237;98,252638;13,680295;141,160610;96,516487;99,724245;77,370600;-3,552460;109,710193;119,419506;134,679278;249,441501;247,622327;201,660261;208,244526;247,533450;235,633316;257,412474;305,425444;258,556154;251,555202;380,388380;313,442367;345,387393;459,334265;
94,475528;58,684285;152,275555;42,650347;143,506473;164,590372;257,454461;373,457332;260,473440;277,396500;315,442364;389,424281;51,476557;11,481521;-38,584427;62,616394;4,770276;-58,790237;98,252638;13,680295;141,160610;96,516487;99,724245;109,710193;119,419506;134,679278;249,441501;247,622327;201,660261;247,533450;235,633316;257,412474;305,425444;380,388380;313,442367;459,334265;54,324652;43,496514;34,552471;8,604400;79,647372;25,778258;23,566464;-27,588419;11,691370;127,412605;104,741236;147,752163;81,600402;98,626369;245,634228;214,677204;242,378552;269,480431;250,654157;282,285491;326,296489;287,468430;282,486367;298,606249;346,327462;335,262485;374,412415;365,470310;348,461324;417,418270;396,425233;430,377216;
94,475528;58,684285;143,506473;164,590372;257,454461;277,396500;315,442364;51,476557;11,481521;4,770276;96,516487;119,419506;134,679278;249,441501;247,622327;247,533450;235,633316;257,412474;305,425444;380,388380;313,442367;54,324652;43,496514;34,552471;79,647372;23,566464;-27,588419;11,691370;127,412605;242,378552;250,654157;282,285491;326,296489;298,606249;335,262485;374,412415;365,470310;193,310699;172,315689;68,382630;-62,465621;-3,531533;15,525511;89,628413;-20,710356;-3,769324;37,335703;-19,648405;210,811264;-3,537512;126,681361;69,772272;84,446595;138,610408;266,244641;116,586429;133,630383;199,814214;269,226614;237,287592;310,515440;227,563333;209,636306;242,682228;309,209544;272,328526;261,528399;295,643237;335,342466;300,600295;346,637243;424,367461;432,466346;388,385464;466,529284;512,438326;434,350445;508,406348;
94,475528;143,506473;51,476557;96,516487;247,533450;305,425444;34,552471;11,691370;127,412605;-62,465621;89,628413;-20,710356;37,335703;210,811264;126,681361;138,610408;116,586429;133,630383;310,515440;261,528399;295,643237;424,367461;388,385464;466,529284;434,350445;508,406348;186,320710;188,379671;-32,431650;12,588536;82,648460;131,779338;174,801289;175,831253;203,369696;89,737354;209,847226;113,422631;87,459621;26,550587;275,316709;58,524538;24,583532;341,372617;223,698200;354,405576;301,459524;264,688296;430,525427;355,638329;278,659181;386,310493;389,595376;413,294477;490,388397;417,542243;489,524379;539,507344;
96,516487;247,533450;305,425444;127,412605;-62,465621;210,811264;126,681361;295,643237;424,367461;388,385464;466,529284;434,350445;188,379671;12,588536;131,779338;175,831253;203,369696;89,737354;209,847226;113,422631;87,459621;275,316709;24,583532;341,372617;354,405576;301,459524;264,688296;430,525427;355,638329;278,659181;389,595376;413,294477;489,524379;539,507344;-28,434668;115,654479;127,654466;148,662448;82,735375;79,794323;205,341738;63,611528;71,764373;250,296718;86,557602;65,679403;190,898162;378,244734;272,393633;277,502591;267,512513;204,607450;195,803298;343,401584;265,566448;322,630360;257,704297;386,303605;449,584399;402,272571;394,357503;424,520440;469,522408;523,481426;504,508435;547,446388;
210,811264;466,529284;188,379671;12,588536;131,779338;175,831253;203,369696;209,847226;24,583532;341,372617;354,405576;301,459524;264,688296;430,525427;355,638329;389,595376;489,524379;-28,434668;115,654479;127,654466;148,662448;79,794323;205,341738;63,611528;71,764373;250,296718;86,557602;65,679403;190,898162;378,244734;277,502591;267,512513;204,607450;195,803298;343,401584;265,566448;322,630360;257,704297;449,584399;469,522408;523,481426;504,508435;547,446388;172,284764;164,239815;320,317710;333,330674;37,630526;36,638497;166,716395;139,954167;90,748381;224,392659;118,499627;164,902157;167,455649;308,443627;280,689258;225,801289;281,422648;222,544497;312,731201;448,252686;342,256781;349,562492;368,618360;341,660341;336,706144;429,545445;447,288648;431,436484;478,312641;545,514390;497,553267;515,384557;537,368506;
210,811264;466,529284;12,588536;175,831253;209,847226;24,583532;354,405576;264,688296;430,525427;489,524379;-28,434668;115,654479;127,654466;148,662448;63,611528;86,557602;190,898162;378,244734;277,502591;267,512513;204,607450;195,803298;343,401584;449,584399;469,522408;523,481426;504,508435;547,446388;172,284764;37,630526;139,954167;118,499627;164,902157;167,455649;308,443627;225,801289;281,422648;222,544497;448,252686;342,256781;349,562492;336,706144;429,545445;447,288648;431,436484;478,312641;545,514390;497,553267;515,384557;537,368506;183,256829;217,261791;10,613547;48,638518;153,670432;68,727415;215,884199;154,925196;263,780401;184,809413;303,112786;262,426661;174,641466;248,813251;219,521592;159,597489;296,820216;413,204767;373,387738;321,643441;323,459601;380,599449;372,660380;317,761277;478,346612;365,486526;420,368602;400,612409;337,697161;485,603237;485,384594;588,376332;
----Iteration 3----
77,393226;-69,444145;75,312316;10,328302;-59,475-6;119,273373;60,427226;75,327280;51,319360;179,393215;252,423150;228,356197;252,348161;276,298135;
-69,444145;-59,475-6;119,273373;60,427226;51,319360;252,423150;-58,429218;-121,453214;-11,282391;83,263398;186,231399;198,410316;323,202508;248,417274;315,250385;342,343314;311,388265;
-59,475-6;51,319360;-121,453214;198,410316;323,202508;248,417274;315,250385;342,343314;311,388265;115,178519;37,202565;27,329402;-14,357376;-167,493220;46,128565;-80,490179;-24,453177;211,397310;250,268444;231,435271;264,314405;327,234486;252,395213;302,452168;355,107540;253,408205;389,76552;316,237436;358,269330;381,102584;401,179499;387,199461;352,221491;
342,343314;37,202565;302,452168;381,102584;401,179499;133,169611;107,174623;-146,387402;193,32629;152,386449;24,494261;241,522236;278,147619;220,469333;248,484257;263,492223;169,326472;177,553216;250,359400;390,148569;387,242555;331,357304;321,448299;337,346381;334,528161;359,426254;374,68586;370,314533;455,187450;422,133515;417,209495;461,159462;
133,169611;107,174623;193,32629;152,386449;241,522236;278,147619;220,469333;248,484257;263,492223;177,553216;387,242555;331,357304;321,448299;334,528161;359,426254;370,314533;461,159462;144,173603;117,252555;-59,403461;104,427435;105,459371;-20,560185;154,538329;173,445391;256,530202;204,380499;266,401429;249,371485;380,485216;266,491165;423,114625;371,207595;349,347483;385,444237;419,176600;421,345474;370,398254;443,104581;455,302550;
334,528161;370,314533;104,427435;105,459371;154,538329;173,445391;256,530202;380,485216;421,345474;443,104581;455,302550;301,167652;149,348624;183,421474;243,571228;159,312646;91,396507;231,501357;254,259707;259,439374;316,522246;479,73759;281,233702;296,389520;271,408473;283,527275;328,511257;430,117702;320,262590;345,499189;431,168617;382,353490;442,448272;422,298586;443,392386;422,260631;454,389436;406,471319;518,87594;535,254537;466,128560;507,263487;561,229558;523,238550;547,249520;
334,528161;370,314533;104,427435;380,485216;421,345474;455,302550;149,348624;183,421474;159,312646;91,396507;254,259707;316,522246;479,73759;281,233702;296,389520;271,408473;328,511257;430,117702;320,262590;382,353490;422,298586;422,260631;454,389436;406,471319;535,254537;561,229558;167,336623;102,362586;86,431523;232,487402;296,576391;230,588384;265,623236;317,195750;165,284658;461,66760;394,78763;232,285632;235,358608;359,470429;484,87739;267,255676;372,523200;397,310538;364,328500;469,397402;408,472287;413,473221;522,70750;489,123675;444,172627;469,472283;525,252605;550,300520;494,420379;513,388392;592,176609;578,225563;575,266480;
334,528161;370,314533;380,485216;421,345474;455,302550;149,348624;159,312646;254,259707;316,522246;296,389520;271,408473;328,511257;430,117702;382,353490;422,298586;422,260631;454,389436;535,254537;561,229558;167,336623;102,362586;232,487402;296,576391;230,588384;265,623236;317,195750;165,284658;394,78763;235,358608;359,470429;267,255676;372,523200;397,310538;364,328500;469,397402;522,70750;489,123675;444,172627;469,472283;525,252605;550,300520;494,420379;513,388392;592,176609;578,225563;575,266480;494,94761;146,308673;105,402573;93,442539;-50,468524;188,708234;189,672272;118,392573;74,509428;60,487429;187,617351;527,102730;318,243717;214,601267;253,333600;246,438485;338,538139;376,295650;312,484391;470,230624;455,438382;372,493229;462,435381;440,481334;495,443350;532,312521;574,188610;547,342407;601,177608;
370,314533;421,345474;455,302550;149,348624;159,312646;254,259707;296,389520;271,408473;382,353490;422,298586;422,260631;454,389436;561,229558;102,362586;296,576391;230,588384;165,284658;235,358608;359,470429;267,255676;397,310538;364,328500;469,397402;469,472283;525,252605;550,300520;494,420379;513,388392;592,176609;578,225563;575,266480;146,308673;105,402573;93,442539;188,708234;189,672272;118,392573;187,617351;318,243717;253,333600;246,438485;376,295650;470,230624;455,438382;462,435381;440,481334;495,443350;532,312521;574,188610;547,342407;601,177608;21,424614;12,482551;-25,661328;-67,700321;336,220763;-6,464563;143,559447;218,520453;248,718171;370,547403;236,657310;285,689250;208,318632;114,418542;149,535497;292,690202;504,222676;390,304622;238,354623;287,503413;335,591227;543,144752;540,162779;418,538270;529,165729;446,532259;558,267595;463,452375;571,429337;614,143663;678,130443;668,184457;653,138536;653,176491;
455,302550;254,259707;296,389520;422,298586;422,260631;561,229558;267,255676;469,472283;525,252605;550,300520;494,420379;513,388392;592,176609;578,225563;575,266480;146,308673;93,442539;318,243717;246,438485;376,295650;470,230624;455,438382;440,481334;495,443350;532,312521;574,188610;547,342407;601,177608;21,424614;12,482551;-67,700321;-6,464563;370,547403;149,535497;292,690202;390,304622;238,354623;543,144752;540,162779;418,538270;529,165729;446,532259;558,267595;463,452375;571,429337;614,143663;678,130443;668,184457;653,138536;653,176491;349,224773;102,351686;53,420651;288,595465;187,632456;144,662427;103,697273;489,128815;105,352676;148,539468;288,727260;285,743214;132,439580;259,677343;480,175777;248,350670;327,596428;289,659264;489,229734;304,365615;399,591266;439,384555;476,436441;509,224739;455,409473;429,479431;447,509268;514,175704;468,320527;468,494310;571,121712;582,252543;618,58637;575,360372;661,80588;607,313350;690,73598;
----Iteration 4----
16,254193;197,222261;132,232246;220,32331;230,230230;347,97326;330,145302;331,158293;347,113243;
16,254193;197,222261;132,232246;230,230230;52,234198;62,220276;52,297121;98,254177;151,198284;337,222234;288,178271;369,199261;341,201258;560,136374;548,171419;
281,355255;143,336335;254,318286;258,369196;489,277381;566,168412;537,218458;642,211396;554,267444;
143,336335;258,369196;489,277381;566,168412;537,218458;642,211396;554,267444;236,273478;230,297513;238,394286;322,363266;250,317331;379,352313;281,150460;424,346291;474,341306;498,291280;584,174403;562,153416;555,149418;576,249349;629,62429;601,88450;627,165413;600,246306;659,150369;633,165411;674,196352;
537,218458;642,211396;554,267444;474,341306;629,62429;601,88450;627,165413;633,165411;674,196352;198,214589;206,306528;243,310477;325,380423;468,469275;484,438241;468,431320;350,158567;343,191579;426,325330;519,338271;592,79453;541,307342;447,372329;506,409275;549,57502;507,309521;504,326284;558,92463;523,336211;567,138448;668,277389;595,288355;625,180418;617,282324;652,118402;669,167388;
537,218458;642,211396;554,267444;629,62429;601,88450;627,165413;633,165411;674,196352;198,214589;206,306528;468,469275;484,438241;468,431320;343,191579;592,79453;506,409275;507,309521;558,92463;567,138448;668,277389;595,288355;625,180418;617,282324;652,118402;669,167388;239,246587;345,358500;396,418455;414,470249;365,505406;445,457403;307,248569;357,149638;339,161639;362,260546;398,500393;381,428430;384,170617;418,311488;467,378428;495,491166;521,117527;587,197411;552,103576;567,21544;574,307391;597,397344;620,356319;584,59524;697,144373;729,129329;
674,196352;669,167388;396,418455;365,505406;445,457403;398,500393;467,378428;495,491166;697,144373;729,129329;263,335586;427,380540;334,401534;353,396504;333,437496;382,493438;370,504338;633,276628;587,311647;506,247688;590,222642;501,342483;608,450355;608,488310;621,333500;668,308529;648,386393;645,398402;673,308361;651,369232;708,195336;694,339261;764,198303;
396,418455;365,505406;445,457403;467,378428;729,129329;427,380540;333,437496;382,493438;633,276628;587,311647;506,247688;590,222642;501,342483;608,450355;608,488310;621,333500;668,308529;648,386393;645,398402;694,339261;764,198303;224,437587;256,452540;244,457480;539,594229;382,419649;389,400502;486,516396;411,315646;584,232665;523,484393;559,501269;564,548181;694,225618;638,316570;540,337497;679,268570;609,443320;718,269568;673,356375;652,436270;677,419276;689,364274;728,138373;760,111366;
396,418455;365,505406;445,457403;382,493438;633,276628;587,311647;506,247688;608,488310;621,333500;668,308529;694,339261;256,452540;539,594229;382,419649;486,516396;411,315646;584,232665;523,484393;564,548181;679,268570;609,443320;718,269568;689,364274;355,437626;390,432579;301,475529;233,514493;272,515456;337,570411;413,623364;420,635328;315,420670;375,442554;300,488493;340,498479;390,358718;452,662282;571,232702;537,275655;533,323639;542,383587;345,557415;374,572397;505,583311;563,537384;708,260656;620,319616;679,432449;608,466385;642,332599;614,494255;584,527221;565,536203;691,314511;645,468222;733,226616;698,332342;662,459291;765,205589;778,267536;765,243544;812,189538;866,183395;806,208483;
587,311647;506,247688;608,488310;668,308529;694,339261;539,594229;382,419649;486,516396;411,315646;584,232665;523,484393;564,548181;609,443320;718,269568;689,364274;355,437626;390,432579;233,514493;337,570411;413,623364;420,635328;315,420670;375,442554;390,358718;452,662282;571,232702;537,275655;533,323639;542,383587;345,557415;505,583311;563,537384;708,260656;620,319616;679,432449;608,466385;642,332599;614,494255;584,527221;565,536203;691,314511;645,468222;733,226616;698,332342;662,459291;765,205589;778,267536;765,243544;812,189538;866,183395;806,208483;352,389670;296,452657;304,489628;370,468573;460,469519;376,504487;365,545485;356,554419;321,614372;459,674246;421,575410;418,693178;383,383687;429,501524;689,276628;547,342608;535,404585;554,574250;532,617176;650,275630;607,280623;586,370504;637,350507;588,503344;590,505240;651,438460;646,466139;682,44392;681,446150;773,242540;792,264523;740,315398;788,193527;706,356146;751,276354;887,158407;856,228427;
----Iteration 5----
-137,278105;86,24788;84,3037;37,-15417;71,239122;35,33665;-1,194409;37,1412;46,233141;66,319-31;31,13405;214,115375;167,129337;51,261133;257,85404;133,28223;241,220208;266,186168;308,145229;435,94277;
37,-15417;-1,194409;37,1412;31,13405;214,115375;257,85404;-1,53673;-27,54068;15,50539;163,279354;210,265392;207,44981;243,429168;276,444124;261,398203;452,198362;431,257368;375,352227;417,306322;
56,537138;99,571127;102,58437;96,166501;168,559-23;364,488284;235,514268;498,292489;458,317404;392,442283;373,454280;397,391246;510,281500;497,318367;466,336343;489,309392;
99,571127;102,58437;498,292489;510,281500;-69,148564;79,354412;44,374401;-3,575155;41,355422;244,581-19;122,324441;442,410374;359,546345;439,254553;526,387398;458,532362;635,222429;642,184450;517,341413;591,234493;625,222493;565,259472;630,181514;617,230498;
498,292489;510,281500;439,254553;630,181514;259,176580;284,6101;253,655-48;432,430539;453,438521;278,632183;394,586310;287,59064;381,164637;452,524508;478,583468;553,256538;482,515358;540,514401;669,182477;560,501472;608,209546;648,273512;613,295478;603,337460;684,139525;
253,655-48;453,438521;478,583468;231,244577;402,367544;466,431542;399,628329;233,726-145;350,641288;391,196658;479,574511;397,644274;415,622389;540,243574;502,300565;486,575463;457,618414;628,280518;595,577430;580,503494;672,220589;700,467462;623,542431;659,500407;693,272564;677,470408;717,326517;709,236548;
453,438521;478,583468;466,431542;479,574511;415,622389;486,575463;457,618414;628,280518;595,577430;580,503494;672,220589;700,467462;623,542431;659,500407;693,272564;717,326517;709,236548;180,370646;434,580508;349,578527;390,585492;292,749-16;491,273683;431,561541;383,649429;453,418598;430,427553;407,647433;371,660418;407,670401;498,235704;418,548577;386,611444;410,734274;539,734189;493,644294;578,335651;485,550476;596,541468;532,646226;546,696210;589,308625;544,561460;573,589300;666,241576;653,228612;633,534426;616,530455;651,540404;666,548370;681,483434;687,454498;
479,574511;415,622389;457,618414;595,577430;580,503494;672,220589;700,467462;623,542431;693,272564;717,326517;180,370646;349,578527;292,749-16;491,273683;431,561541;383,649429;453,418598;407,647433;371,660418;407,670401;498,235704;418,548577;386,611444;410,734274;539,734189;493,644294;596,541468;573,589300;653,228612;633,534426;616,530455;651,540404;666,548370;681,483434;687,454498;494,213750;449,235711;253,328691;413,515595;362,575538;356,612525;353,629440;405,689299;253,767-13;344,587539;422,680320;353,292723;513,729253;437,604498;544,200685;501,319657;448,427610;495,472560;458,570535;467,601508;549,710240;491,539564;525,567533;563,592474;603,352647;587,522488;634,267616;629,348652;636,487501;667,539413;596,588359;665,571361;608,586292;715,254578;744,439476;648,555385;
479,574511;595,577430;672,220589;623,542431;693,272564;292,749-16;491,273683;431,561541;498,235704;418,548577;410,734274;539,734189;493,644294;596,541468;573,589300;653,228612;633,534426;687,454498;494,213750;449,235711;413,515595;356,612525;253,767-13;353,292723;513,729253;437,604498;544,200685;495,472560;458,570535;467,601508;549,710240;491,539564;525,567533;563,592474;603,352647;634,267616;629,348652;667,539413;596,588359;665,571361;608,586292;715,254578;744,439476;536,254699;332,627507;402,743435;520,210738;381,373692;390,554609;380,601618;494,742214;343,631499;444,707457;524,420671;452,497653;487,645447;478,488653;499,718267;613,315662;590,366655;493,466600;564,604292;558,616359;647,531508;666,562404;730,396533;718,473463;697,537400;672,572313;758,270500;774,278477;731,494447;
479,574511;595,577430;623,542431;693,272564;491,273683;431,561541;418,548577;410,734274;539,734189;633,534426;687,454498;494,213750;449,235711;413,515595;353,292723;513,729253;544,200685;458,570535;491,539564;525,567533;563,592474;603,352647;629,348652;667,539413;744,439476;536,254699;402,743435;520,210738;381,373692;390,554609;380,601618;494,742214;444,707457;524,420671;452,497653;487,645447;478,488653;499,718267;613,315662;590,366655;493,466600;564,604292;558,616359;647,531508;666,562404;730,396533;718,473463;697,537400;672,572313;774,278477;731,494447;291,399715;341,622587;400,616547;369,650528;459,704457;374,749446;474,768129;443,290724;523,267706;467,616520;477,692456;497,693378;566,271678;505,515565;543,692287;591,331675;600,393638;632,523542;604,561479;613,712279;569,728241;742,238631;691,288635;668,600400;664,508498;716,263610;708,541392;765,303524;738,475434;754,299532;759,360521;
----Iteration 6----
-136,44653;-144,45458;-161,5130;-167,5262;-181,47273;-67,357152;-103,46445;-12,493-14;20,478-58;-46,261234;-32,49115;94,239149;-3,475-17;100,211161;198,4729;145,179161;158,192125;190,43558;281,75164;278,3292;366,47258;302,20969;328,18490;349,59305;
-167,5262;-46,261234;-32,49115;366,47258;349,59305;-153,391154;-226,409173;-214,398184;-97,48175;-132,51468;-184,531-20;-44,83299;16,295198;-210,368178;-58,51214;26,534-32;97,519-61;-38,119227;-9,413151;71,498-14;233,47912;262,80199;238,47445;432,471136;462,-15310;465,429121;492,314192;471,368155;517,359180;
349,59305;-226,409173;-214,398184;432,471136;462,-15310;465,429121;-192,366219;-229,606-78;38,570-130;69,45378;-4,157328;393,470138;360,457157;355,548158;367,383212;464,511115;433,402151;454,425129;471,469113;496,354295;541,362213;523,399172;488,413145;
496,354295;541,362213;-9,135391;-79,223365;213,633119;268,-56447;168,610143;263,200359;65,373263;220,60496;408,487189;267,59418;372,104397;421,48407;502,546160;535,-104371;482,113317;480,409257;475,516188;534,575158;693,13323;501,444238;577,545187;654,31326;647,460142;
496,354295;-9,135391;263,200359;372,104397;421,48407;502,546160;482,113317;534,575158;693,13323;577,545187;654,31326;647,460142;246,-46525;-10,115425;-68,271431;341,608170;243,-41470;320,638143;257,9454;149,69495;-36,256387;261,288348;434,-36466;496,589209;474,590190;418,433344;509,628157;463,-33383;425,-5381;501,536269;568,519204;535,539196;553,473221;634,29355;597,421225;610,503168;678,-2358;666,73321;624,454214;662,-46397;666,356127;627,436187;620,469116;692,216253;741,243196;781,229229;
693,13323;577,545187;654,31326;246,-46525;-68,271431;341,608170;243,-41470;320,638143;257,9454;149,69495;-36,256387;434,-36466;496,589209;418,433344;509,628157;501,536269;568,519204;634,29355;610,503168;678,-2358;666,73321;741,243196;781,229229;187,-3532;146,47511;54,245470;266,306384;158,399348;111,460321;17,502277;320,549261;312,620213;66,431347;431,169451;212,236488;433,268368;483,576245;509,634110;474,109381;650,348299;685,-22433;593,431332;608,427328;575,507251;639,502274;567,593203;645,478239;682,490203;703,-34432;748,-79392;710,452266;770,-43303;712,278250;
246,-46525;-68,271431;320,638143;149,69495;434,-36466;418,433344;509,628157;501,536269;610,503168;781,229229;187,-3532;146,47511;54,245470;266,306384;312,620213;66,431347;431,169451;212,236488;433,268368;509,634110;650,348299;593,431332;608,427328;575,507251;639,502274;567,593203;645,478239;682,490203;710,452266;770,-43303;712,278250;279,173488;54,393403;291,612231;376,68596;222,615259;524,624200;404,67985;513,627150;438,587279;514,217433;612,415360;481,517321;602,558222;525,596265;571,465339;686,-58471;619,431320;644,549163;756,417247;731,103453;729,476241;762,82399;739,251319;
246,-46525;187,-3532;146,47511;509,634110;376,68596;404,67985;438,587279;514,217433;612,415360;481,517321;525,596265;731,103453;363,-92625;133,244506;203,524489;271,540451;307,564375;298,618262;557,633240;360,684119;205,574360;378,-84591;338,505475;505,642204;348,441503;471,480374;568,558267;719,20493;411,386409;588,602211;605,586185;657,575225;792,97404;723,500276;666,546118;704,197500;700,539309;729,496358;751,462339;764,487287;802,393266;792,321317;
376,68596;404,67985;481,517321;525,596265;557,633240;360,684119;505,642204;471,480374;568,558267;588,602211;605,586185;657,575225;792,97404;700,539309;729,496358;802,393266;370,-59573;283,405556;183,507534;199,477521;376,543466;175,596441;481,626281;494,653224;392,-60646;399,-82600;440,-78595;423,529504;529,639251;584,100540;456,639388;750,402401;661,616181;623,19520;659,516319;627,155506;624,415371;744,504324;668,556257;771,493354;715,547275;718,-6513;733,408408;740,505326;796,406389;767,254505;
657,575225;792,97404;729,496358;802,393266;376,543466;175,596441;423,529504;584,100540;456,639388;661,616181;659,516319;627,155506;744,504324;771,493354;740,505326;796,406389;767,254505;310,-83697;304,461597;319,507580;364,510505;223,571521;378,721358;266,760300;311,738339;230,179660;173,576506;481,134657;311,411643;385,589451;496,681329;610,706242;481,172612;438,380548;389,454506;611,677299;439,481477;629,695287;639,34532;685,373427;652,628197;748,556315;727,111513;731,566251;660,572211;737,480386;707,570318;755,511314;767,549291;788,465408;
----Iteration 7----
-22,2919;-64,3302;95,355-35;206,285-13;226,318-63;92,384-41;241,326-97;89,268234;145,187255;94,283215;160,173282;187,317-26;275,-11173;274,-32182;261,280-75;291,33134;308,-8157;319,166-62;277,249-109;285,91-8;
-22,2919;-64,3302;206,285-13;89,268234;94,283215;160,173282;4,28963;-40,31749;110,345-10;55,274299;136,341-5;83,425-146;70,282265;105,200324;88,273250;201,364-15;89,251339;176,386-18;241,385-61;304,253231;273,312-67;276,326-92;351,190276;346,259-43;516,147360;477,169310;496,153318;
516,147360;76,282468;51,395450;62,342327;4,436108;104,415119;121,44697;166,478-55;83,48810;217,435-35;60,238507;155,100371;177,41411;225,421-45;372,308357;285,413-60;446,38549;366,336345;480,273321;449,347114;395,40384;527,196307;522,237286;496,262157;554,194351;
516,147360;76,282468;51,395450;166,478-55;60,238507;372,308357;366,336345;480,273321;527,196307;522,237286;554,194351;81,200497;44,244485;95,250481;70,363463;-30,420429;9,427363;8,463325;18,549201;33,56637;-30,440381;57,536183;48,54596;104,296466;51,408443;32,413299;165,351361;122,501211;287,46874;164,488-111;208,321390;250,475-148;371,214429;425,260366;457,355229;312,425-124;459,233414;496,346268;523,361177;483,423131;463,210360;592,166353;606,274153;603,292125;
76,282468;372,308357;366,336345;554,194351;81,200497;95,250481;18,549201;57,536183;48,54596;104,296466;51,408443;287,46874;371,214429;425,260366;457,355229;459,233414;496,346268;523,361177;483,423131;592,166353;606,274153;603,292125;66,243527;63,265525;75,401505;1,442447;-60,508364;32,501377;29,518251;21,554187;141,517313;35,580179;143,202456;161,178440;228,365432;237,411417;246,374396;276,509146;512,172446;492,364189;327,50415;336,4457;511,187427;503,419179;488,255394;451,433172;455,429142;542,253384;588,167456;575,325335;695,210295;511,335320;
372,308357;366,336345;554,194351;51,408443;371,214429;457,355229;459,233414;496,346268;592,166353;606,274153;603,292125;75,401505;1,442447;228,365432;237,411417;512,172446;511,187427;488,255394;542,253384;588,167456;575,325335;695,210295;511,335320;125,359643;83,395523;-56,437480;-9,504450;-56,523453;199,656383;214,613431;250,223515;7,468434;338,639289;408,579282;333,212548;290,406417;376,196502;459,284388;437,505284;417,545278;437,238420;543,456193;560,487171;543,155503;586,95526;511,170547;602,139487;682,187317;667,132415;632,243293;699,147340;
51,408443;371,214429;459,233414;228,365432;237,411417;512,172446;511,187427;488,255394;542,253384;588,167456;575,325335;695,210295;125,359643;-9,504450;-56,523453;214,613431;7,468434;338,639289;408,579282;333,212548;290,406417;376,196502;437,505284;417,545278;437,238420;543,456193;560,487171;543,155503;586,95526;511,170547;682,187317;667,132415;699,147340;93,373613;116,370648;41,452507;189,805316;110,401568;206,836294;428,79605;349,140601;123,354655;262,465366;294,747356;212,743408;288,267679;265,270644;312,736293;437,45601;358,665274;473,329391;514,358355;481,533275;408,588269;394,608231;489,561199;575,59539;510,179444;623,107503;632,259359;630,141501;635,320299;580,44565;692,289272;
588,167456;575,325335;125,359643;214,613431;333,212548;376,196502;543,155503;586,95526;511,170547;699,147340;93,373613;116,370648;189,805316;206,836294;123,354655;212,743408;288,267679;473,329391;514,358355;575,59539;623,107503;630,141501;123,392610;140,405576;45,456518;299,745380;296,279665;224,713405;286,832236;165,310573;391,739384;330,794369;311,276603;335,377515;300,612464;412,759334;377,759346;372,755376;557,140666;396,407438;414,450393;507,622317;465,651349;542,218455;580,641259;572,430344;593,9517;612,626215;695,314443;644,636181;686,186448;645,409322;679,418218;664,496235;
214,613431;543,155503;586,95526;511,170547;189,805316;212,743408;575,59539;623,107503;630,141501;123,392610;296,279665;224,713405;286,832236;391,739384;330,794369;335,377515;300,612464;557,140666;507,622317;465,651349;580,641259;572,430344;593,9517;612,626215;695,314443;644,636181;686,186448;645,409322;679,418218;664,496235;336,278692;277,336649;238,387657;311,603458;386,706422;404,772380;258,851267;230,573521;247,837308;372,220633;188,433572;117,633433;337,801220;318,281615;170,440591;495,238598;469,512467;416,763345;429,762343;451,723321;436,733296;485,292539;493,601361;503,699260;541,698165;563,245465;588,633277;573,649221;625,391394;659,593229;598,639120;660,210477;640,522332;671,204452;701,515155;703,244380;
189,805316;212,743408;630,141501;123,392610;296,279665;224,713405;286,832236;391,739384;330,794369;557,140666;507,622317;465,651349;580,641259;612,626215;695,314443;644,636181;686,186448;645,409322;679,418218;664,496235;336,278692;277,336649;238,387657;386,706422;404,772380;258,851267;230,573521;247,837308;372,220633;188,433572;337,801220;318,281615;170,440591;416,763345;429,762343;451,723321;493,601361;503,699260;541,698165;588,633277;573,649221;625,391394;659,593229;660,210477;640,522332;671,204452;701,515155;703,244380;189,362661;223,574520;333,758385;417,661471;325,271701;396,195634;229,546532;460,631500;497,326611;488,422534;242,550510;446,680454;447,750342;508,743176;482,527491;498,685280;566,105589;591,261540;541,582384;565,695122;574,191571;621,178556;560,271538;577,482414;622,496363;654,625252;603,667124;624,171539;754,291290;798,263304;
----Iteration 8----
-221,42860;2,46315;93,129292;-16,28327;9,151273;-49,209235;46,31305;58,195236;49,54452;22,5822;85,568-72;72,245220;65,566-43;312,312205;277,326178;321,278201;
49,54452;22,5822;277,326178;-20,57239;-18,228291;-39,55188;5,52777;10,62624;202,365198;91,397265;93,602-53;208,221396;170,453212;133,469186;140,588-15;155,508-77;249,255245;352,305215;188,414152;345,48434;309,232273;477,314213;523,279194;
477,314213;523,279194;-21,553160;-38,559183;-20,624159;318,231414;381,338300;18,671150;30,626-60;325,193435;274,284376;337,256376;213,62350;400,306313;363,424335;335,430346;391,483213;434,547150;423,543158;372,361280;398,537175;443,190301;439,315282;477,123273;503,319173;564,272203;493,321147;462,380199;535,282154;580,169172;597,119116;
-20,624159;18,671150;363,424335;335,430346;122,119585;184,296457;183,356400;180,384366;165,54549;191,758-46;46,154511;143,66850;281,202456;142,335450;226,455333;127,65383;261,66676;344,58970;342,134442;431,352439;495,118459;492,259400;452,391345;408,572129;415,57381;518,487256;437,566129;492,297355;486,461260;474,177435;569,275280;516,562198;646,205291;602,486205;649,173265;
363,424335;335,430346;122,119585;184,296457;183,356400;180,384366;165,54549;191,758-46;142,335450;226,455333;344,58970;431,352439;492,259400;452,391345;415,57381;437,566129;492,297355;474,177435;516,562198;646,205291;602,486205;386,163542;141,320515;68,428406;216,540271;138,546249;-27,655199;20,772133;121,771-24;116,408494;151,532328;-56,617202;72,718159;147,767-19;185,282523;151,481368;446,160545;370,207471;274,712128;413,220459;502,364350;455,193492;499,122470;443,215437;444,399350;408,580162;483,262406;487,526244;579,110434;474,361351;526,517283;539,56444;584,447301;589,513242;603,415314;667,213273;686,207209;
335,430346;431,352439;437,566129;516,562198;602,486205;141,320515;68,428406;116,408494;185,282523;151,481368;446,160545;499,122470;526,517283;584,447301;589,513242;603,415314;667,213273;686,207209;266,2608;427,183540;174,545346;-39,849210;21,914177;82,929161;421,194585;80,421428;148,723185;172,903138;-34,536377;210,875140;466,184538;442,349489;417,359461;333,641282;308,662269;225,83886;475,198508;249,685192;358,775183;492,136486;517,411414;579,298465;482,425387;462,546341;550,490254;428,712175;549,341394;508,529284;588,72417;663,209403;561,519253;819,170312;801,152324;
602,486205;141,320515;116,408494;185,282523;526,517283;584,447301;589,513242;603,415314;667,213273;21,914177;82,929161;421,194585;172,903138;210,875140;442,349489;417,359461;333,641282;225,83886;475,198508;358,775183;517,411414;579,298465;482,425387;462,546341;550,490254;508,529284;663,209403;561,519253;819,170312;801,152324;465,108649;411,198569;1,441424;31,747316;75,860239;56,876231;403,228582;139,433466;196,679383;199,641377;191,715368;57,853240;195,885115;183,782223;216,817135;547,193594;558,378446;444,732260;422,766198;645,179526;584,247484;494,503363;482,682277;471,753239;397,79696;472,730248;692,136536;591,248436;590,543232;732,208388;522,642235;887,205259;604,358328;761,162358;825,142324;784,249227;
141,320515;116,408494;185,282523;584,447301;603,415314;21,914177;82,929161;172,903138;210,875140;442,349489;225,83886;358,775183;517,411414;579,298465;482,425387;462,546341;819,170312;801,152324;75,860239;56,876231;403,228582;57,853240;195,885115;183,782223;216,817135;547,193594;558,378446;444,732260;422,766198;584,247484;482,682277;471,753239;397,79696;472,730248;692,136536;591,248436;732,208388;522,642235;887,205259;604,358328;761,162358;825,142324;784,249227;372,184712;125,355596;213,396491;201,741430;215,692476;158,771401;341,279653;363,556467;526,173662;230,540478;268,814162;492,219608;449,429487;313,660407;386,722315;392,768211;313,784175;625,172587;620,213566;433,486435;575,549333;497,728260;671,167549;661,238531;620,331426;507,507373;590,580267;511,679306;572,624304;749,115516;609,527260;680,276304;809,120433;726,253404;774,266302;781,267254;826,119333;840,215181;
603,415314;21,914177;82,929161;172,903138;210,875140;517,411414;579,298465;482,425387;462,546341;801,152324;195,885115;216,817135;547,193594;558,378446;444,732260;584,247484;482,682277;471,753239;397,79696;472,730248;732,208388;887,205259;604,358328;825,142324;125,355596;201,741430;215,692476;363,556467;526,173662;230,540478;268,814162;449,429487;313,660407;386,722315;313,784175;625,172587;620,213566;433,486435;575,549333;497,728260;671,167549;661,238531;507,507373;511,679306;572,624304;809,120433;726,253404;826,119333;488,263726;508,265720;488,317654;161,795446;96,878267;-12,906208;365,359594;184,477494;196,914111;270,867112;578,125620;388,469553;472,782235;672,129597;528,402546;491,677335;623,346440;596,578317;579,651229;528,678239;668,185576;645,340394;607,591275;784,159554;798,222378;823,443250;644,642269;791,103591;880,314321;731,467202;837,344292;
21,914177;82,929161;172,903138;210,875140;195,885115;216,817135;444,732260;201,741430;215,692476;363,556467;526,173662;313,660407;386,722315;625,172587;497,728260;507,507373;488,263726;508,265720;488,317654;161,795446;96,878267;-12,906208;196,914111;578,125620;472,782235;672,129597;528,402546;491,677335;784,159554;823,443250;644,642269;791,103591;880,314321;837,344292;469,264757;454,307709;294,495654;238,585609;232,598583;263,646527;141,762461;124,829314;493,219737;402,172818;229,538636;85,716464;230,506613;150,553610;310,816187;287,867112;413,501605;416,549588;325,592547;382,808258;431,798237;553,395568;440,523550;513,672368;478,755247;596,294612;592,396566;537,490467;611,644353;631,657345;545,700331;536,729258;520,734254;570,319591;686,277581;623,452501;565,686307;719,161548;676,387443;655,627239;827,147563;695,385490;773,475226;667,564365;812,111573;799,428255;758,518178;834,310471;895,295306;
----Iteration 9----
-60,458-67;-43,44461;219,357336;233,439270;235,401297;
219,357336;233,439270;235,401297;-40,541-64;-53,63212;23,530-67;53,551-77;234,331457;292,333412;206,477207;204,480213;224,465206;242,381322;251,384298;257,338370;252,361307;
-53,63212;339,185487;202,363452;239,59858;202,387424;215,523192;187,579214;247,357471;190,569240;230,631183;198,564258;328,305460;237,586111;367,306423;410,475397;371,488415;
-53,63212;239,59858;187,579214;247,357471;190,569240;230,631183;198,564258;328,305460;237,586111;410,475397;371,488415;192,184501;444,180560;405,190487;168,611201;223,589189;96,603228;129,567265;230,551210;302,547121;280,54879;326,364461;414,418439;478,382396;508,380383;566,377401;574,284356;
187,579214;247,357471;190,569240;230,631183;198,564258;237,586111;410,475397;371,488415;444,180560;405,190487;168,611201;223,589189;96,603228;129,567265;230,551210;326,364461;414,418439;566,377401;574,284356;197,500343;188,543266;191,73094;152,710142;245,550165;168,65297;162,399478;229,67873;429,148592;377,279559;306,65262;401,157635;307,404452;225,492324;302,60685;400,314555;372,335590;336,561142;321,60033;451,170524;490,221444;496,422337;520,378422;532,427336;550,413417;564,415374;
247,357471;410,475397;371,488415;326,364461;414,418439;566,377401;574,284356;191,73094;162,399478;306,65262;307,404452;372,335590;520,378422;550,413417;564,415374;128,430431;213,677254;133,728202;77,761175;319,283623;151,725280;232,712242;291,72275;331,616282;363,70928;375,69839;436,287567;430,516382;450,263681;512,354521;467,488386;395,598168;433,570170;495,511225;559,340559;435,542125;539,503379;618,227568;
371,488415;191,73094;162,399478;372,335590;213,677254;77,761175;151,725280;232,712242;291,72275;331,616282;363,70928;375,69839;430,516382;450,263681;512,354521;467,488386;395,598168;433,570170;495,511225;559,340559;539,503379;618,227568;133,491384;229,543357;156,733253;183,76276;237,399472;296,79469;362,382536;218,434434;184,563377;417,203687;328,365541;203,489383;408,524372;379,690116;461,319648;369,518374;392,69491;483,273605;462,386509;566,397444;451,530293;451,588158;409,61870;555,295583;470,432455;586,448395;606,414426;540,483414;517,504337;623,311540;546,441423;622,347502;
371,488415;191,73094;372,335590;213,677254;151,725280;232,712242;291,72275;331,616282;375,69839;430,516382;450,263681;467,488386;395,598168;433,570170;559,340559;539,503379;618,227568;156,733253;183,76276;296,79469;218,434434;417,203687;408,524372;379,690116;461,319648;369,518374;392,69491;462,386509;566,397444;451,530293;451,588158;409,61870;555,295583;470,432455;586,448395;606,414426;540,483414;517,504337;623,311540;546,441423;622,347502;340,300713;360,302684;188,456456;116,706376;94,794238;161,78376;394,338570;194,428468;254,632375;124,684337;175,757211;365,273674;344,74115;279,422493;240,582391;217,675397;284,680172;365,73440;411,324633;376,677128;489,286651;421,402553;383,604289;415,613116;588,180662;517,334562;535,383542;556,411431;483,573114;475,581119;501,532231;564,244621;550,477273;665,475390;670,434411;636,342481;
371,488415;191,73094;372,335590;213,677254;151,725280;232,712242;331,616282;375,69839;430,516382;450,263681;467,488386;559,340559;539,503379;618,227568;156,733253;296,79469;417,203687;408,524372;379,690116;461,319648;392,69491;555,295583;470,432455;586,448395;606,414426;540,483414;623,311540;546,441423;622,347502;360,302684;116,706376;94,794238;394,338570;124,684337;175,757211;344,74115;279,422493;240,582391;217,675397;284,680172;365,73440;376,677128;489,286651;421,402553;383,604289;588,180662;517,334562;535,383542;564,244621;665,475390;670,434411;636,342481;358,349714;310,373633;229,421530;137,527483;135,564445;265,632382;379,292708;256,350696;308,78380;176,422607;338,75576;399,334635;479,393556;219,476556;308,654333;305,679164;449,329650;370,521416;358,570386;427,619281;559,296572;530,421425;512,388536;527,592207;584,200614;577,333564;586,415504;635,530334;650,576317;680,521373;622,183579;693,445402;671,535295;
371,488415;191,73094;213,677254;151,725280;232,712242;375,69839;430,516382;450,263681;467,488386;539,503379;156,733253;379,690116;461,319648;392,69491;555,295583;470,432455;586,448395;606,414426;540,483414;623,311540;546,441423;622,347502;360,302684;116,706376;94,794238;124,684337;175,757211;344,74115;217,675397;284,680172;365,73440;376,677128;489,286651;421,402553;588,180662;535,383542;564,244621;665,475390;670,434411;636,342481;358,349714;379,292708;256,350696;308,78380;338,75576;479,393556;219,476556;308,654333;305,679164;370,521416;358,570386;559,296572;530,421425;584,200614;577,333564;586,415504;635,530334;650,576317;680,521373;622,183579;693,445402;671,535295;232,423627;143,537512;196,567466;270,657413;141,725287;303,81875;457,249700;430,383639;225,425637;385,567399;318,620394;369,708112;491,238631;456,358660;430,469471;613,81660;575,376567;479,431511;493,475437;414,549389;445,663146;545,415540;510,578328;598,654326;620,236576;617,410491;631,592309;627,297516;674,381424;731,555191;764,523243;715,435401;698,404423;
