----Iteration 1----
830,-173960;904,-138883;744,38859;755,27851;860,-178910;867,-185939;812,-105919;780,-28961;789,5836;887,10804;837,-104866;854,-25854;818,-2874;891,7813;1155,-4191283;1315,-4631383;1205,-4451270;1064,-2571021;1281,-3951080;1328,-4661119;
780,-28961;854,-25854;891,7813;1315,-4631383;651,761032;697,202936;673,230943;723,177967;790,201874;791,192833;839,42947;1020,-1361238;889,35818;1166,-2151152;1041,-1371503;1011,12657;1384,-3791363;1172,-1571138;1034,-83578;1025,-27585;1539,-494963;1407,-3871375;1423,-3891370;
697,202936;673,230943;723,177967;790,201874;791,192833;1041,-1371503;1539,-494963;515,-2531537;822,170978;669,210964;633,236880;533,-2761518;834,125836;1305,-4361512;1093,-891322;1180,-801286;1139,921264;1205,-2151094;1140,-1021330;1471,-3211427;1245,-2581107;1194,-1501126;1483,-3461418;1470,-2891479;1533,-3121340;1538,-3471362;
1041,-1371503;633,236880;533,-2761518;1140,-1021330;1470,-2891479;530,-2381554;1052,-2251479;1095,-231339;551,-2551504;1070,241385;885,2131375;808,2311411;1286,-3471639;1262,-3091571;1062,341465;1092,-91369;1147,981296;1156,931225;1391,-3351630;1216,-71252;1160,471263;1246,-411323;1457,-1281305;1504,-2951548;1510,-2411468;1526,-3421479;1443,-1701369;1567,-2071455;1601,-1601363;1591,-1771388;
808,2311411;1286,-3471639;1391,-3351630;585,-851701;1091,2281417;1144,2171416;1148,2501406;1125,2801388;1310,-3691668;1121,-2301648;1291,561519;1208,2001320;1196,2351359;1455,-2001604;1203,771637;1271,831547;1432,1911302;1392,2341289;1454,-1751609;1505,2601234;1381,1541496;1409,1071422;1643,-611527;1460,-1001602;1664,-781477;1599,131561;1627,-141512;1660,4031187;1654,4041193;1670,961348;1726,101333;1694,181881;1719,131931;
585,-851701;1203,771637;1460,-1001602;1599,131561;1627,-141512;633,151676;818,431642;1387,-3811690;1423,-2101642;1248,1241622;1420,-111678;1535,2231587;1617,-1121637;1611,-401576;1551,4321557;1684,-391527;1692,281467;1783,5081457;1760,5231435;1784,4991416;
1551,4321557;417,1801761;1041,5481375;1579,-1721819;1551,221759;1581,-1351692;1627,-1351676;1781,5361400;1674,3041671;1791,5301499;1795,2601654;1777,2931667;1804,5131543;1831,3061603;1866,4281425;1817,4701477;
1781,5361400;1674,3041671;1791,5301499;1804,5131543;1817,4701477;755,1542009;795,1061993;960,592148;1180,6601635;1041,-152019;1403,1861812;972,1941833;1394,6241664;1370,6251601;1466,6121626;1763,4731568;1756,6261385;1786,6331363;1648,392005;1848,2201750;1824,6311384;1822,2951797;1975,3681616;1905,4831441;
1791,5301499;1804,5131543;755,1542009;795,1061993;960,592148;1180,6601635;1394,6241664;1370,6251601;1466,6121626;1763,4731568;1756,6261385;1786,6331363;1648,392005;1848,2201750;1824,6311384;1822,2951797;1975,3681616;1905,4831441;656,1611999;1414,6211688;644,1462020;1228,732108;1492,5661692;1347,6161695;1652,192027;1497,3721871;1449,4791759;1702,451979;1714,4131849;1710,01960;1793,1371908;1727,3901844;1839,5721492;1858,5851442;1767,1411936;1730,2711888;1820,3171871;1764,5781561;1809,941907;1837,1361869;1819,5821468;1830,1211873;1894,1911745;1889,2261707;1947,3781586;1864,2031810;1939,1991723;
1791,5301499;1804,5131543;1763,4731568;1786,6331363;1824,6311384;1975,3681616;1905,4831441;1652,192027;1839,5721492;1820,3171871;1764,5781561;1819,5821468;1947,3781586;1939,1991723;1242,-1622479;1373,3142048;1275,6151817;1553,6871732;1249,-2032364;1366,3172067;1427,5141888;1247,-2162501;1651,2452152;1480,1692224;1520,5031895;1572,5411775;1792,5831448;1413,1002266;1437,3732019;1903,6221442;1720,4481966;1784,7011515;1702,1042020;1785,4031985;1813,3631755;1800,3341918;1902,3041880;1916,2751926;1962,4261374;2026,1741763;1971,3821418;
----Iteration 0----
393,504994;364,5301034;593,492974;437,514927;640,4901078;997,4381480;1033,4371411;989,4741422;
997,4381480;1033,4371411;989,4741422;572,5851172;572,6111127;573,6301110;551,6681100;593,6061084;604,576970;1015,3941452;1037,4211435;1005,4461418;972,4801466;939,5691495;1006,4481384;1087,4331364;970,4961428;1061,4571370;1055,4871381;1111,4601276;1108,4481296;1100,3931307;1071,4641302;1129,4111272;
997,4381480;1033,4371411;989,4741422;1015,3941452;1037,4211435;1005,4461418;972,4801466;939,5691495;1087,4331364;970,4961428;1055,4871381;766,7471549;959,6501452;1023,6161360;925,6571453;927,6961430;1043,3601430;980,5951408;1097,6481314;1070,4521391;1082,4721384;1043,4161407;1139,4681291;1246,6941283;1077,4261400;1127,5321339;1326,5621290;1305,5931284;1303,6241258;1321,6551208;1327,5531249;
997,4381480;766,7471549;875,7341562;954,7751508;911,6911531;893,7381529;917,3641743;1003,6851449;1053,7881444;1014,4301715;979,5361650;960,6761464;1064,7771436;1123,2771708;1104,2931709;1227,7751438;1204,2781643;1114,6091461;1265,7831389;1238,7421408;1311,7811310;1200,3391631;1170,4011595;1291,6411424;1371,7671316;1353,7001328;1433,6731240;1449,7991222;1398,6831298;1469,7751196;
875,7341562;917,3641743;1014,4301715;1123,2771708;1104,2931709;1204,2781643;1200,3391631;958,7671554;721,7951569;1087,8581477;927,2041747;1013,5801682;1008,7921552;1093,8561510;1147,3071664;1200,3191656;1056,3991723;1032,6081617;1198,7071546;1139,8511517;1364,8651369;1300,4101622;1259,4541601;1379,8321470;1289,4941547;1464,8061515;1556,7791485;1416,7941521;1551,7861497;1589,7651542;
917,3641743;1014,4301715;1013,5801682;1056,3991723;1379,8321470;1464,8061515;1556,7791485;1416,7941521;1551,7861497;1589,7651542;1078,4021703;1049,4351686;1008,5871678;1017,9171568;1044,9451532;991,9741385;1192,3631737;862,6181728;881,6491706;977,8821609;1202,3611767;1198,7581662;1184,8981566;1273,6921629;1383,8651460;1355,8801478;1375,8331483;1507,5451639;1519,4801663;1391,6451593;1520,8171455;1504,8711412;1520,4661657;1513,7901572;1677,5471584;1704,6101535;1699,6311491;1731,5341593;1764,4971639;1830,6191532;1814,5231591;
1379,8321470;1464,8061515;1556,7791485;1416,7941521;1551,7861497;1589,7651542;1202,3611767;1198,7581662;1383,8651460;1355,8801478;1375,8331483;1520,8171455;1504,8711412;1513,7901572;1054,5681874;976,6261776;1155,7661679;1172,10301612;1095,10431636;1177,10281525;1069,5271831;1152,2931831;1132,7961661;1202,9431626;1204,10111563;1171,3241809;1097,4661788;1059,5331785;1304,6981686;1235,10071514;1246,9931586;1389,8101548;1516,8331466;1539,9791409;1460,7361640;1542,7871601;1564,9311390;1586,9301327;1679,6721497;1720,7121472;1634,8081364;1879,7761436;1894,6231729;1871,6541747;
1589,7651542;1513,7901572;1539,9791409;1542,7871601;1564,9311390;1586,9301327;899,7901872;934,8291825;1238,8881766;1118,9661697;1157,9691671;1236,10841491;1453,3581860;1124,6111860;1198,8161810;1376,10811640;1509,3281844;1441,5741874;1203,5101975;1392,10111574;1550,10301394;1453,4361854;1332,7171723;1503,7501698;1507,8071687;1405,9331481;1498,10291435;1561,2521836;1568,7511687;1614,8661537;1650,9311266;1657,7931526;1813,9231317;1853,7091557;1879,6941767;1816,9221341;1905,6781815;2015,6331695;1919,8841491;1939,8421518;
1542,7871601;899,7901872;934,8291825;1238,8881766;1198,8161810;1376,10811640;1203,5101975;1392,10111574;1503,7501698;1507,8071687;1561,2521836;1568,7511687;1614,8661537;1813,9231317;1879,6941767;1816,9221341;1905,6781815;2015,6331695;1919,8841491;1010,5871995;947,6661980;981,8161861;912,8821823;1361,11121593;1241,11171481;992,6551952;1358,9901739;1299,6941856;1264,7731911;1606,10321486;1531,6411854;1479,6281967;1486,9761530;1583,9381508;1643,9871423;1558,2931830;1626,2421860;1525,4291891;1525,8151656;1681,9811377;1762,9251387;1740,9421337;1877,7091799;1964,7281660;1950,7711670;1930,6191806;2102,6691627;2042,8621555;2076,7071632;2106,8301597;
1238,8881766;1376,10811640;1203,5101975;1507,8071687;1010,5871995;947,6661980;912,8821823;1299,6941856;1264,7731911;1531,6411854;1479,6281967;1486,9761530;1525,4291891;1525,8151656;2102,6691627;1034,7151965;1030,7681941;1153,7951861;1070,8531886;931,9271811;942,10901767;1381,11321610;1139,6411966;945,10581767;1395,10801596;1671,2381887;1223,8721856;1379,10021757;1589,10471518;1796,4371877;1457,7691717;1529,8181613;1515,9481547;1850,7461761;1578,9271543;1959,5801864;1965,6361823;2016,12541423;1963,7311825;2009,6061830;2062,7481719;2084,7751716;2133,8941610;2102,11691506;2111,6351677;2128,6501665;
----Iteration 2----
1487,241041;1484,-101145;1581,221923;1626,304877;1546,258889;1635,249845;1659,296826;
1626,304877;1635,249845;1659,296826;783,701166;835,671212;791,-531277;1583,1381083;1189,-3251290;1490,1941064;1586,1121149;1637,-2281242;1553,281905;1661,273830;1634,-2271218;1618,661171;1577,1231141;1593,243948;1604,601184;1604,341860;1790,264761;1862,151095;1868,229816;1865,141119;1949,-771114;1895,253761;
1626,304877;1949,-771114;1895,253761;885,791337;744,171342;1616,319933;1468,366809;1155,-1941312;1415,1331300;1588,-2031262;1610,3221004;1676,-2221244;1524,2341277;1566,1181230;1653,2661188;1638,281943;1703,-2331230;1670,1511150;1877,761218;1659,1371182;1883,271890;2056,-131038;1871,343865;1950,2371110;2105,-481023;2107,-1341047;
1895,253761;1415,1331300;1524,2341277;1877,761218;1883,271890;1871,343865;1950,2371110;1494,-41443;1383,1831373;1348,1841340;1504,3371255;1664,4141027;1648,-701443;1695,3831005;1681,-1681486;1632,-691431;1405,1821301;1668,3861137;1718,378978;1824,-411339;1830,-641311;1821,3761004;1922,31243;1929,901204;1833,3561252;1907,51278;1980,281222;1987,1881086;2173,-461129;2138,1781187;2189,-481124;
1871,343865;1648,-701443;1632,-691431;1833,3561252;1597,-691520;1373,3831528;1412,4581443;1693,-1491526;1682,-1201498;1469,1691468;1388,3401506;1550,971444;1523,3471260;1597,2951258;1863,4361209;1832,2941291;1849,3871239;1866,4541194;2013,291400;2050,251357;2076,3081257;2199,2201272;2146,2741291;2242,2081257;2236,1751260;2173,1741317;2177,1191329;2248,331084;
1833,3561252;1373,3831528;1388,3401506;1832,2941291;1866,4541194;2199,2201272;2146,2741291;2242,2081257;2236,1751260;2173,1741317;2177,1191329;1466,881664;1562,2071554;1371,2321531;1441,2861484;1300,4691580;1420,5071468;1645,4631476;1468,591706;1600,251684;1678,2711530;1833,4571217;1846,-301670;1863,131622;1886,3971245;1889,4151230;1879,4391221;1696,1831494;1891,4471189;1881,4301199;1968,3741213;2148,2691270;2093,3131275;2107,451611;2106,2831297;2177,2551315;2149,-681479;2126,-341420;2190,2851226;2320,1541168;2283,1391185;2270,2181144;2299,1731161;
1466,881664;1300,4691580;1420,5071468;1645,4631476;1468,591706;1600,251684;1833,4571217;2107,451611;1423,1241645;1567,3251575;1475,3541564;1267,5061534;1848,181671;1786,1211659;1463,4711487;1617,5461408;1636,4951380;2028,91659;1836,691617;1893,591649;1963,4551259;2189,791499;2087,-181650;2113,-601601;2142,4311563;2229,4501445;2293,-121461;2294,3611458;2260,-311506;2402,3301262;
1300,4691580;1267,5061534;2142,4311563;2294,3611458;2402,3301262;1572,3711756;1390,4341652;1587,3901743;1635,4441602;2102,3861698;2212,3511673;2183,4091634;2243,4141504;2260,4861484;2135,1201987;2150,3701680;2179,6771519;2255,7291499;2257,6541316;2234,2721943;2279,3391912;2325,2561982;2323,4551420;2302,4631287;2522,1451615;2486,3151502;2332,4841229;2434,901664;2627,351607;2444,4061199;
2402,3301262;2234,2721943;2279,3391912;2325,2561982;2522,1451615;2486,3151502;2434,901664;2627,351607;2444,4061199;2042,5022011;2080,5012011;2218,1832026;2035,5402078;2101,4231976;2230,8991694;2167,3322005;2215,2911979;2163,9051703;2281,9251643;2217,2971933;2234,9301622;2354,8661691;2245,1402048;2276,471996;2343,8951663;2280,3411837;2317,3461812;2405,2771818;2341,3151829;2362,8271658;2397,5021431;2487,1351632;2509,1851602;2408,5061189;2602,2081535;2471,4311101;2642,901559;
2035,5402078;2354,8661691;2362,8271658;2021,5571995;1807,8501787;2287,9741647;2161,2282062;2043,4992107;2246,9341706;2309,9681572;1841,8841746;2073,4892103;2351,9271735;2316,8581740;2395,5701927;2363,7451951;2464,5801901;2395,7351926;2475,7451761;2562,4951993;2525,5452049;2597,3021850;2685,2891654;
----Iteration 3----
655,4521187;457,2801211;601,4621147;700,4501201;960,3421086;1121,88937;1094,101980;1070,931019;1143,176852;1179,135917;1213,114932;1216,24829;
1213,114932;754,8751171;962,-411437;960,7601292;1033,8251254;1043,8421229;1080,8521163;1121,2441052;1126,1581069;1187,841038;1208,202951;1256,114855;
429,9181359;724,9751348;557,9921220;543,9931179;726,9191333;579,7851543;769,9111316;864,9201254;824,6171444;899,5721458;987,5681465;1035,1271408;1025,8981354;1086,8771336;1071,7911365;1074,9121090;1122,8461294;1115,8931263;1129,8391323;1265,6881307;1246,7611313;1255,7101271;1286,5901093;
1262,5951783;1260,5991776;1252,8341686;1143,12661747;1257,6201806;1462,2841691;1429,3691666;1512,10451458;1463,10841443;1363,11191251;
1252,8341686;1143,12661747;1257,6201806;1462,2841691;1429,3691666;732,3422001;674,3931985;746,12831137;677,9101795;1266,5921878;1283,5741879;1375,6141821;1327,8401658;1342,8681627;1338,5841877;1422,9601620;1398,8321763;1379,6391793;1446,5741642;1534,11231478;1595,11611427;1578,11181475;
1143,12661747;677,9101795;1398,8321763;1534,11231478;1578,11181475;831,1662113;1170,7192077;717,8381959;1218,7451929;1208,7621890;1302,9921639;1324,5621967;1191,6931950;1445,9811666;1391,8241799;1479,8341712;1445,11031514;1442,8191842;1411,8201886;1640,11981473;1644,13551429;1486,7821831;1452,9071633;1677,13541408;1530,7521838;1727,10971511;1659,10861518;1702,13041458;1738,10451425;
1143,12661747;831,1662113;1170,7192077;1218,7451929;1208,7621890;1411,8201886;1644,13551429;1677,13541408;1727,10971511;1702,13041458;1165,7852076;1087,10941939;1165,11401857;1171,11421838;1041,12721646;1328,13811612;1116,11631872;966,12801817;1179,11771775;1273,7162091;1109,9222042;1147,12291790;1502,13771623;1566,14111532;1114,10651930;1156,10511903;1425,6772048;1555,8371825;1507,9511750;1455,9921737;1548,13421635;1429,6872039;1627,13321482;1578,8201855;1533,9891735;1679,12981537;1708,12531567;1628,11411699;1591,9501730;1689,10721577;1772,12271443;1715,12641447;1668,13081579;1697,12821539;1749,11921459;1773,10871519;
1644,13551429;1677,13541408;1273,7162091;1109,9222042;1502,13771623;1566,14111532;1425,6772048;1429,6872039;1627,13321482;1668,13081579;1108,8462161;1099,11041984;1074,12461988;1191,13401964;1460,14161735;1536,14211532;1187,8302110;1266,8052066;1407,14001802;1598,13871580;1438,5642089;1458,7632026;1209,12211891;1434,13141797;1625,13751706;1595,14961502;1464,6102044;1399,11301976;1529,9191963;1433,14431790;1811,13161493;1763,13391432;1750,9471866;1778,10841843;1886,12841704;1927,13021687;1830,12771780;
1108,8462161;1191,13401964;1458,7632026;1464,6102044;1529,9191963;1927,13021687;1293,10802118;1121,12872081;1075,12932040;1223,13651953;1224,14251947;1180,15331932;1185,15581868;1250,16091750;1443,6762120;1222,12322016;1257,12632006;1499,14331862;1452,7242048;1406,7912122;1416,11532089;1404,11652052;1677,15231854;1544,15661817;1462,7082023;1706,16041590;1575,8542010;1937,12891820;1886,14911649;1944,15771618;1840,13891918;1848,14531787;1910,14411718;1937,13261686;1944,12521660;
1108,8462161;1293,10802118;1406,7912122;1416,11532089;1944,15771618;1344,10282129;1260,16202057;1262,17131728;1469,7082145;1256,16541762;1454,7102142;1583,15602043;1554,16071863;1687,16441731;1641,14951930;1626,8282020;1593,13182087;1709,15921876;1874,15681716;1953,16501557;1671,9571968;1856,14141956;1811,15261826;1868,16261642;1947,16231586;1810,14281936;1958,14161944;1816,17951691;1924,16221601;2056,14991774;1997,15481786;1993,15351789;2068,15121728;
----Iteration 4----
721,296935;727,294925;807,351911;573,441881;770,257950;569,3641111;722,281943;632,372918;655,513880;657,458701;919,-3791363;782,1461300;888,1261240;753,2171155;710,2341045;687,331984;868,1121257;774,428908;883,691268;1055,1291213;1103,1911150;1069,2251126;1114,1611189;1138,1441123;
505,1421873;536,569873;292,3751689;782,5651005;595,1091888;513,5541285;745,2411620;740,5311636;985,-1921627;746,2321617;915,-2641633;966,-2041630;964,-1491583;977,-1671606;1249,991443;1082,505960;1030,2621385;1241,1241422;1181,1291441;1388,3321315;1363,4201312;
782,5651005;595,1091888;493,1041963;549,2451944;615,1851840;613,1791869;853,2221692;416,3911829;686,4721765;775,6121035;837,5621622;880,5351637;796,-1471951;664,1461855;893,-1991880;906,-1581853;672,1591781;887,5561604;903,5061558;922,-1781774;1211,1741589;1217,1191609;1385,5101218;1209,1901666;1390,4871451;1446,3441452;1328,4851473;1404,3581525;1397,5001446;1413,4631423;
796,-1471951;893,-1991880;906,-1581853;688,-822076;640,-602040;621,2312015;710,6012009;811,6871468;688,6281825;731,-141938;725,5411936;873,6061881;1060,5771652;1088,6531649;846,-2091883;954,3951712;1406,3841707;1363,4381621;1336,2061780;1307,2481783;1342,6491496;1337,4591697;1404,5161378;1391,3951637;1402,5241434;1388,3851663;1447,5121504;1425,4991508;1476,2721565;
710,6012009;873,6061881;673,5892026;635,5812075;660,6281993;1028,7421802;1035,7631769;977,3622202;826,7201961;776,7931957;1021,8221531;995,5291933;1045,7931592;1048,7831565;1018,2982106;1269,6001854;1374,3401945;1337,3052100;1290,4582067;1276,5561822;1337,4612002;1496,6831752;1507,6731664;1450,2931852;1630,5391573;1609,4811662;1598,5491598;1593,5431616;
1496,6831752;1507,6731664;1089,8952009;1125,8591970;1109,8871923;1105,6822361;1170,8551997;1173,8681933;1218,5402131;1223,6442063;1178,7971991;1262,6672058;1297,6961533;1188,7091633;1477,4862220;1498,4842259;1523,5192179;1607,6831617;1539,4082281;1636,5682073;1679,5612048;1498,6931696;1581,6841630;1580,4622252;1679,5602079;1611,6142055;1753,4982118;1760,4512149;1689,5362102;1756,4142159;1804,3732133;
1089,8952009;1105,6822361;1170,8551997;1636,5682073;1679,5612048;1679,5602079;1753,4982118;1760,4512149;1804,3732133;929,9622162;957,7562371;976,9641945;1191,9411817;1187,9801778;1105,8672056;1308,9171978;1098,5812454;1155,7562233;1061,8632116;1318,8971891;1524,4602309;1486,4242345;1550,5082235;1272,7602216;1356,8202040;1419,7352081;1481,7322051;1529,8311847;1698,4042321;1714,5002299;1597,6542136;1632,6592109;1607,7922047;1774,4262247;1727,5302108;1632,6022197;1808,3472182;1732,5142076;1712,5402133;1772,4292128;1814,4202123;
1105,6822361;1753,4982118;1760,4512149;1804,3732133;929,9622162;957,7562371;1187,9801778;1098,5812454;1272,7602216;1698,4042321;1714,5002299;1597,6542136;1632,6592109;1774,4262247;1727,5302108;1632,6022197;1808,3472182;1712,5402133;1772,4292128;1814,4202123;1213,5622391;1015,7262374;1150,8412355;1164,8302322;959,9842113;1219,9712066;1110,10241996;1205,9772096;1348,4162525;1168,8752300;1235,9422025;1398,4162472;1455,5932361;1518,6052344;1276,7692198;1529,4912358;1635,9332096;1502,9372185;1596,5192306;1711,6492177;1649,8232107;1716,4172314;1719,5232206;1819,5462061;1867,5162090;
957,7562371;1098,5812454;1698,4042321;1714,5002299;1774,4262247;1150,8412355;1164,8302322;1168,8752300;1635,9332096;1502,9372185;1255,5032663;1228,7332411;1182,7832343;1433,2582636;1218,10502098;1285,9992217;1336,5472616;1210,5192617;1549,8902239;1523,10692011;1425,4272672;1540,6282397;1513,6352337;1349,7242303;1427,9892163;1590,10612041;1440,3842531;1473,4152487;1420,4632444;1567,5852370;1615,9402141;1645,10572032;1572,5552377;1652,9312018;1606,3862390;1655,5502368;1767,8372227;1683,5142339;1730,4572320;1744,9092181;1875,5582193;1773,8642198;1733,4602266;1939,5782170;1924,5892179;
1714,5002299;1774,4262247;1150,8412355;1255,5032663;1285,9992217;1336,5472616;1549,8902239;1427,9892163;1767,8372227;1730,4572320;1744,9092181;1773,8642198;1939,5782170;1924,5892179;1349,3902713;1330,5502643;1267,6832454;1578,7722321;1453,12991867;1507,13241860;1418,2762723;1508,4452687;1480,6162514;1230,7632434;1245,8232345;1667,12731981;1450,2352743;1272,9152336;1578,12292058;1470,6062585;1512,7302423;1583,12282091;1639,6372446;1497,6592466;1631,6312463;1650,11372109;1697,10252137;1700,10902094;1662,7192442;1685,6042365;1702,9742203;1699,4742341;1773,9592074;1765,4932284;1870,5482244;1884,9092076;1907,5952211;1957,5852165;1920,6862090;2004,5482122;
----Iteration 6----
525,368940;600,299912;857,-321444;856,31463;643,2691084;666,2721034;960,641435;1052,1661377;961,1441392;
525,368940;475,3301247;496,3131197;795,3601165;905,2631355;1239,2511831;
1239,2511831;827,4521119;730,5351326;1032,4331487;1208,2801780;1196,3141756;1127,3671556;1259,2091858;1245,3511666;1263,3041668;
1208,2801780;1196,3141756;686,6711330;1294,2511955;1226,2741808;1233,3001752;1386,5731689;1360,5931712;1312,4581713;
1294,2511955;1386,5731689;1360,5931712;835,5131735;767,6751586;1322,1681984;1365,1601967;1307,2111973;1304,2891943;1323,4881789;1319,5031775;1388,1541969;1375,6501677;1455,2071911;1405,4281808;1532,2541806;1468,3051770;1534,2711803;1511,2731799;
1294,2511955;1322,1681984;1365,1601967;1304,2891943;1388,1541969;1375,6501677;1455,2071911;1532,2541806;1534,2711803;730,5051821;914,7961793;1001,7421796;1074,8201725;753,5031825;1079,8091758;1316,2382010;1168,7201773;1160,7581732;1394,1781952;1319,3091887;1319,3261860;1162,6741817;1274,5971813;1324,7191699;1456,1761922;1440,4541835;1419,6261769;1465,2101877;1412,6151811;1599,2291774;1449,6241725;1506,4001686;1480,4001781;1593,2601761;1515,3471807;
1168,7201773;1160,7581732;1324,7191699;1599,2291774;1449,6241725;964,8131872;1153,9351710;1349,3971902;1144,8421762;988,7911846;1016,7481862;1094,8101795;1223,8821687;1439,2922023;1405,3502058;1174,6821806;1106,7221764;1333,7471670;1296,9821673;1383,6331866;1376,8191626;1373,8201602;1510,2951926;1425,6781830;1451,7171705;1539,2621943;1454,5021886;1571,2381991;1483,6351659;1484,6831657;1565,4041870;1596,3541905;1634,3001736;
1367,3542178;1559,4942093;1545,9531991;1522,4262115;1525,9802037;1552,9781952;1468,11542003;1569,10261946;1576,11111938;1595,10061923;1636,10091864;1717,5832062;1643,9621895;1662,9931873;1799,8252056;
1367,3542178;1545,9531991;1525,9802037;1468,11542003;1576,11111938;1311,4072142;1345,4472140;1481,9372043;1240,10502066;1435,11272030;1690,10791906;1572,11291836;1680,10521932;1618,10661972;1698,10341880;1883,7932135;1928,7822107;1997,7652121;1833,8522023;1913,8412131;
1468,11542003;1435,11272030;1074,11502009;1075,11832008;1339,8512300;1633,11471898;1641,11201912;1587,11741933;1825,11142147;2072,8992281;2068,9212291;2122,9242174;2090,8822284;2099,9162239;
----Iteration 5----
695,537674;37,626886;534,751696;634,705674;623,720687;624,-971518;508,2201648;599,727876;623,-461681;623,6081514;621,5991520;749,3631485;786,512589;1101,2701403;1089,3051442;
508,2201648;623,-461681;623,6081514;621,5991520;434,1288931;438,6461541;787,4281491;639,6841459;631,11581442;644,11351437;630,10941465;701,12131373;803,4001538;663,11831421;980,6361270;1134,3261491;1135,3971293;1259,4331243;1124,4391490;1170,661991;1270,4221235;1146,6341027;1269,4601217;
508,2201648;623,-461681;623,6081514;621,5991520;787,4281491;639,6841459;631,11581442;644,11351437;630,10941465;701,12131373;803,4001538;663,11831421;1259,4331243;1124,4391490;196,7681593;600,13381048;653,141573;472,7281642;852,12911273;874,12201193;858,12191202;1137,3931326;1294,8821207;1300,3531556;1275,9121233;1206,9101308;1443,2771373;1287,9021235;1421,3431376;1377,3711423;
631,11581442;644,11351437;701,12131373;663,11831421;196,7681593;472,7281642;852,12911273;1275,9121233;1206,9101308;1443,2771373;1287,9021235;1421,3431376;695,4841734;202,7431628;342,11061514;322,12031529;745,13751077;314,10641552;826,10981518;583,13961405;433,13301453;711,11841288;929,13261211;860,10601480;876,10321527;1008,6911367;1305,9271187;1184,1239935;1288,10171127;1241,1206972;1344,5281453;1274,1227935;1307,8991259;1416,8331133;1404,3491528;1380,4631603;1346,8961117;1445,2981363;
631,11581442;644,11351437;701,12131373;663,11831421;342,11061514;322,12031529;314,10641552;826,10981518;583,13961405;433,13301453;860,10601480;876,10321527;1344,5281453;1380,4631603;450,6961777;842,10121550;245,10131557;339,11721491;443,13101488;827,14191219;756,5121743;748,6011780;927,9941635;575,11311496;992,13141314;1003,13141292;981,14101253;1276,1279987;1206,4171640;1205,8611728;1217,7141544;1598,9261308;1392,10261243;1363,4661588;1462,9791339;1277,1312986;1459,3571571;1469,5281440;1355,10201247;1511,10101208;1459,9981250;1528,4231539;1676,7241321;1678,7481245;1709,7091327;
631,11581442;644,11351437;860,10601480;876,10321527;842,10121550;443,13101488;827,14191219;756,5121743;748,6011780;927,9941635;575,11311496;981,14101253;1276,1279987;1205,8611728;1217,7141544;1598,9261308;1392,10261243;1277,1312986;1511,10101208;1459,9981250;580,8431841;685,8421862;633,9401766;548,12001639;539,12501684;519,13751483;602,13481467;679,14071422;568,8721880;663,9991674;1010,13661351;840,11121569;1041,13011334;946,8951714;941,9151711;908,13781400;1348,12321101;1031,12551392;1453,6321558;1398,5871703;1475,9901434;1358,10611271;1402,12161072;1448,3321723;1432,5491665;1498,9841436;1373,10141272;1455,11701154;1438,11741156;1625,5321582;1602,8521520;1628,5041594;1770,7451314;1843,7731250;1732,7761334;1752,7131324;
927,9941635;1205,8611728;1598,9261308;685,8421862;633,9401766;539,12501684;568,8721880;663,9991674;1010,13661351;946,8951714;941,9151711;1031,12551392;1398,5871703;1448,3321723;1432,5491665;1455,11701154;1438,11741156;1625,5321582;1602,8521520;1628,5041594;1770,7451314;1843,7731250;1732,7761334;1752,7131324;572,8621872;614,8821848;566,11511726;559,12071745;548,14251652;876,13871636;957,14211571;867,14641535;970,14301561;951,8332011;605,14751501;972,15101483;1239,13571283;1158,6561754;1091,6021766;1197,8721631;1180,9461606;1498,10441445;1072,14111349;1199,13051285;1352,14111266;1461,3141738;1305,3601789;1208,8131702;1412,10851497;1490,12691070;1509,2841767;1487,7401639;1371,12201133;1490,3311737;1517,11881143;1506,12281104;1633,4111710;1545,4981604;1532,9821386;1619,5591569;1569,9471383;1625,10561289;1566,11141076;1690,4171705;1817,6641374;1645,10331254;1641,10641223;1854,8201210;1812,6981341;1770,6851375;1876,7721299;1831,7291306;
927,9941635;1205,8611728;946,8951714;941,9151711;1398,5871703;1432,5491665;1625,5321582;1602,8521520;1628,5041594;1770,7451314;1843,7731250;1732,7761334;1752,7131324;876,13871636;951,8332011;972,15101483;1239,13571283;1158,6561754;1091,6021766;1498,10441445;1199,13051285;1352,14111266;1208,8131702;1412,10851497;1490,12691070;1506,12281104;1633,4111710;1545,4981604;1532,9821386;1619,5591569;1569,9471383;1625,10561289;1690,4171705;1817,6641374;1645,10331254;1641,10641223;1854,8201210;1812,6981341;1770,6851375;1876,7721299;1831,7291306;553,13701824;673,16691628;748,16421732;738,16571635;925,15811487;766,16391644;638,13611789;763,12081903;995,14871575;1021,15711455;946,15281500;1075,6701811;954,8581788;902,9541848;1104,11641553;1037,14811526;1124,14261488;1547,2671832;1274,6221711;1311,11031605;1316,14471233;1486,9761663;1405,12791166;1354,13201117;1521,8911655;1497,10841432;1406,13081104;1529,13021028;1451,12911074;1687,3541730;1552,5521601;1569,8821556;1588,10671302;1665,12201183;1670,3881827;1694,3681717;1697,3841636;1757,10451225;1710,4101557;1753,10001322;1800,10581194;1852,8721221;
1602,8521520;1843,7731250;951,8332011;1633,4111710;1532,9821386;1569,9471383;1854,8201210;1876,7721299;1831,7291306;553,13701824;763,12081903;995,14871575;1687,3541730;1569,8821556;1670,3881827;1694,3681717;1757,10451225;1753,10001322;1800,10581194;1852,8721221;1023,7272089;638,13562061;549,13801975;777,16431808;788,16931671;760,17111662;983,8032132;907,16711629;1296,3082061;1002,8901948;789,12521852;977,15991636;1124,15591534;1211,16141429;1093,16111509;1254,5941958;1429,15511234;1346,15561224;1397,2292134;1152,3512314;1561,9501807;1396,11891855;1528,12801716;1306,15061366;1382,15001446;1498,15321198;1546,3621832;1550,14771216;1584,2171924;1591,13711261;1876,3381884;1603,5661799;1725,12571325;1658,13311325;1820,9321502;1768,7301707;1748,11661344;
1023,7272089;777,16431808;983,8032132;977,15991636;1124,15591534;1211,16141429;1429,15511234;1346,15561224;1397,2292134;1152,3512314;1396,11891855;1528,12801716;1382,15001446;1498,15321198;1725,12571325;1658,13311325;1768,7301707;922,8152157;793,12402101;878,15252076;921,17121789;1380,3402214;617,13612104;906,15502047;830,16271877;941,16771775;1102,17241571;1383,3352197;1340,6362123;1214,9642058;1037,14211909;1331,15191829;1283,15721363;1264,15891296;1364,11511875;1516,13681733;1567,1182048;1484,13231749;1489,14671282;1683,10991895;1657,11312000;1610,15181267;1669,14451250;1948,3211949;2054,6641863;1853,12881257;1997,2641950;2110,11871603;2057,10781613;1985,6061884;
----Iteration 7----
-123,-129827;1424,-3111078;1321,79643;1323,75650;1029,-4311406;1095,-7901588;1503,-12709;1316,-1601178;1322,-1741186;1381,-2411129;1329,-1591165;1496,-5680;
1503,-12709;1496,-5680;1132,-2941898;1279,525749;1291,519708;1093,-2581875;1302,508700;1461,-7061709;1211,-2551792;1187,581894;1318,469743;1405,-5041801;1431,2721415;1382,3071429;1336,333765;1733,-1031055;1680,-1641105;
1461,-7061709;1211,-2551792;1187,581894;1405,-5041801;1431,2721415;1382,3071429;1733,-1031055;1197,-2951945;1231,-3851930;1172,-3612031;1171,-2171981;932,151668;1183,-3092025;1188,-1881938;1140,1851612;1148,1601567;1248,4691184;1327,599801;1381,-6931840;1184,7571086;1227,-5361999;1239,281559;1465,595813;1424,-6811761;1387,2471460;1454,3061394;1363,-4281513;1695,1351435;1443,3521402;1506,-6921701;1707,1231472;1757,-2141422;1787,-2761439;1731,731512;1823,-2861397;
1461,-7061709;1405,-5041801;1431,2721415;1382,3071429;1197,-2951945;1172,-3612031;1171,-2171981;1183,-3092025;1248,4691184;1184,7571086;1454,3061394;1443,3521402;1506,-6921701;1053,-1862074;912,-791876;843,783959;801,826924;1254,-3632040;1144,-1082038;1106,3531283;1161,7541136;1165,7231167;1225,1601728;1291,3201592;1116,4771261;1232,751942;1167,7141153;1443,-6501905;1367,5671170;1233,815897;1383,-1361944;1407,2961691;1458,-6821789;1601,2261658;1618,678978;1668,639958;1827,1621667;1804,2631644;1778,1931662;1809,2641592;1821,2321607;
1171,-2171981;1183,-3092025;1184,7571086;1053,-1862074;843,783959;801,826924;1254,-3632040;1144,-1082038;1161,7541136;1232,751942;1443,-6501905;1233,815897;1601,2261658;1618,678978;1827,1621667;1804,2631644;1778,1931662;1821,2321607;1207,-3222077;985,-1112137;999,-272000;1236,-3682042;971,3731738;1130,7591282;1236,7341253;1260,740933;1278,-4241994;1532,717983;1400,-4602002;1419,3491948;1574,5471664;1646,6591273;1701,6631248;1570,1771741;1523,1351845;1644,6161317;1577,5161655;1707,6141272;1572,1831695;1737,5591316;1732,5741286;1779,3501401;1762,5561230;1746,1611707;1750,911722;1816,3091615;1815,3201544;1836,2651531;1852,1951516;
1184,7571086;843,783959;801,826924;1161,7541136;1233,815897;1618,678978;1207,-3222077;985,-1112137;1130,7591282;1236,7341253;1532,717983;1646,6591273;1701,6631248;1570,1771741;1523,1351845;1746,1611707;1750,911722;1024,-3132216;835,4481850;968,4161776;910,4261793;936,782096;1206,-3402120;1137,-3482141;1419,3962031;1707,4971664;1278,778965;1289,7421249;1618,5901725;1754,6731200;1478,3692076;2142,5371412;2096,5501434;1847,3551684;2108,5491437;1958,3341650;2046,6081516;2102,6361420;2120,5471352;
1570,1771741;1746,1611707;1419,3962031;1707,4971664;1618,5901725;1478,3692076;1847,3551684;1958,3341650;2046,6081516;1145,1732216;1212,1522267;1321,6532051;1400,6831964;1408,6202025;1445,6681901;1371,7071964;1399,8491596;1591,8321420;1386,632183;1400,3932094;1333,7421773;1675,-122151;1464,3852003;1422,6231921;1723,9831340;1651,312133;1429,1942078;1664,6681567;1917,172067;1504,6441705;1821,6021631;1896,7241426;2003,7331379;1894,1412015;2018,4871635;2123,-852032;2174,-331978;2205,5701542;2007,6931343;2183,5331552;2178,6701467;2276,2091618;2284,461927;2273,651875;
1419,3962031;1707,4971664;1618,5901725;1478,3692076;1400,6831964;1408,6202025;1445,6681901;1399,8491596;1400,3932094;1464,3852003;1422,6231921;1723,9831340;1429,1942078;1504,6441705;1821,6021631;2003,7331379;2018,4871635;2205,5701542;2007,6931343;2178,6701467;2284,461927;2273,651875;1293,2132439;1253,2982370;1227,4362238;1238,5132205;1269,5562199;1369,6662095;1310,7122071;1252,7391979;1413,7141879;1716,9791478;1720,10461419;1336,2592419;1417,7761877;1760,9491485;1380,2512329;1292,7761879;1786,9661475;1791,9641337;1391,7162065;1833,8921594;1809,9421383;2068,1902227;2076,1652185;1986,982425;2036,1912214;2142,6151539;1967,6991439;1933,8291430;2257,6441401;2103,1252167;2189,6541388;2186,242081;2264,2961933;2201,5721554;2384,4401686;
1399,8491596;1723,9831340;1504,6441705;1821,6021631;2205,5701542;2178,6701467;1293,2132439;1716,9791478;1720,10461419;1336,2592419;1760,9491485;1380,2512329;1786,9661475;1791,9641337;1833,8921594;1986,982425;1967,6991439;1933,8291430;2257,6441401;2201,5721554;1270,3152410;1322,3202351;1399,5772307;1391,6492145;1443,8072121;1695,10051495;1672,10731276;2042,442415;1513,1962465;1272,6282158;1739,9751502;1438,8182088;2062,202389;2004,2272247;1450,7602091;1746,5742064;1951,7651596;1816,9471385;2048,2792226;1720,6062050;1834,8441540;1819,4682084;2186,1492336;2090,2602167;2187,2872008;2106,7641365;2257,832254;2159,2442143;2152,6901586;2201,7511233;2400,3071714;2277,1102238;2341,1632217;2279,3371935;2214,7421273;2338,2232236;2472,4431682;2426,4871689;2204,7431407;2480,4661655;2489,4501669;
2205,5701542;2178,6701467;1336,2592419;1986,982425;2257,6441401;2201,5721554;1270,3152410;1322,3202351;1399,5772307;1672,10731276;2042,442415;1513,1962465;2062,202389;2004,2272247;1819,4682084;2186,1492336;2106,7641365;2152,6901586;2214,7421273;2472,4431682;2204,7431407;2480,4661655;2489,4501669;1354,6142316;1374,6362267;1354,8002241;1332,9042221;1372,8832170;1478,8792202;1777,10641652;1658,11551277;1581,2352451;1667,2582409;1900,10471797;2127,-432395;2111,-332428;1703,4962226;1660,6102169;1807,8242078;1864,9591824;1912,10371799;2145,32382;2053,3342242;1873,8072056;1883,7632033;1848,8911868;2170,3152244;1962,7351635;2105,8401621;2211,8021297;2185,6531632;2130,8111346;2253,8181253;2351,2242253;2254,3152134;2380,2022280;2230,4601950;2321,6511323;2360,3632017;2432,5011723;2447,2762039;2459,4241788;2570,3001884;
----Iteration 8----
332,529440;296,537307;1547,5151417;1541,4881446;1501,4661490;1601,4851469;1515,4911431;1535,4961424;
1547,5151417;1601,4851469;1493,1611564;1028,5901295;1482,3081651;1515,5391369;1541,2061558;1486,2561631;1512,5021498;1624,6521098;1567,4981490;1602,2991540;1695,7341017;1768,6121151;1868,5651062;1812,5941144;1829,5421067;1863,5661029;
1482,3081651;1486,2561631;1868,5651062;1863,5661029;1329,311743;1480,2061709;1492,1741724;1651,7131625;1669,4111481;1815,8031474;1967,3911465;1847,5651428;1897,5251427;1958,4071451;1972,4031376;2011,3711345;1973,3601355;
1651,7131625;1815,8031474;1743,8531574;1234,8961423;1985,8101271;1937,8191264;1677,4971792;1732,8871589;1882,7531546;1831,7701496;1832,8511463;1917,8221240;1770,4361691;1896,5811623;1877,8001468;1990,8001269;2030,6331573;2093,5541435;2143,5231408;2206,5031407;2171,5111373;2167,5081426;
1743,8531574;1677,4971792;1732,8871589;1680,4961732;1757,8681563;1632,11091579;1627,5101840;1599,11431627;1723,4611788;1830,7141698;1703,8901552;1608,10821615;1886,9621465;2040,5121680;1781,8231523;1892,9971455;2100,6881612;2083,4451785;2011,5471643;2049,7991502;2086,8221459;2028,8051624;2192,3841679;2078,7491600;2098,7801431;2259,6011504;2279,6131479;2369,4961489;
1677,4971792;1627,5101840;2100,6881612;2083,4451785;2028,8051624;2078,7491600;2259,6011504;2279,6131479;1623,5091954;1525,7491825;1624,11851659;1782,4521927;1652,4851913;1678,12421646;1706,11421583;1885,9701640;1980,9601639;1763,10941463;2089,5131750;2042,4671794;1914,7061729;1899,7231739;2095,4751741;2083,8401476;2006,10351581;2078,7441686;2109,8541459;2086,8901405;2200,3991701;2197,6071568;2125,6011647;2118,7291589;2304,3841664;2285,5641503;2163,8061512;2231,6431450;2378,5031520;2233,6341544;
2083,4451785;1525,7491825;1678,12421646;2089,5131750;2042,4671794;2095,4751741;2006,10351581;2078,7441686;2200,3991701;2304,3841664;2285,5641503;1583,5412293;1335,7822092;1293,8252057;1600,4902360;1633,4562312;1705,5132223;1378,8292052;1277,8312091;1823,4312195;1700,7142107;1918,11541749;1886,11581734;2053,11491401;1874,4652133;2043,10131553;1912,4582158;1996,12291690;2118,10241549;1922,4852132;2108,3891847;2003,12281683;2129,10071584;2095,4061803;2279,9101679;2215,9901626;2160,4081783;2247,3481719;2300,4651694;2296,4521697;2352,7111415;2384,5891486;2408,5131520;
1583,5412293;1600,4902360;1633,4562312;1705,5132223;1823,4312195;1700,7142107;1912,4582158;1996,12291690;2003,12281683;2408,5131520;1632,4652353;1585,5142319;1467,8222305;1430,10682229;1811,12161855;1645,5012280;1680,5162232;1627,6882252;1673,12111985;1816,6202132;1884,7482003;1788,12461837;1929,11681783;1937,11401695;1887,5322159;1907,5462142;1923,5442155;1963,4421954;2282,10551844;2244,11301874;2266,10921884;2305,10981841;2065,9721900;2078,3451896;2265,11221884;2349,12021620;2385,11901602;
1583,5412293;1600,4902360;1633,4562312;1705,5132223;1912,4582158;1632,4652353;1585,5142319;1467,8222305;1430,10682229;1680,5162232;1627,6882252;1816,6202132;1923,5442155;2349,12021620;2385,11901602;1582,5352380;1514,6982346;1516,7722325;1394,10252282;1896,12901789;1651,5272285;1880,4802213;1868,4902223;1908,6052165;1733,12652201;1924,11302065;2258,11182002;2154,12482001;2176,12691605;1906,5642187;1945,5732153;1940,6132110;2275,10672003;1980,6512079;2256,11402005;2280,11821956;1992,7282037;2309,10411961;2160,9812029;2385,11201870;2381,11321878;2309,11541888;2420,11351852;
2349,12021620;2385,11901602;1896,12901789;1733,12652201;2258,11182002;2154,12482001;2275,10672003;2256,11402005;2280,11821956;2309,10411961;2381,11321878;2309,11541888;1908,12342256;1881,12372241;1819,13001868;1880,13181712;1937,11432324;1962,11392260;2190,12931703;1684,9382518;1748,9992423;1807,10582331;2010,12522217;2038,12871997;2200,11322158;2295,11801993;1984,11902219;2265,12531966;2175,11172216;2289,12091862;2302,11361986;2303,12381577;2202,10502104;2324,11541881;2522,10521803;2420,11481857;2444,9891949;2493,11241938;2510,10871918;
----Iteration 9----
705,436971;777,393915;667,457991;819,354960;749,494962;878,-99491;1047,-52334;1104,-455495;1114,-88406;1102,-476509;1065,-30326;1085,-73353;
636,6841690;822,6811580;866,6801595;927,6741635;882,4291638;944,7491156;962,2561505;941,7801165;977,7121202;996,3541478;1098,7141045;987,5561102;1287,4961223;1255,4281228;1227,4591278;
653,7701768;933,7801670;655,4681681;618,8191563;1002,11351488;902,7351675;1012,11121527;1042,4161540;1026,11121525;1131,3391705;1110,3981627;1153,2881745;1461,3431432;1335,5091476;1286,5881313;1271,8241499;1293,5521434;1380,4771487;1424,4711329;
902,7351675;1012,11121527;1026,11121525;1131,3391705;1153,2881745;679,7291748;670,12011771;602,12781643;974,12371513;1002,11541534;1087,12491336;1169,11941332;1086,10601434;1177,2451752;1129,9591671;1108,11011374;1150,11631354;1148,9081407;1182,11531329;1452,6911699;1501,8551622;
1131,3391705;1153,2881745;679,7291748;670,12011771;602,12781643;1177,2451752;1452,6911699;645,7671786;678,10751751;693,11921673;678,11951648;1059,12941569;919,13551611;741,12371638;1158,13181439;1002,6741743;983,7071725;1021,12171577;1261,13031186;1109,4831789;1111,5011729;1140,9031699;1046,13431489;1165,12601321;1186,2291766;1139,9961681;1192,11291434;1261,12891264;1298,12681156;1227,11191346;1302,12811153;1473,7271689;1201,11951390;1285,13111180;1320,12481178;1492,7581656;1301,10841270;1356,12251156;1655,8341653;1636,8801623;1703,9041603;1697,8281618;
670,12011771;602,12781643;1452,6911699;1059,12941569;741,12371638;1158,13181439;1021,12171577;1261,13031186;1186,2291766;1192,11291434;1261,12891264;1201,11951390;1285,13111180;1703,9041603;1697,8281618;619,11021830;700,11961718;897,11841747;829,12091659;923,14311572;965,14171635;949,14961557;993,15131555;684,10771918;994,14751509;1036,14911465;997,14851508;989,9151752;1060,9751737;1065,13761556;1067,14411500;1156,10091719;981,11091822;1169,13101521;1231,13621331;1201,13771330;1183,7161796;1183,11321499;1333,13351159;1484,9721510;1290,11771375;1348,11901363;1374,13001156;1471,9661537;1483,10451473;1475,12751271;1632,8541691;1669,9301645;1604,10821425;1654,9431588;1667,9191654;1853,10051492;
670,12011771;1697,8281618;619,11021830;700,11961718;829,12091659;965,14171635;993,15131555;684,10771918;994,14751509;1036,14911465;997,14851508;981,11091822;1231,13621331;1183,7161796;1632,8541691;1669,9301645;1667,9191654;793,7741928;856,7741893;609,10951924;585,12261838;602,12411807;1053,13571649;992,13961581;962,14851590;975,15311568;895,9041846;603,11221805;1065,14721559;1046,6901917;1206,11851791;1079,14021550;1129,14421520;1211,14011367;1275,11571779;1320,11371745;1327,12141626;1344,13511596;1412,13801273;1513,13641252;1474,13581295;1601,8541779;1649,8761674;1897,9811517;1778,13391573;1745,9901603;1832,9651529;1925,11261415;1973,10591512;1944,11041495;1960,11551395;1922,12041421;
684,10771918;1036,14911465;793,7741928;856,7741893;609,10951924;895,9041846;1046,6901917;1275,11571779;1320,11371745;1327,12141626;1601,8541779;504,11501953;641,12491912;713,12561896;752,12591870;1209,13191826;1240,13571789;1005,15601661;1092,6121911;815,10611864;1072,14751618;1237,12701837;1254,13021796;1269,13151786;1390,14411600;1290,14541760;1369,8501782;1341,10971690;1678,14041454;1649,14661335;1619,7901763;1699,10441656;1407,14701505;1827,13771347;1655,7991747;1659,10151729;1825,13581348;1664,8331702;1842,13931345;1717,10111681;1836,12061631;1832,14321299;2024,13421619;
1046,6901917;1275,11571779;1209,13191826;1240,13571789;1005,15601661;1237,12701837;1254,13021796;1269,13151786;1290,14541760;1832,14321299;486,10382012;884,14891995;993,15151962;1238,15421787;965,14281968;1123,14541911;1440,15141744;1210,5641899;1220,4771866;1195,11711895;1631,14461473;1610,7561808;1511,14101498;1699,14571455;1783,14541410;1665,14881375;1914,14061431;1924,13981493;1895,14151401;1810,9721793;1915,13911521;1933,11281792;2060,13811661;2049,12321763;2192,12341573;
1832,14321299;884,14891995;993,15151962;1238,15421787;965,14281968;1123,14541911;1440,15141744;1631,14461473;1699,14571455;1783,14541410;1665,14881375;1933,11281792;2049,12321763;1080,11522048;950,15231979;1105,15971759;1175,14711909;1392,15461750;1438,15361762;1362,14101880;1431,15541727;1466,14651749;1508,14771488;1673,12991986;1565,14511578;1693,12681992;1926,10451986;1959,14161508;2040,10311826;2044,14081703;2160,12781709;2214,12791607;2131,13951761;2180,12901672;2180,12431695;
