----Iteration 0----
x_MOEAD_NFTS=[236, 125, 510, 253, 31, 114, 160, 298, 322, 462, 447, 662, 634, 314, 240, 13, -147, -36, 122, 196, -7, 38, 400, 234, 279, 507, 437, 448, 587, 520, 521, 562, 526, 576, 665, 246, 229, -18, -122, -149, -82, 245, 83, -6, 63, -29, 13, 308, 329, 290, 297, 312, 598, 366, 324, 316, 535, 433, 519, 411, 560, 545, 664, 577, 644, -130, -15, -152, -156, -143, -215, -161, -162, 305, -34, -27, -76, 111, 504, 303, 338, 29, 91, 235, 254, 433, 311, 335, 352, 307, 434, 466, 412, 518, 597, 652, 641, 634, 735, 679, 690, 725]
y_MOEAD_NFTS=[651, 609, 380, 469, 527, 605, 612, 603, 477, 428, 476, 220, 274, 421, 436, 517, 763, 830, 337, 505, 787, 745, 220, 485, 455, 3, 201, 182, 302, 16, 147, 34, 273, 253, 276, 209, 312, 478, 529, 538, 793, 386, 691, 738, 806, 558, 782, 148, 242, 434, 687, 573, 231, 570, 574, 584, -3, 437, 491, 513, 452, 487, 396, 442, 424, 446, 497, 519, 549, 712, 509, 535, 715, 129, 513, 543, 709, 736, 39, 419, 431, 492, 556, 694, 713, -24, 601, 659, 382, 485, 401, 529, 574, 490, 16, 180, 167, 450, 109, 404, 297, 274]
z_MOEAD_NFTS=[34, 199, 403, 488, 346, 207, 184, 37, 462, 384, 229, 394, 383, 576, 529, 489, 96, 40, 715, 470, 89, 88, 688, 460, 511, 663, 697, 601, 434, 627, 552, 586, 485, 481, 376, 708, 763, 627, 539, 533, 92, 691, 155, 136, 1, 429, 94, 742, 679, 541, 0, 307, 487, 210, 144, 99, 652, 461, 174, 190, 273, 179, 355, 258, 310, 659, 606, 554, 508, 342, 581, 538, 303, 763, 578, 512, 340, 2, 687, 634, 571, 554, 341, 13, -215, 700, 244, -159, 617, 403, 499, 171, 134, 215, 617, 459, 527, 202, 410, 321, 211, 153]
----Iteration 2----
x_MOEAD_NFTS=[215, 340, 311, 581, 610, 648, 641, 731, 378, 359, 113, 110, 336, 429, 514, 638, 803, 702, 645, 819, 723, 723, 795, 737, 815, 341, 250, 224, 137, 391, 379, 432, 371, 414, 639, 628, 601, 654, 727, 527, 535, 524, 746, 694, 754, 666, 789, 743, 759, 802, 854, 860, 875, 413, 295, 224, 229, 395, 104, 85, 265, 429, 255, 513, 612, 456, 391, 455, 263, 311, 661, 695, 688, 464, 471, 513, 563, 547, 557, 485, 709, 580, 690, 720, 674, 788, 689, 775, 782, 846]
y_MOEAD_NFTS=[536, 524, 570, 449, 466, 438, 459, 366, 432, 448, 685, 705, 586, 652, 644, 328, 214, 408, 625, 244, 371, 423, 261, 464, 370, 408, 530, 590, 648, 309, 320, 415, 448, 620, 656, 258, 599, 664, 174, 346, 444, 487, 221, 387, 141, 374, 235, 511, 423, 418, 236, 215, 138, 299, 503, 534, 573, 639, 716, 732, 583, 596, 645, 759, 52, 321, 392, 441, 532, 530, 698, 135, 173, 334, 491, 624, 677, 681, 316, 455, 623, 338, 655, 236, 425, 322, 433, 496, 477, 204]
z_MOEAD_NFTS=[546, 465, 495, 386, 304, 306, 220, 418, 599, 571, 339, 265, 471, 229, 215, 507, 529, 361, 154, 495, 329, 225, 355, 197, 249, 670, 609, 467, 389, 715, 704, 601, 562, 377, 127, 620, 282, 93, 626, 533, 485, 392, 611, 389, 676, 409, 570, 159, 223, 320, 512, 478, 458, 714, 665, 604, 518, 442, 332, 304, 493, 417, 342, 179, 724, 665, 642, 591, 552, 548, 91, 684, 663, 618, 509, 336, 189, 177, 578, 454, 153, 486, 140, 585, 382, 558, 348, 115, 141, 579]
----Iteration 1----
x_MOEAD_NFTS=[210, 466, 12, 175, 209, 24, 354, 264, 430, 489, -28, 115, 127, 148, 63, 86, 190, 378, 277, 267, 204, 195, 343, 449, 469, 523, 504, 547, 172, 37, 139, 118, 164, 167, 308, 225, 281, 222, 448, 342, 349, 336, 429, 447, 431, 478, 545, 497, 515, 537, 183, 217, 10, 48, 153, 68, 215, 154, 263, 184, 303, 262, 174, 248, 219, 159, 296, 413, 373, 321, 323, 380, 372, 317, 478, 365, 420, 400, 337, 485, 485, 588]
y_MOEAD_NFTS=[811, 529, 588, 831, 847, 583, 405, 688, 525, 524, 434, 654, 654, 662, 611, 557, 898, 244, 502, 512, 607, 803, 401, 584, 522, 481, 508, 446, 284, 630, 954, 499, 902, 455, 443, 801, 422, 544, 252, 256, 562, 706, 545, 288, 436, 312, 514, 553, 384, 368, 256, 261, 613, 638, 670, 727, 884, 925, 780, 809, 112, 426, 641, 813, 521, 597, 820, 204, 387, 643, 459, 599, 660, 761, 346, 486, 368, 612, 697, 603, 384, 376]
z_MOEAD_NFTS=[264, 284, 536, 253, 226, 532, 576, 296, 427, 379, 668, 479, 466, 448, 528, 602, 162, 734, 591, 513, 450, 298, 584, 399, 408, 426, 435, 388, 764, 526, 167, 627, 157, 649, 627, 289, 648, 497, 686, 781, 492, 144, 445, 648, 484, 641, 390, 267, 557, 506, 829, 791, 547, 518, 432, 415, 199, 196, 401, 413, 786, 661, 466, 251, 592, 489, 216, 767, 738, 441, 601, 449, 380, 277, 612, 526, 602, 409, 161, 237, 594, 332]
----Iteration 3----
x_MOEAD_NFTS=[455, 254, 296, 422, 422, 561, 267, 469, 525, 550, 494, 513, 592, 578, 575, 146, 93, 318, 246, 376, 470, 455, 440, 495, 532, 574, 547, 601, 21, 12, -67, -6, 370, 149, 292, 390, 238, 543, 540, 418, 529, 446, 558, 463, 571, 614, 678, 668, 653, 653, 349, 102, 53, 288, 187, 144, 103, 489, 105, 148, 288, 285, 132, 259, 480, 248, 327, 289, 489, 304, 399, 439, 476, 509, 455, 429, 447, 514, 468, 468, 571, 582, 618, 575, 661, 607, 690]
y_MOEAD_NFTS=[302, 259, 389, 298, 260, 229, 255, 472, 252, 300, 420, 388, 176, 225, 266, 308, 442, 243, 438, 295, 230, 438, 481, 443, 312, 188, 342, 177, 424, 482, 700, 464, 547, 535, 690, 304, 354, 144, 162, 538, 165, 532, 267, 452, 429, 143, 130, 184, 138, 176, 224, 351, 420, 595, 632, 662, 697, 128, 352, 539, 727, 743, 439, 677, 175, 350, 596, 659, 229, 365, 591, 384, 436, 224, 409, 479, 509, 175, 320, 494, 121, 252, 58, 360, 80, 313, 73]
z_MOEAD_NFTS=[550, 707, 520, 586, 631, 558, 676, 283, 605, 520, 379, 392, 609, 563, 480, 673, 539, 717, 485, 650, 624, 382, 334, 350, 521, 610, 407, 608, 614, 551, 321, 563, 403, 497, 202, 622, 623, 752, 779, 270, 729, 259, 595, 375, 337, 663, 443, 457, 536, 491, 773, 686, 651, 465, 456, 427, 273, 815, 676, 468, 260, 214, 580, 343, 777, 670, 428, 264, 734, 615, 266, 555, 441, 739, 473, 431, 268, 704, 527, 310, 712, 543, 637, 372, 588, 350, 598]
----Iteration 4----
x_MOEAD_NFTS=[587, 506, 608, 668, 694, 539, 382, 486, 411, 584, 523, 564, 609, 718, 689, 355, 390, 233, 337, 413, 420, 315, 375, 390, 452, 571, 537, 533, 542, 345, 505, 563, 708, 620, 679, 608, 642, 614, 584, 565, 691, 645, 733, 698, 662, 765, 778, 765, 812, 866, 806, 352, 296, 304, 370, 460, 376, 365, 356, 321, 459, 421, 418, 383, 429, 689, 547, 535, 554, 532, 650, 607, 586, 637, 588, 590, 651, 646, 682, 681, 773, 792, 740, 788, 706, 751, 887, 856]
y_MOEAD_NFTS=[311, 247, 488, 308, 339, 594, 419, 516, 315, 232, 484, 548, 443, 269, 364, 437, 432, 514, 570, 623, 635, 420, 442, 358, 662, 232, 275, 323, 383, 557, 583, 537, 260, 319, 432, 466, 332, 494, 527, 536, 314, 468, 226, 332, 459, 205, 267, 243, 189, 183, 208, 389, 452, 489, 468, 469, 504, 545, 554, 614, 674, 575, 693, 383, 501, 276, 342, 404, 574, 617, 275, 280, 370, 350, 503, 505, 438, 466, 443, 446, 242, 264, 315, 193, 356, 276, 158, 228]
z_MOEAD_NFTS=[647, 688, 310, 529, 261, 229, 649, 396, 646, 665, 393, 181, 320, 568, 274, 626, 579, 493, 411, 364, 328, 670, 554, 718, 282, 702, 655, 639, 587, 415, 311, 384, 656, 616, 449, 385, 599, 255, 221, 203, 511, 222, 616, 342, 291, 589, 536, 544, 538, 395, 483, 670, 657, 628, 573, 519, 487, 485, 419, 372, 246, 410, 178, 687, 524, 628, 608, 585, 250, 176, 630, 623, 504, 507, 344, 240, 460, 139, 92, 150, 540, 523, 398, 527, 146, 354, 407, 427]
----Iteration 5----
x_MOEAD_NFTS=[479, 595, 623, 693, 491, 431, 418, 410, 539, 633, 687, 494, 449, 413, 353, 513, 544, 458, 491, 525, 563, 603, 629, 667, 744, 536, 402, 520, 381, 390, 380, 494, 444, 524, 452, 487, 478, 499, 613, 590, 493, 564, 558, 647, 666, 730, 718, 697, 672, 774, 731, 291, 341, 400, 369, 459, 374, 474, 443, 523, 467, 477, 497, 566, 505, 543, 591, 600, 632, 604, 613, 569, 742, 691, 668, 664, 716, 708, 765, 738, 754, 759]
y_MOEAD_NFTS=[574, 577, 542, 272, 273, 561, 548, 734, 734, 534, 454, 213, 235, 515, 292, 729, 200, 570, 539, 567, 592, 352, 348, 539, 439, 254, 743, 210, 373, 554, 601, 742, 707, 420, 497, 645, 488, 718, 315, 366, 466, 604, 616, 531, 562, 396, 473, 537, 572, 278, 494, 399, 622, 616, 650, 704, 749, 768, 290, 267, 616, 692, 693, 271, 515, 692, 331, 393, 523, 561, 712, 728, 238, 288, 600, 508, 263, 541, 303, 475, 299, 360]
z_MOEAD_NFTS=[511, 430, 431, 564, 683, 541, 577, 274, 189, 426, 498, 750, 711, 595, 723, 253, 685, 535, 564, 533, 474, 647, 652, 413, 476, 699, 435, 738, 692, 609, 618, 214, 457, 671, 653, 447, 653, 267, 662, 655, 600, 292, 359, 508, 404, 533, 463, 400, 313, 477, 447, 715, 587, 547, 528, 457, 446, 129, 724, 706, 520, 456, 378, 678, 565, 287, 675, 638, 542, 479, 279, 241, 631, 635, 400, 498, 610, 392, 524, 434, 532, 521]
----Iteration 6----
x_MOEAD_NFTS=[657, 792, 729, 802, 376, 175, 423, 584, 456, 661, 659, 627, 744, 771, 740, 796, 767, 310, 304, 319, 364, 223, 378, 266, 311, 230, 173, 481, 311, 385, 496, 610, 481, 438, 389, 611, 439, 629, 639, 685, 652, 748, 727, 731, 660, 737, 707, 755, 767, 788]
y_MOEAD_NFTS=[575, 97, 496, 393, 543, 596, 529, 100, 639, 616, 516, 155, 504, 493, 505, 406, 254, -83, 461, 507, 510, 571, 721, 760, 738, 179, 576, 134, 411, 589, 681, 706, 172, 380, 454, 677, 481, 695, 34, 373, 628, 556, 111, 566, 572, 480, 570, 511, 549, 465]
z_MOEAD_NFTS=[225, 404, 358, 266, 466, 441, 504, 540, 388, 181, 319, 506, 324, 354, 326, 389, 505, 697, 597, 580, 505, 521, 358, 300, 339, 660, 506, 657, 643, 451, 329, 242, 612, 548, 506, 299, 477, 287, 532, 427, 197, 315, 513, 251, 211, 386, 318, 314, 291, 408]
----Iteration 7----
x_MOEAD_NFTS=[189, 212, 630, 123, 296, 224, 286, 391, 330, 557, 507, 465, 580, 612, 695, 644, 686, 645, 679, 664, 336, 277, 238, 386, 404, 258, 230, 247, 372, 188, 337, 318, 170, 416, 429, 451, 493, 503, 541, 588, 573, 625, 659, 660, 640, 671, 701, 703, 189, 223, 333, 417, 325, 396, 229, 460, 497, 488, 242, 446, 447, 508, 482, 498, 566, 591, 541, 565, 574, 621, 560, 577, 622, 654, 603, 624, 754, 798]
y_MOEAD_NFTS=[805, 743, 141, 392, 279, 713, 832, 739, 794, 140, 622, 651, 641, 626, 314, 636, 186, 409, 418, 496, 278, 336, 387, 706, 772, 851, 573, 837, 220, 433, 801, 281, 440, 763, 762, 723, 601, 699, 698, 633, 649, 391, 593, 210, 522, 204, 515, 244, 362, 574, 758, 661, 271, 195, 546, 631, 326, 422, 550, 680, 750, 743, 527, 685, 105, 261, 582, 695, 191, 178, 271, 482, 496, 625, 667, 171, 291, 263]
z_MOEAD_NFTS=[316, 408, 501, 610, 665, 405, 236, 384, 369, 666, 317, 349, 259, 215, 443, 181, 448, 322, 218, 235, 692, 649, 657, 422, 380, 267, 521, 308, 633, 572, 220, 615, 591, 345, 343, 321, 361, 260, 165, 277, 221, 394, 229, 477, 332, 452, 155, 380, 661, 520, 385, 471, 701, 634, 532, 500, 611, 534, 510, 454, 342, 176, 491, 280, 589, 540, 384, 122, 571, 556, 538, 414, 363, 252, 124, 539, 290, 304]
----Iteration 8----
x_MOEAD_NFTS=[21, 82, 172, 210, 195, 216, 444, 201, 215, 363, 526, 313, 386, 625, 497, 507, 488, 508, 488, 161, 96, -12, 196, 578, 472, 672, 528, 491, 784, 823, 644, 791, 880, 837, 469, 454, 294, 238, 232, 263, 141, 124, 493, 402, 229, 85, 230, 150, 310, 287, 413, 416, 325, 382, 431, 553, 440, 513, 478, 596, 592, 537, 611, 631, 545, 536, 520, 570, 686, 623, 565, 719, 676, 655, 827, 695, 773, 667, 812, 799, 758, 834, 895]
y_MOEAD_NFTS=[914, 929, 903, 875, 885, 817, 732, 741, 692, 556, 173, 660, 722, 172, 728, 507, 263, 265, 317, 795, 878, 906, 914, 125, 782, 129, 402, 677, 159, 443, 642, 103, 314, 344, 264, 307, 495, 585, 598, 646, 762, 829, 219, 172, 538, 716, 506, 553, 816, 867, 501, 549, 592, 808, 798, 395, 523, 672, 755, 294, 396, 490, 644, 657, 700, 729, 734, 319, 277, 452, 686, 161, 387, 627, 147, 385, 475, 564, 111, 428, 518, 310, 295]
z_MOEAD_NFTS=[177, 161, 138, 140, 115, 135, 260, 430, 476, 467, 662, 407, 315, 587, 260, 373, 726, 720, 654, 446, 267, 208, 111, 620, 235, 597, 546, 335, 554, 250, 269, 591, 321, 292, 757, 709, 654, 609, 583, 527, 461, 314, 737, 818, 636, 464, 613, 610, 187, 112, 605, 588, 547, 258, 237, 568, 550, 368, 247, 612, 566, 467, 353, 345, 331, 258, 254, 591, 581, 501, 307, 548, 443, 239, 563, 490, 226, 365, 573, 255, 178, 471, 306]
----Iteration 9----
x_MOEAD_NFTS=[371, 191, 213, 151, 232, 375, 430, 450, 467, 539, 156, 379, 461, 392, 555, 470, 586, 606, 540, 623, 546, 622, 360, 116, 94, 124, 175, 344, 217, 284, 365, 376, 489, 421, 588, 535, 564, 665, 670, 636, 358, 379, 256, 308, 338, 479, 219, 308, 305, 370, 358, 559, 530, 584, 577, 586, 635, 650, 680, 622, 693, 671, 232, 143, 196, 270, 141, 303, 457, 430, 225, 385, 318, 369, 491, 456, 430, 613, 575, 479, 493, 414, 445, 545, 510, 598, 620, 617, 631, 627, 674, 731, 764, 715, 698]
y_MOEAD_NFTS=[488, 730, 677, 725, 712, 698, 516, 263, 488, 503, 733, 690, 319, 694, 295, 432, 448, 414, 483, 311, 441, 347, 302, 706, 794, 684, 757, 741, 675, 680, 734, 677, 286, 402, 180, 383, 244, 475, 434, 342, 349, 292, 350, 783, 755, 393, 476, 654, 679, 521, 570, 296, 421, 200, 333, 415, 530, 576, 521, 183, 445, 535, 423, 537, 567, 657, 725, 818, 249, 383, 425, 567, 620, 708, 238, 358, 469, 81, 376, 431, 475, 549, 663, 415, 578, 654, 236, 410, 592, 297, 381, 555, 523, 435, 404]
z_MOEAD_NFTS=[415, 94, 254, 280, 242, 39, 382, 681, 386, 379, 253, 116, 648, 91, 583, 455, 395, 426, 414, 540, 423, 502, 684, 376, 238, 337, 211, 15, 397, 172, 40, 128, 651, 553, 662, 542, 621, 390, 411, 481, 714, 708, 696, 80, 76, 556, 556, 333, 164, 416, 386, 572, 425, 614, 564, 504, 334, 317, 373, 579, 402, 295, 627, 512, 466, 413, 287, 75, 700, 639, 637, 399, 394, 112, 631, 660, 471, 660, 567, 511, 437, 389, 146, 540, 328, 326, 576, 491, 309, 516, 424, 191, 243, 401, 423]
----End of Run----
