----Iteration 0----
x_MOEAD_NFTS=[407, 332, 307, 554, 536, 576, 625, 731, 974, 494, 367, 357, 330, 503, 310, 335, 640, 521, 370, 414, 664, 545, 468, 495, 501, 531, 714, 573, 580, 579, 632, 592, 742, 771, 765, 688, 749, 794, 826, 808, 848, 810, 927, 936, 860, 922, 860, 885, 880, 882]
y_MOEAD_NFTS=[1247, 1335, 1412, 1425, 967, 880, 1299, 1284, 757, 1166, 1150, 1295, 1320, 1299, 1480, 1488, 815, 1083, 1418, 1409, 816, 1194, 1276, 1278, 1306, 1417, 775, 969, 1138, 1275, 1295, 987, 1248, 778, 787, 1118, 1142, 763, 864, 1178, 715, 1173, 717, 854, 1146, 811, 862, 843, 1042, 966]
z_MOEAD_NFTS=[1223, 978, 993, 814, 1340, 1338, 632, 752, 1056, 1330, 1497, 1295, 1251, 1183, 941, 843, 1424, 1399, 957, 952, 1374, 1289, 1210, 1187, 1093, 922, 1434, 1285, 1239, 980, 664, 1265, 896, 1239, 1195, 1125, 938, 1242, 1132, 821, 1219, 873, 1148, 1083, 850, 1091, 1061, 1188, 787, 803]
----Iteration 1----
x_MOEAD_NFTS=[876, 852, 859, 901, 880, 878, 922, 467, 395, 489, 386, 521, 648, 568, 654, 640, 579, 686, 597, 759, 760, 832, 773, 800, 791, 844, 951, 1010, 1042]
y_MOEAD_NFTS=[885, 842, 891, 845, 836, 918, 946, 834, 1015, 834, 1219, 883, 946, 874, 929, 979, 1022, 906, 998, 855, 825, 880, 822, 899, 1102, 938, 996, 924, 807]
z_MOEAD_NFTS=[1161, 1207, 1139, 1164, 1205, 1119, 751, 1437, 1372, 1435, 1503, 1411, 1393, 1401, 1389, 1362, 1334, 1393, 1255, 1365, 1364, 1324, 1401, 1283, 1220, 1201, 696, 1078, 1065]
----Iteration 2----
x_MOEAD_NFTS=[1187, 772, 1015, 1179, 1109, 1169, 1146, 1140, 1153, 1191, 425, 542, 542, 737, 757, 819, 1056, 879, 1075, 1176, 1153, 1156, 1164, 315, 469, 683, 413, 479, 702, 537, 495, 879, 852, 685, 960, 721, 830, 967, 819, 990, 919, 956, 1059, 1104, 989, 1148, 1030, 1121, 1148, 1186, 1159, 1219]
y_MOEAD_NFTS=[1159, 701, 1243, 1088, 1221, 1109, 1107, 1200, 1173, 678, 1240, 650, 972, 668, 720, 675, 1230, 813, 767, 1015, 1167, 721, 1079, 931, 1238, 1259, 738, 1123, 1294, 688, 1225, 1257, 1358, 597, 661, 1090, 1274, 1284, 989, 1333, 696, 679, 1237, 1227, 760, 1220, 725, 1144, 955, 1154, 1105, 1113]
z_MOEAD_NFTS=[627, 1225, 484, 791, 559, 796, 818, 673, 735, 922, 1314, 1352, 1293, 1261, 1250, 1225, 565, 1168, 1090, 838, 790, 964, 862, 1488, 1327, 1279, 1461, 1429, 1222, 1382, 1289, 1004, 868, 1308, 1213, 1254, 982, 915, 1180, 898, 1215, 1155, 528, 514, 1099, 636, 1097, 838, 1058, 708, 799, 672]
----Iteration 3----
x_MOEAD_NFTS=[26, 542, 700, 152, 373, 426, 512, 527, 642, 717, 785, 973, 122, 64, 193, 374, 199, 240, 510, 350, 246, 400, 543, 506, 679, 677, 941, 896, 920, 934, 966, 275, -2, 196, 154, 54, 216, 219, 412, 547, 414, 390, 446, 340, 601, 474, 518, 491, 645, 619, 567, 619, 692, 646, 689, 808, 697, 871, 713, 727, 847, 813, 796, 882, 894, 904, 943, 935, 1059, 967, 1007]
y_MOEAD_NFTS=[1129, 1103, 1025, 1365, 1305, 1254, 1301, 952, 1107, 1056, 1040, 921, 1248, 1261, 1327, 879, 1285, 1311, 1360, 1084, 1317, 1296, 1348, 902, 1138, 1103, 961, 944, 1015, 928, 947, 935, 1072, 1203, 1231, 1252, 1260, 1434, 1389, 1409, 873, 1105, 1197, 1256, 1379, 934, 969, 1241, 1355, 814, 1187, 1271, 1291, 808, 929, 1008, 1209, 962, 1242, 1225, 1002, 972, 1171, 852, 920, 1020, 1238, 849, 1226, 825, 881]
z_MOEAD_NFTS=[1508, 1327, 923, 1154, 1175, 1078, 892, 1353, 923, 869, 881, 1030, 1420, 1330, 1263, 1540, 1306, 1238, 926, 1519, 1189, 1125, 890, 1412, 872, 956, 999, 1180, 921, 1063, 954, 1566, 1531, 1501, 1507, 1441, 1368, 1132, 1095, 816, 1497, 1465, 1421, 1262, 814, 1438, 1393, 1411, 880, 1416, 1280, 1061, 831, 1575, 1411, 1265, 820, 1282, 782, 765, 1278, 1308, 864, 1406, 1368, 1147, 641, 1324, 759, 1280, 1053]
----Iteration 4----
x_MOEAD_NFTS=[-2, 54, 837, 915, 949, 689, 787, 833, 963, 954, 227, 535, 349, 292, 524, 525, 454, 352, 463, 686, 603, 589, 686, 705, 635, 717, 670, 755, 848, 757, 732, 824, 904, 913, 926, 919, 1028, 1062, 1130]
y_MOEAD_NFTS=[965, 996, 1235, 1252, 1220, 1379, 1238, 1159, 1268, 1152, 1200, 1347, 1411, 1466, 1390, 1354, 1036, 1158, 1463, 1039, 1315, 1383, 1386, 1061, 1283, 1350, 1525, 1305, 1373, 1061, 1386, 1076, 1231, 1363, 1218, 1280, 1027, 1112, 1107]
z_MOEAD_NFTS=[1623, 1606, 1081, 915, 914, 1245, 1129, 1362, 911, 1124, 1577, 1477, 1334, 1300, 1495, 1511, 1528, 1603, 1154, 1467, 1518, 1351, 1313, 1443, 1492, 1328, 1105, 1398, 805, 1399, 1197, 1384, 1228, 911, 1218, 894, 1110, 1027, 1020]
----Iteration 5----
x_MOEAD_NFTS=[1074, 1078, 999, 964, 879, 1080, 1091, 1067, 737, 845, 756, 830, 857, 854, 1033, 960, 1058, 1057, 1134, 506, 484, 362, 411, 642, 697, 1001, 649, 667, 657, 835, 948, 996, 710, 731, 826, 915, 983, 851, 935, 1047, 863, 1013, 1053, 942, 977, 1063, 1205, 1226, 1277]
y_MOEAD_NFTS=[728, 702, 777, 805, 735, 818, 672, 550, 827, 911, 319, 365, 382, 703, 770, 655, 868, 894, 760, 555, 839, 948, 949, 944, 846, 883, 872, 778, 780, 814, 833, 887, 800, 564, 308, 690, 950, 689, 657, 763, 216, 652, 845, 290, 379, 820, 531, 733, 718]
z_MOEAD_NFTS=[619, 585, 867, 881, 1033, 567, 570, 904, 1166, 743, 1367, 1352, 1304, 1086, 956, 1127, 632, 673, 525, 1600, 1632, 1247, 1091, 1590, 1273, 780, 1557, 1442, 1401, 1244, 1017, 863, 1396, 1354, 1417, 1282, 617, 1350, 1236, 1025, 1297, 1174, 823, 1285, 1275, 847, 1047, 550, 549]
----Iteration 6----
x_MOEAD_NFTS=[244, 286, 305, 320, 751, 769, 704, 832, 791, 438, 527, 617, 740, 603, 546, 695, 757, 849, 1270, 1272, 1255, 356, 460, 478, 289, 269, 425, 675, 680, 649, 480, 413, 605, 691, 1041, 974, 689, 687, 715, 708, 1003, 833, 950, 971, 1026, 1077, 1029, 1115, 1173, 1187, 1244, 1127, 1186, 1245, 1218, 1248]
y_MOEAD_NFTS=[910, 1419, 1444, 1387, 1067, 1076, 1230, 1072, 1194, 1409, 1272, 1311, 1021, 1146, 1186, 1286, 945, 1049, 1163, 1147, 1181, 1215, 1269, 1314, 1372, 1452, 1507, 1465, 836, 1126, 1205, 1514, 1393, 1460, 749, 772, 987, 1130, 1216, 1323, 799, 1156, 1324, 899, 1304, 914, 1298, 792, 877, 1057, 1224, 1271, 1191, 1139, 1149, 1188]
z_MOEAD_NFTS=[1642, 1115, 1090, 1114, 1371, 1357, 1142, 1330, 1135, 1069, 1240, 1211, 1406, 1339, 1268, 1146, 1406, 1379, 1209, 1286, 1116, 1635, 1574, 1553, 1231, 1153, 922, 948, 1610, 1544, 1588, 1009, 978, 932, 1515, 1497, 1519, 1476, 1257, 970, 1488, 1288, 770, 1566, 813, 1432, 748, 1467, 1417, 1376, 1134, 1129, 1242, 1325, 1289, 1223]
----Iteration 7----
x_MOEAD_NFTS=[565, 558, 602, 638, 308, 531, 541, 576, 585, 585, 629, 545, 694, 641, 598, 728, 776, 948, 937, 1051, 1087, 1067, 544, 450, 503, 302, 321, 482, 478, 524, 499, 495, 555, 582, 418, 539, 578, 642, 628, 601, 758, 647, 623, 886, 835, 732, 860, 851, 877, 980, 996, 948, 1034, 1036, 1059, 1030, 1028, 1094]
y_MOEAD_NFTS=[965, 778, 800, 900, 1024, 1291, 1302, 839, 1190, 772, 742, 972, 740, 852, 941, 870, 851, 778, 1001, 819, 991, 807, 958, 970, 998, 1074, 1099, 1295, 1299, 1304, 1344, 1393, 951, 740, 1087, 1267, 1278, 624, 740, 1236, 1256, 677, 891, 1222, 1235, 868, 1169, 1212, 1121, 751, 739, 1183, 835, 988, 749, 949, 1002, 793]
z_MOEAD_NFTS=[1214, 1369, 1312, 1201, 1346, 1203, 1133, 1339, 1083, 1321, 1334, 1186, 1259, 1238, 1229, 1163, 1199, 1183, 905, 998, 810, 1037, 1454, 1419, 1384, 1325, 1300, 1257, 1254, 1172, 1169, 1125, 1502, 1433, 1310, 1245, 1160, 1382, 1338, 1018, 993, 1308, 1259, 1011, 992, 1188, 1015, 1013, 1143, 1233, 1272, 796, 1024, 887, 1214, 1009, 843, 1167]
----Iteration 8----
x_MOEAD_NFTS=[432, 100, 136, 235, 127, 186, 198, 289, 446, 495, 421, 375, 55, 682, 270, 325, 664, 889, 783, 1066, 413, 398, -87, 319, 526, 578, 446, 382, 577, 616, 821, 868, 847, 1040, 840, 917, 1050, 1223, 967, 1123, 1170, 1236, 1323, 1235, 1191, 1228, 1368, 1622, 1397, 1511, 1472, 1592, 328, 357, -119, 533, 75, 523, 494, 433, 566, 549, 604, 640, 1145, 1003, 1135, 932, 929, 1122, 1187, 1187, 1162, 1205, 1172, 1194, 1294, 1296, 1204, 1271, 1462, 1606, 1605, 1498, 1606, 1623]
y_MOEAD_NFTS=[833, 1007, 985, 884, 872, 924, 983, 980, 814, 834, 911, 218, 1020, 660, 932, 982, 591, 720, 777, 781, 158, 401, 991, 309, 809, 967, 195, 590, 729, 392, 655, 679, 762, 848, 256, 701, 851, 292, 681, 642, 639, 128, 484, 577, 634, 267, 420, 348, 383, 355, 361, 295, 177, 263, 1006, 706, 990, 97, 337, 388, 810, 895, 921, 355, 430, 897, 245, 656, 663, 780, 382, 421, 753, 169, 576, 474, 289, 335, 586, 161, 246, 453, 368, 192, 105, 305]
z_MOEAD_NFTS=[876, 961, 997, 927, 1071, 976, 964, 861, 880, 865, 859, 1541, 1037, 1135, 898, 827, 1208, 1027, 891, 522, 1667, 1500, 1121, 1524, 1198, 614, 1665, 1391, 1197, 1400, 1199, 1084, 999, 588, 1467, 911, 549, 1299, 942, 998, 418, 1328, 761, 608, 352, 1299, 833, 573, 827, 714, 701, 696, 1749, 1541, 1166, 1372, 971, 1578, 1523, 1457, 1129, 782, 565, 1519, 1373, 538, 1457, 1102, 1058, 593, 1404, 1396, 511, 1324, 812, 1357, 1259, 997, 624, 1292, 1068, 454, 664, 1055, 942, 647]
----Iteration 9----
x_MOEAD_NFTS=[701, 813, 680, 1185, 666, 651, 540, 724, 876, 988, 904, 937, 971, 973, 1059, 1022, 1074, 1195, 1228, 342, 529, 470, 198, 352, 659, 529, 358, 447, 407, 623, 837, 813, 809, 782, 842, 884, 846, 961, 933, 903, 867, 1021, 994, 923, 950, 1012, 1159, 1151, 1192, 98, 366, 269, 287, 260, 263, 726, 615, 595, 692, 617, 534, 678, 641, 750, 813, 774, 744, 756, 894, 919, 879, 1003, 937, 930, 964, 1067, 1019, 1155, 1288, 1127, 1132, 1227]
y_MOEAD_NFTS=[930, 960, 965, 821, 994, 1008, 1168, 882, 742, 602, 742, 838, 966, 663, 856, 634, 826, 695, 799, 1197, 905, 912, 1114, 1208, 964, 1129, 1196, 1158, 1181, 1051, 752, 891, 1028, 1078, 723, 709, 929, 613, 691, 819, 882, 942, 647, 923, 987, 611, 665, 833, 669, 1189, 1187, 1216, 1288, 1301, 1323, 741, 1046, 1265, 841, 1011, 1110, 972, 1105, 774, 698, 727, 850, 1019, 657, 640, 1022, 659, 757, 672, 671, 924, 959, 717, 733, 686, 899, 659]
z_MOEAD_NFTS=[897, 183, 871, 311, 971, 900, 483, 1082, 1023, 916, 857, 509, -12, 928, 492, 864, 540, 635, 308, 1176, 1292, 1256, 1232, 1023, 1196, 1152, 944, 975, 970, 895, 1035, 1042, 573, 607, 1064, 991, 999, 989, 928, 981, 816, 403, 909, 569, -4, 874, 723, 318, 705, 1312, 1217, 1174, 1153, 1130, 1049, 1387, 1228, 412, 1298, 1211, 1072, 1184, 721, 1202, 1251, 1237, 1168, 630, 1121, 1096, 146, 891, 694, 1016, 917, 463, 359, 768, 511, 773, 462, 738]
----End of Run----
