----Iteration 0----
duplicated=0.0,7.0,6.0,7.0,4.0,2.0,6.0,4.0,5.0,8.0
memory=152.40234375,152.91796875,152.91796875,154.20703125,156.26953125,159.10546875,160.91015625,163.74609375,165.80859375,168.38671875
time=1.734602451324463,1.6984660625457764,2.0891971588134766,1.8075623512268066,1.9559357166290283,2.1713056564331055,2.3619956970214844,2.683269739151001,2.731865882873535,3.117117404937744
----Iteration 1----
duplicated=0.0,4.0,2.0,3.0,4.0,7.0,1.0,6.0,9.0,3.0
memory=152.40234375,152.91796875,153.17578125,154.20703125,157.04296875,159.10546875,161.42578125,163.74609375,166.32421875,168.64453125
time=1.7709252834320068,1.897207498550415,2.108463764190674,1.9137051105499268,1.962681531906128,2.019984006881714,2.837597608566284,2.76638126373291,2.6174755096435547,2.8762152194976807
----Iteration 2----
duplicated=1.0,3.0,2.0,3.0,4.0,10.0,6.0,6.0,12.0,10.0
memory=152.66015625,152.91796875,153.17578125,154.72265625,157.04296875,159.10546875,161.94140625,164.26171875,166.58203125,169.41796875
time=1.89980149269104,2.0033750534057617,1.8625891208648682,2.1557910442352295,2.0238759517669678,2.3805344104766846,2.5697250366210938,2.7394001483917236,3.0400893688201904,3.8670308589935303
----Iteration 3----
duplicated=0.0,4.0,2.0,8.0,5.0,4.0,3.0,5.0,4.0,7.0
memory=170.70703125,170.96484375,170.96484375,170.96484375,171.99609375,173.02734375,174.31640625,175.86328125,176.89453125,178.44140625
time=1.8810923099517822,2.1849205493927,2.254380226135254,2.5605649948120117,2.430953025817871,2.4147255420684814,2.4744863510131836,2.5904176235198975,2.682751178741455,3.05324125289917
----Iteration 4----
duplicated=0.0,4.0,5.0,6.0,3.0,2.0,7.0,10.0,5.0,4.0
memory=170.96484375,170.96484375,170.96484375,171.22265625,171.99609375,173.28515625,174.83203125,176.12109375,177.66796875,179.21484375
time=2.19992733001709,2.244580030441284,2.4933252334594727,2.2367794513702393,2.5399351119995117,2.423896312713623,2.639796733856201,2.643319845199585,3.429288864135742,3.697411298751831
----Iteration 5----
duplicated=0.0,3.0,6.0,5.0,9.0,4.0,5.0,4.0,10.0,3.0
memory=179.21484375,179.21484375,179.21484375,179.21484375,179.47265625,179.73046875,180.50390625,181.53515625,182.56640625,183.59765625
time=1.7273786067962646,2.378058433532715,2.311723232269287,2.4377381801605225,2.753274917602539,2.5362141132354736,2.7311434745788574,2.962034225463867,4.8429296016693115,3.6246955394744873
----Iteration 6----
duplicated=0.0,6.0,1.0,6.0,5.0,7.0,6.0,6.0,9.0,7.0
memory=179.21484375,179.21484375,179.21484375,179.47265625,179.73046875,179.98828125,181.01953125,181.79296875,182.82421875,183.85546875
time=2.1414573192596436,2.176750421524048,2.169473886489868,2.6044437885284424,2.7420389652252197,2.2857961654663086,2.9812989234924316,3.1075122356414795,4.740032196044922,3.283453941345215
----Iteration 7----
duplicated=0.0,3.0,5.0,4.0,6.0,7.0,7.0,3.0,2.0,10.0
memory=179.21484375,179.21484375,179.21484375,179.47265625,179.73046875,180.24609375,181.01953125,182.05078125,183.08203125,184.37109375
time=2.4409823417663574,2.0929181575775146,2.3614635467529297,2.433544874191284,2.5577540397644043,2.5867626667022705,2.8392598628997803,3.3440093994140625,4.4269397258758545,4.230611324310303
----Iteration 8----
duplicated=0.0,6.0,4.0,7.0,8.0,3.0,3.0,10.0,4.0,4.0
memory=179.42578125,179.42578125,179.42578125,179.42578125,179.42578125,179.42578125,180.1953125,181.484375,182.2578125,183.8046875
time=1.5274126529693604,1.7417616844177246,2.185713052749634,1.9112367630004883,2.087113857269287,2.241161584854126,2.3967199325561523,2.366154670715332,2.461653709411621,2.7705788612365723
----Iteration 9----
duplicated=0.0,1.0,6.0,5.0,5.0,6.0,5.0,8.0,6.0,5.0
memory=179.42578125,179.42578125,179.42578125,179.42578125,179.42578125,179.68359375,180.7109375,182.2578125,183.2890625,182.40625
time=1.6582539081573486,1.7936420440673828,2.299684762954712,1.7544047832489014,2.2988579273223877,2.449981451034546,2.6242904663085938,2.6661105155944824,2.2006804943084717,3.0287795066833496
