----Iteration 1----
x_MOEAD_NFTS=[1791, 1804, 1763, 1786, 1824, 1975, 1905, 1652, 1839, 1820, 1764, 1819, 1947, 1939, 1242, 1373, 1275, 1553, 1249, 1366, 1427, 1247, 1651, 1480, 1520, 1572, 1792, 1413, 1437, 1903, 1720, 1784, 1702, 1785, 1813, 1800, 1902, 1916, 1962, 2026, 1971]
y_MOEAD_NFTS=[530, 513, 473, 633, 631, 368, 483, 19, 572, 317, 578, 582, 378, 199, -162, 314, 615, 687, -203, 317, 514, -216, 245, 169, 503, 541, 583, 100, 373, 622, 448, 701, 104, 403, 363, 334, 304, 275, 426, 174, 382]
z_MOEAD_NFTS=[1499, 1543, 1568, 1363, 1384, 1616, 1441, 2027, 1492, 1871, 1561, 1468, 1586, 1723, 2479, 2048, 1817, 1732, 2364, 2067, 1888, 2501, 2152, 2224, 1895, 1775, 1448, 2266, 2019, 1442, 1966, 1515, 2020, 1985, 1755, 1918, 1880, 1926, 1374, 1763, 1418]
----Iteration 0----
x_MOEAD_NFTS=[1238, 1376, 1203, 1507, 1010, 947, 912, 1299, 1264, 1531, 1479, 1486, 1525, 1525, 2102, 1034, 1030, 1153, 1070, 931, 942, 1381, 1139, 945, 1395, 1671, 1223, 1379, 1589, 1796, 1457, 1529, 1515, 1850, 1578, 1959, 1965, 2016, 1963, 2009, 2062, 2084, 2133, 2102, 2111, 2128]
y_MOEAD_NFTS=[888, 1081, 510, 807, 587, 666, 882, 694, 773, 641, 628, 976, 429, 815, 669, 715, 768, 795, 853, 927, 1090, 1132, 641, 1058, 1080, 238, 872, 1002, 1047, 437, 769, 818, 948, 746, 927, 580, 636, 1254, 731, 606, 748, 775, 894, 1169, 635, 650]
z_MOEAD_NFTS=[1766, 1640, 1975, 1687, 1995, 1980, 1823, 1856, 1911, 1854, 1967, 1530, 1891, 1656, 1627, 1965, 1941, 1861, 1886, 1811, 1767, 1610, 1966, 1767, 1596, 1887, 1856, 1757, 1518, 1877, 1717, 1613, 1547, 1761, 1543, 1864, 1823, 1423, 1825, 1830, 1719, 1716, 1610, 1506, 1677, 1665]
----Iteration 2----
x_MOEAD_NFTS=[2035, 2354, 2362, 2021, 1807, 2287, 2161, 2043, 2246, 2309, 1841, 2073, 2351, 2316, 2395, 2363, 2464, 2395, 2475, 2562, 2525, 2597, 2685]
y_MOEAD_NFTS=[540, 866, 827, 557, 850, 974, 228, 499, 934, 968, 884, 489, 927, 858, 570, 745, 580, 735, 745, 495, 545, 302, 289]
z_MOEAD_NFTS=[2078, 1691, 1658, 1995, 1787, 1647, 2062, 2107, 1706, 1572, 1746, 2103, 1735, 1740, 1927, 1951, 1901, 1926, 1761, 1993, 2049, 1850, 1654]
----Iteration 3----
x_MOEAD_NFTS=[1108, 1293, 1406, 1416, 1944, 1344, 1260, 1262, 1469, 1256, 1454, 1583, 1554, 1687, 1641, 1626, 1593, 1709, 1874, 1953, 1671, 1856, 1811, 1868, 1947, 1810, 1958, 1816, 1924, 2056, 1997, 1993, 2068]
y_MOEAD_NFTS=[846, 1080, 791, 1153, 1577, 1028, 1620, 1713, 708, 1654, 710, 1560, 1607, 1644, 1495, 828, 1318, 1592, 1568, 1650, 957, 1414, 1526, 1626, 1623, 1428, 1416, 1795, 1622, 1499, 1548, 1535, 1512]
z_MOEAD_NFTS=[2161, 2118, 2122, 2089, 1618, 2129, 2057, 1728, 2145, 1762, 2142, 2043, 1863, 1731, 1930, 2020, 2087, 1876, 1716, 1557, 1968, 1956, 1826, 1642, 1586, 1936, 1944, 1691, 1601, 1774, 1786, 1789, 1728]
----Iteration 4----
x_MOEAD_NFTS=[1714, 1774, 1150, 1255, 1285, 1336, 1549, 1427, 1767, 1730, 1744, 1773, 1939, 1924, 1349, 1330, 1267, 1578, 1453, 1507, 1418, 1508, 1480, 1230, 1245, 1667, 1450, 1272, 1578, 1470, 1512, 1583, 1639, 1497, 1631, 1650, 1697, 1700, 1662, 1685, 1702, 1699, 1773, 1765, 1870, 1884, 1907, 1957, 1920, 2004]
y_MOEAD_NFTS=[500, 426, 841, 503, 999, 547, 890, 989, 837, 457, 909, 864, 578, 589, 390, 550, 683, 772, 1299, 1324, 276, 445, 616, 763, 823, 1273, 235, 915, 1229, 606, 730, 1228, 637, 659, 631, 1137, 1025, 1090, 719, 604, 974, 474, 959, 493, 548, 909, 595, 585, 686, 548]
z_MOEAD_NFTS=[2299, 2247, 2355, 2663, 2217, 2616, 2239, 2163, 2227, 2320, 2181, 2198, 2170, 2179, 2713, 2643, 2454, 2321, 1867, 1860, 2723, 2687, 2514, 2434, 2345, 1981, 2743, 2336, 2058, 2585, 2423, 2091, 2446, 2466, 2463, 2109, 2137, 2094, 2442, 2365, 2203, 2341, 2074, 2284, 2244, 2076, 2211, 2165, 2090, 2122]
----Iteration 6----
x_MOEAD_NFTS=[1468, 1435, 1074, 1075, 1339, 1633, 1641, 1587, 1825, 2072, 2068, 2122, 2090, 2099]
y_MOEAD_NFTS=[1154, 1127, 1150, 1183, 851, 1147, 1120, 1174, 1114, 899, 921, 924, 882, 916]
z_MOEAD_NFTS=[2003, 2030, 2009, 2008, 2300, 1898, 1912, 1933, 2147, 2281, 2291, 2174, 2284, 2239]
----Iteration 5----
x_MOEAD_NFTS=[1023, 777, 983, 977, 1124, 1211, 1429, 1346, 1397, 1152, 1396, 1528, 1382, 1498, 1725, 1658, 1768, 922, 793, 878, 921, 1380, 617, 906, 830, 941, 1102, 1383, 1340, 1214, 1037, 1331, 1283, 1264, 1364, 1516, 1567, 1484, 1489, 1683, 1657, 1610, 1669, 1948, 2054, 1853, 1997, 2110, 2057, 1985]
y_MOEAD_NFTS=[727, 1643, 803, 1599, 1559, 1614, 1551, 1556, 229, 351, 1189, 1280, 1500, 1532, 1257, 1331, 730, 815, 1240, 1525, 1712, 340, 1361, 1550, 1627, 1677, 1724, 335, 636, 964, 1421, 1519, 1572, 1589, 1151, 1368, 118, 1323, 1467, 1099, 1131, 1518, 1445, 321, 664, 1288, 264, 1187, 1078, 606]
z_MOEAD_NFTS=[2089, 1808, 2132, 1636, 1534, 1429, 1234, 1224, 2134, 2314, 1855, 1716, 1446, 1198, 1325, 1325, 1707, 2157, 2101, 2076, 1789, 2214, 2104, 2047, 1877, 1775, 1571, 2197, 2123, 2058, 1909, 1829, 1363, 1296, 1875, 1733, 2048, 1749, 1282, 1895, 2000, 1267, 1250, 1949, 1863, 1257, 1950, 1603, 1613, 1884]
----Iteration 7----
x_MOEAD_NFTS=[2205, 2178, 1336, 1986, 2257, 2201, 1270, 1322, 1399, 1672, 2042, 1513, 2062, 2004, 1819, 2186, 2106, 2152, 2214, 2472, 2204, 2480, 2489, 1354, 1374, 1354, 1332, 1372, 1478, 1777, 1658, 1581, 1667, 1900, 2127, 2111, 1703, 1660, 1807, 1864, 1912, 2145, 2053, 1873, 1883, 1848, 2170, 1962, 2105, 2211, 2185, 2130, 2253, 2351, 2254, 2380, 2230, 2321, 2360, 2432, 2447, 2459, 2570]
y_MOEAD_NFTS=[570, 670, 259, 98, 644, 572, 315, 320, 577, 1073, 44, 196, 20, 227, 468, 149, 764, 690, 742, 443, 743, 466, 450, 614, 636, 800, 904, 883, 879, 1064, 1155, 235, 258, 1047, -43, -33, 496, 610, 824, 959, 1037, 3, 334, 807, 763, 891, 315, 735, 840, 802, 653, 811, 818, 224, 315, 202, 460, 651, 363, 501, 276, 424, 300]
z_MOEAD_NFTS=[1542, 1467, 2419, 2425, 1401, 1554, 2410, 2351, 2307, 1276, 2415, 2465, 2389, 2247, 2084, 2336, 1365, 1586, 1273, 1682, 1407, 1655, 1669, 2316, 2267, 2241, 2221, 2170, 2202, 1652, 1277, 2451, 2409, 1797, 2395, 2428, 2226, 2169, 2078, 1824, 1799, 2382, 2242, 2056, 2033, 1868, 2244, 1635, 1621, 1297, 1632, 1346, 1253, 2253, 2134, 2280, 1950, 1323, 2017, 1723, 2039, 1788, 1884]
----Iteration 8----
x_MOEAD_NFTS=[2349, 2385, 1896, 1733, 2258, 2154, 2275, 2256, 2280, 2309, 2381, 2309, 1908, 1881, 1819, 1880, 1937, 1962, 2190, 1684, 1748, 1807, 2010, 2038, 2200, 2295, 1984, 2265, 2175, 2289, 2302, 2303, 2202, 2324, 2522, 2420, 2444, 2493, 2510]
y_MOEAD_NFTS=[1202, 1190, 1290, 1265, 1118, 1248, 1067, 1140, 1182, 1041, 1132, 1154, 1234, 1237, 1300, 1318, 1143, 1139, 1293, 938, 999, 1058, 1252, 1287, 1132, 1180, 1190, 1253, 1117, 1209, 1136, 1238, 1050, 1154, 1052, 1148, 989, 1124, 1087]
z_MOEAD_NFTS=[1620, 1602, 1789, 2201, 2002, 2001, 2003, 2005, 1956, 1961, 1878, 1888, 2256, 2241, 1868, 1712, 2324, 2260, 1703, 2518, 2423, 2331, 2217, 1997, 2158, 1993, 2219, 1966, 2216, 1862, 1986, 1577, 2104, 1881, 1803, 1857, 1949, 1938, 1918]
----Iteration 9----
x_MOEAD_NFTS=[1832, 884, 993, 1238, 965, 1123, 1440, 1631, 1699, 1783, 1665, 1933, 2049, 1080, 950, 1105, 1175, 1392, 1438, 1362, 1431, 1466, 1508, 1673, 1565, 1693, 1926, 1959, 2040, 2044, 2160, 2214, 2131, 2180, 2180]
y_MOEAD_NFTS=[1432, 1489, 1515, 1542, 1428, 1454, 1514, 1446, 1457, 1454, 1488, 1128, 1232, 1152, 1523, 1597, 1471, 1546, 1536, 1410, 1554, 1465, 1477, 1299, 1451, 1268, 1045, 1416, 1031, 1408, 1278, 1279, 1395, 1290, 1243]
z_MOEAD_NFTS=[1299, 1995, 1962, 1787, 1968, 1911, 1744, 1473, 1455, 1410, 1375, 1792, 1763, 2048, 1979, 1759, 1909, 1750, 1762, 1880, 1727, 1749, 1488, 1986, 1578, 1992, 1986, 1508, 1826, 1703, 1709, 1607, 1761, 1672, 1695]
----End of Run----
