----Iteration 1----
duplicated=1.0,2.0,7.0,7.0,3.0,4.0,7.0,6.0,9.0,4.0
memory=152.66015625,152.91796875,153.17578125,155.23828125,157.30078125,159.87890625,162.19921875,164.26171875,167.35546875,169.67578125
time=1.9527995586395264,1.929600477218628,1.9756979942321777,2.1633710861206055,2.154404878616333,2.4183850288391113,2.7067723274230957,2.713287591934204,3.047485828399658,4.198205232620239
----Iteration 0----
duplicated=0.0,8.0,2.0,3.0,6.0,5.0,10.0,7.0,1.0,8.0
memory=152.91796875,152.91796875,153.17578125,155.23828125,157.81640625,160.13671875,162.19921875,165.29296875,167.87109375,169.67578125
time=2.022796869277954,1.9979169368743896,2.032011032104492,2.2026548385620117,2.2798891067504883,2.4872279167175293,2.5869572162628174,2.8375933170318604,2.9675214290618896,4.144888877868652
----Iteration 2----
duplicated=0.0,4.0,1.0,8.0,4.0,3.0,5.0,2.0,2.0,6.0
memory=170.70703125,170.96484375,170.96484375,170.96484375,171.48046875,173.02734375,174.31640625,175.86328125,176.89453125,178.95703125
time=1.7969510555267334,2.2028751373291016,2.2087242603302,2.7414302825927734,2.4173974990844727,2.4784364700317383,2.6131784915924072,2.806381940841675,2.829376697540283,3.5635550022125244
----Iteration 3----
duplicated=0.0,4.0,4.0,4.0,3.0,7.0,5.0,5.0,4.0,8.0
memory=170.96484375,170.96484375,170.96484375,171.48046875,171.99609375,173.28515625,174.83203125,176.12109375,177.66796875,179.21484375
time=2.0730538368225098,2.4114606380462646,2.4799869060516357,2.4152281284332275,2.306729555130005,2.4157474040985107,2.5182952880859375,2.8492491245269775,3.1263301372528076,3.610400438308716
----Iteration 4----
duplicated=0.0,1.0,5.0,3.0,4.0,3.0,8.0,8.0,7.0,6.0
memory=170.96484375,170.96484375,170.96484375,171.48046875,172.25390625,173.28515625,174.83203125,176.12109375,177.66796875,179.21484375
time=2.2197062969207764,2.2801408767700195,2.4758591651916504,2.3656468391418457,2.3646695613861084,2.34676456451416,2.525623321533203,2.825640916824341,2.8412013053894043,3.482717752456665
----Iteration 6----
duplicated=0.0,2.0,5.0,6.0,7.0,5.0,8.0,1.0,9.0,3.0
memory=179.21484375,179.21484375,179.21484375,179.47265625,179.73046875,180.24609375,181.01953125,182.05078125,182.82421875,184.37109375
time=2.261434555053711,2.3996002674102783,2.3509156703948975,2.4492404460906982,2.5659031867980957,2.545926094055176,2.8746166229248047,3.2743775844573975,4.491903066635132,4.425116300582886
----Iteration 5----
duplicated=1.0,3.0,7.0,6.0,7.0,2.0,5.0,5.0,6.0,2.0
memory=179.21484375,179.21484375,179.21484375,179.47265625,179.47265625,179.98828125,181.01953125,181.79296875,182.82421875,184.37109375
time=1.822618007659912,2.2634596824645996,2.5359463691711426,2.5537898540496826,2.7200489044189453,3.1520962715148926,2.8737170696258545,3.0382683277130127,4.806025981903076,4.353415012359619
----Iteration 7----
duplicated=0.0,1.0,3.0,5.0,7.0,8.0,1.0,1.0,9.0,3.0
memory=179.21484375,179.21484375,179.21484375,179.47265625,179.73046875,180.24609375,181.27734375,182.30859375,183.59765625,181.703125
time=2.1885082721710205,2.48003888130188,2.4827096462249756,2.6285674571990967,2.4907331466674805,2.728292226791382,3.0140368938446045,4.18742823600769,4.22498345375061,4.434525728225708
----Iteration 8----
duplicated=0.0,4.0,3.0,4.0,5.0,6.0,4.0,7.0,9.0,5.0
memory=179.42578125,179.42578125,179.42578125,179.42578125,179.42578125,179.42578125,180.7109375,182.0,183.03125,182.40625
time=1.5700187683105469,1.8181793689727783,2.1850860118865967,2.0062637329101562,2.212266206741333,2.539656162261963,2.426004648208618,2.5072546005249023,2.575089931488037,2.642970085144043
----Iteration 9----
duplicated=0.0,0.0,4.0,4.0,7.0,3.0,1.0,5.0,6.0,3.0
memory=179.42578125,179.42578125,179.42578125,179.42578125,179.42578125,179.68359375,180.7109375,182.2578125,183.2890625,182.40625
time=1.8844881057739258,1.7110207080841064,2.368943691253662,1.7874550819396973,2.207766056060791,2.545607566833496,2.44165301322937,2.828763246536255,2.338819742202759,2.527965545654297
