----Iteration 0----
duplicated=1.0,6.0,11.0,10.0,7.0,12.0,7.0,5.0,7.0,17.0
memory=152.66015625,152.91796875,152.91796875,154.20703125,156.78515625,159.10546875,161.42578125,163.74609375,166.32421875,168.90234375
time=2.018101692199707,1.7962911128997803,1.6253399848937988,1.994546890258789,2.0065407752990723,2.4955215454101562,2.308089017868042,2.972994327545166,2.971444845199585,3.229874610900879
----Iteration 2----
duplicated=0.0,4.0,11.0,5.0,7.0,8.0,6.0,9.0,5.0,7.0
memory=152.40234375,152.91796875,152.91796875,154.20703125,157.04296875,159.10546875,161.42578125,163.74609375,166.32421875,169.16015625
time=1.7350573539733887,1.8184726238250732,1.875192403793335,2.167633295059204,2.204037666320801,2.16426420211792,2.476170063018799,2.487271308898926,3.1396701335906982,4.059877872467041
----Iteration 1----
duplicated=1.0,6.0,5.0,13.0,6.0,4.0,4.0,14.0,10.0,7.0
memory=152.40234375,152.91796875,153.17578125,154.46484375,157.04296875,159.10546875,161.94140625,164.00390625,166.58203125,169.41796875
time=1.5751304626464844,2.0230610370635986,1.9872632026672363,2.201732873916626,2.103633403778076,2.229728937149048,2.5593228340148926,2.828835964202881,3.039569139480591,3.885737180709839
----Iteration 3----
duplicated=0.0,9.0,11.0,7.0,4.0,12.0,4.0,10.0,10.0,7.0
memory=170.70703125,170.96484375,170.96484375,170.96484375,171.48046875,172.51171875,174.05859375,175.34765625,176.89453125,178.18359375
time=1.7510430812835693,2.1387155055999756,2.2375376224517822,2.3619508743286133,2.28670072555542,2.357793092727661,2.6141014099121094,2.623586654663086,2.7267203330993652,3.0327117443084717
----Iteration 4----
duplicated=0.0,5.0,6.0,3.0,8.0,14.0,7.0,8.0,4.0,8.0
memory=170.96484375,170.96484375,170.96484375,171.22265625,171.99609375,173.28515625,174.57421875,176.12109375,177.41015625,178.95703125
time=2.2197606563568115,2.0053324699401855,2.3035430908203125,2.406165361404419,2.3153436183929443,2.412752866744995,2.633544683456421,2.622044086456299,2.902625799179077,3.630775213241577
----Iteration 5----
duplicated=0.0,0.0,3.0,6.0,7.0,5.0,5.0,15.0,11.0,14.0
memory=170.96484375,170.96484375,170.96484375,171.48046875,171.99609375,173.28515625,174.83203125,176.12109375,177.66796875,179.21484375
time=2.1170601844787598,2.232006311416626,2.1639723777770996,2.5800681114196777,2.192657232284546,2.508349895477295,2.743338108062744,2.7620744705200195,2.897020101547241,3.988901138305664
----Iteration 6----
duplicated=0.0,3.0,10.0,7.0,10.0,5.0,15.0,6.0,7.0,9.0
memory=179.21484375,179.21484375,179.21484375,179.47265625,179.73046875,179.98828125,181.01953125,181.79296875,182.82421875,184.11328125
time=2.029848337173462,2.378939628601074,2.4520840644836426,2.441403388977051,2.500389814376831,2.696190118789673,2.5713677406311035,2.9266457557678223,4.750097751617432,4.25000262260437
----Iteration 7----
duplicated=0.0,5.0,3.0,4.0,6.0,10.0,3.0,4.0,12.0,12.0
memory=179.21484375,179.21484375,179.21484375,179.47265625,179.73046875,180.24609375,181.27734375,182.30859375,183.33984375,181.4453125
time=2.283308506011963,2.363222599029541,2.357651472091675,2.7148149013519287,2.5740866661071777,2.68816876411438,2.9182534217834473,3.6424975395202637,4.3031346797943115,4.764377117156982
----Iteration 8----
duplicated=0.0,3.0,5.0,5.0,6.0,5.0,8.0,9.0,11.0,7.0
memory=179.42578125,179.42578125,179.42578125,179.42578125,179.42578125,179.42578125,179.9375,181.2265625,182.2578125,183.8046875
time=1.3547954559326172,1.7510559558868408,2.078667640686035,1.9252440929412842,1.8798785209655762,2.3943610191345215,2.390029191970825,2.3758187294006348,2.7489819526672363,2.365320920944214
----Iteration 9----
duplicated=0.0,6.0,3.0,5.0,6.0,8.0,15.0,6.0,10.0,10.0
memory=179.42578125,179.42578125,179.42578125,179.42578125,179.42578125,179.42578125,180.7109375,182.0,183.03125,181.890625
time=1.6397104263305664,1.629075050354004,2.24491810798645,1.7624998092651367,2.062145471572876,2.5522215366363525,2.35966420173645,2.8321733474731445,2.1456801891326904,2.6874728202819824
