----Iteration 0----
-102,117777;-195,175748;-247,286693;72,439623;369,762533;370,782502;394,808490;467,588366;455,513391;472,568317;
-102,117777;-343,-58794;93,473669;12,713571;52,381704;-24,455766;48,467691;43,519715;-11,898647;66,344681;107,402613;155,367592;372,841520;423,826550;447,823567;526,721526;
-24,455766;-11,898647;-4,161798;11,571760;-106,836734;-17,244771;-73,437784;-34,501766;99,240739;573,822652;488,886716;518,834737;595,822650;567,746673;622,825609;600,738638;600,777630;
11,571760;-106,836734;573,822652;488,886716;518,834737;595,822650;567,746673;622,825609;600,738638;600,777630;117,533849;-117,671784;-47,956694;91,495893;-104,694770;200,976391;152,498868;164,993411;213,447791;355,531751;281,923731;360,529777;438,902652;349,912680;469,432753;482,901646;491,432751;496,875654;547,760722;538,811674;567,864609;620,830604;572,701677;599,671699;613,737623;634,843529;651,807607;652,833495;
488,886716;547,760722;651,807607;652,833495;89,526888;183,580885;-91,874940;80,921913;24,1050679;192,1078478;213,1050497;253,1076376;289,693813;368,651880;320,1029768;378,973588;374,649829;480,498938;537,899712;656,455869;546,841742;641,920702;638,483825;669,545805;643,958684;779,556736;724,594801;735,575754;
488,886716;80,921913;368,651880;320,1029768;537,899712;546,841742;641,920702;643,958684;779,556736;318,573942;116,897936;20,986971;262,1245439;246,1257385;221,1132536;290,1214417;228,1294470;400,659876;386,656879;273,705945;318,984839;347,1092697;339,956866;550,499953;354,1125407;537,825769;397,935772;566,981635;543,1018693;680,462919;542,1100520;684,422901;643,1076589;629,811740;699,624893;652,1033532;728,619848;673,819707;662,1007495;720,812475;777,637846;732,720600;780,520707;
643,958684;116,897936;20,986971;228,1294470;273,705945;318,984839;339,956866;550,499953;643,1076589;777,637846;82,935991;15,1026905;239,1137690;181,1221658;295,1222529;91,919977;158,1013934;279,1270611;305,894944;333,1059804;560,1088710;470,617953;510,826943;533,1105756;500,1112789;555,1148530;350,1174494;623,4521024;416,928794;614,472956;705,648926;616,754815;595,1111599;569,1129575;691,1046636;623,1099659;765,659894;754,928773;696,949652;794,922761;
623,4521024;754,928773;794,922761;87,8961068;246,1219976;341,1228945;379,1264778;317,1290691;261,1322647;389,10951065;465,1174994;427,1249678;468,1107941;435,1216709;650,4221046;663,813959;523,1157866;504,1193711;709,804970;682,1126898;657,8501007;694,1171748;726,7141011;804,748981;715,1037706;828,666969;752,1033807;812,905711;825,731899;
754,928773;794,922761;663,813959;709,804970;657,8501007;752,1033807;812,905711;446,12411183;407,12471223;240,12541067;332,1335978;307,1412993;288,10901264;302,10571300;351,10361253;324,10781226;469,11151175;498,1367888;554,1425814;536,9671340;452,10531242;463,12251157;439,12461173;576,8801338;483,12241099;487,10821126;572,1182903;625,1299632;692,1038926;691,1129921;639,866968;696,1198886;803,7011089;731,1284752;974,7571056;889,773823;797,1014753;923,7621069;929,7511074;
407,12471223;332,1335978;307,1412993;554,1425814;536,9671340;576,8801338;625,1299632;731,1284752;974,7571056;494,11661330;367,11501497;357,12951295;330,13201251;503,12991183;310,1480941;335,1488843;640,8151424;521,10831399;370,1418957;414,1409952;664,8161374;545,11941289;468,12761210;495,12781187;501,13061093;531,1417922;714,7751434;573,9691285;580,11381239;579,1275980;632,1295664;592,9871265;742,1248896;771,7781239;765,7871195;688,11181125;749,1142938;794,7631242;826,8641132;808,1178821;848,7151219;810,1173873;927,7171148;936,8541083;860,1146850;922,8111091;860,8621061;885,8431188;880,1042787;882,966803;
----Iteration 1----
452,-238468;162,546617;388,321188;364,395113;41,339645;372,354194;353,398220;277,783543;351,-36400;513,250255;389,38168;508,252218;458,38524;370,-93382;544,164308;479,292278;541,21862;
452,-238468;162,546617;364,395113;277,783543;458,38524;498,-306492;530,-352537;433,-315557;362,562276;186,529623;81,340672;148,590582;354,578227;279,602293;328,594277;73,607724;106,326627;101,289670;355,542297;200,-20701;257,84574;322,567305;301,75569;346,55545;427,285380;476,371253;412,430111;585,230401;523,258415;482,329296;610,202431;551,234455;571,246452;637,210392;
277,783543;530,-352537;433,-315557;637,210392;-148,467905;-100,472888;-149,497911;56,797814;48,818825;88,795854;-58,348971;93,751848;273,631607;139,699780;144,742775;169,64765;323,618606;312,617683;568,450401;373,610750;424,28553;501,418486;488,446501;539,566346;503,269476;561,556425;602,177535;591,246476;573,377454;636,226478;601,294318;655,235376;
277,783543;373,610750;78,869919;115,870881;160,7011113;63,9621003;202,6791074;166,847933;202,6591141;345,774728;114,888724;266,792540;228,6121126;293,774821;356,741772;587,604513;494,744643;377,634660;527,660622;566,638561;607,301587;620,641506;662,377509;631,273548;700,372445;709,419436;690,95477;
78,869919;115,870881;63,9621003;166,847933;356,741772;620,641506;194,7581102;87,883900;121,906880;234,780994;264,820968;264,5661138;248,7061142;129,827937;307,7391034;389,6981024;303,779932;420,815697;181,836823;133,871844;481,6441043;435,783767;528,6931026;498,6701036;436,803736;576,6581005;543,6211066;498,791746;567,767738;575,761733;780,528872;749,633590;801,542830;784,519857;847,386573;
63,9621003;166,847933;194,7581102;248,7061142;435,783767;528,6931026;498,6701036;576,6581005;543,6211066;567,767738;575,761733;780,528872;749,633590;801,542830;784,519857;847,386573;177,5871184;305,7721047;129,8761156;172,1007923;272,5991145;225,8051100;289,6621119;340,6991071;347,8201022;251,841930;347,915890;449,6501048;468,5991068;461,7421037;426,7641045;393,871876;544,746770;455,848661;545,6561043;615,6171027;539,780736;508,824763;653,6341012;714,567819;692,724973;717,478901;768,453927;775,553872;728,641781;723,706581;798,617604;835,571650;832,410654;
692,724973;768,453927;156,8981290;195,8921303;206,9651276;340,10031181;342,10341052;392,10641051;510,8441242;319,9111234;448,9151136;353,10011096;417,10241054;436,984933;516,879984;535,894913;503,917768;471,932813;645,5941120;653,6641078;689,7901008;577,834955;561,871862;671,7451029;611,868814;719,6961071;667,794747;691,6651076;729,6541023;731,720622;804,636882;843,681815;777,699594;876,617837;889,599807;
206,9651276;448,9151136;436,984933;311,8581373;221,9711223;397,10931188;309,11251097;358,11281054;418,10321192;447,9391302;419,10021167;426,10671094;423,10821045;689,8881165;602,9121347;730,8501203;768,8841159;772,8641120;804,8081031;905,859691;791,9651018;843,846954;888,949660;836,794957;917,839861;852,745945;
311,8581373;397,10931188;309,11251097;358,11281054;418,10321192;447,9391302;419,10021167;426,10671094;423,10821045;602,9121347;791,9651018;888,949660;917,839861;238,9141412;258,9251377;225,10201324;235,10561295;327,10221268;321,10881260;434,9231352;374,10731214;555,8461396;566,9041358;356,9491370;388,10061203;670,7061360;604,8991322;454,9681218;538,1002938;650,1004821;473,10211105;689,8231314;637,8561251;707,8551245;834,9051184;700,9251113;775,8761225;789,8761213;819,9161188;876,8851161;852,8421207;859,8911139;883,910805;901,8451164;880,8361205;878,9181119;922,946751;
876,8851161;852,8421207;859,8911139;901,8451164;880,8361205;878,9181119;922,946751;467,8341437;395,10151372;489,8341435;386,12191503;521,8831411;648,9461393;568,8741401;654,9291389;640,9791362;579,10221334;686,9061393;597,9981255;759,8551365;760,8251364;832,8801324;773,8221401;800,8991283;791,11021220;844,9381201;951,996696;1010,9241078;1042,8071065;
----Iteration 2----
-650,297969;-196,421668;26,535573;-669,325795;-604,210770;-614,246783;-609,200774;62,513609;-112,176791;-94,183789;301,470599;96,310672;307,354566;318,257492;474,331467;659,587143;700,614110;
-650,297969;474,331467;659,587143;700,614110;-552,413953;-334,633627;-126,734622;-138,745583;-527,387895;-516,338909;-162,509737;-360,684758;-114,702577;-79,659580;46,433838;88,411799;215,588718;389,511623;496,559369;342,453657;376,554469;667,648113;586,689121;624,65479;620,658140;520,545348;639,528305;619,571242;542,512361;680,523303;671,625-11;
-360,684758;586,689121;-474,4691006;-461,492992;81,615810;-190,678778;-12,314982;62,235950;-34,381953;-323,410922;7,669754;402,861625;226,446894;493,827567;569,895540;415,476880;421,443836;429,433871;502,572762;654,679673;610,681660;696,637637;748,680450;638,650720;702,630646;761,669189;654,640681;739,650633;746,611628;
-474,4691006;402,861625;493,827567;569,895540;654,679673;638,650720;654,640681;-41,675826;85,731801;398,868632;411,835589;533,858548;-81,681887;111,2841026;98,4611222;135,6481004;134,705770;502,708712;533,819630;597,920524;545,590934;586,624729;515,475983;705,809660;598,890518;647,814502;546,517904;568,572903;557,588753;605,578846;757,828373;623,533800;678,582735;716,998327;806,652657;769,698623;734,584691;813,689618;
813,689618;193,7221288;78,815821;64,817792;63,889753;512,944714;608,774928;536,970702;366,7951235;429,3691063;445,839719;519,709962;594,5461004;577,571975;728,658941;967,1176465;811,810766;809,772784;1068,1108609;1075,1070565;
536,970702;594,5461004;371,8441310;454,957813;489,1001766;456,1075696;248,9571228;448,1156652;491,9191266;521,1058724;464,9421285;515,6691104;525,6271089;626,805966;702,830881;543,6301012;825,791979;657,688990;966,1208453;793,5241089;875,633902;886,660845;960,878844;1056,1095679;1118,1153617;1080,1121667;1104,1202601;
371,8441310;454,957813;248,9571228;491,9191266;464,9421285;515,6691104;525,6271089;825,791979;966,1208453;793,5241089;875,633902;960,878844;1056,1095679;1080,1121667;1104,1202601;254,9001371;289,8791323;260,9511180;530,1162788;652,1273597;544,1113804;688,1266587;643,1205746;797,4921092;545,7421088;694,8091015;563,9371028;1015,1072688;826,7341038;775,811948;996,1206481;781,927942;1076,1063730;939,952837;1122,1171654;1119,1195584;974,829860;1097,1041774;1187,1159627;1178,933690;
371,8441310;491,9191266;464,9421285;1104,1202601;254,9001371;652,1273597;688,1266587;643,1205746;563,9371028;826,7341038;781,927942;1187,1159627;331,8961399;453,10211276;267,11001241;209,11271269;310,9211360;515,5301293;284,10761200;514,1088986;576,4601275;772,7011225;642,8031189;524,978980;611,1203815;767,1236693;1015,1243484;673,8351066;722,8381030;998,1005852;820,5831179;846,6561163;781,765994;955,1025884;1031,7011033;1029,862985;1179,1088791;1109,1221559;1092,1122832;1169,1109796;1072,702950;1146,1107818;1140,1200673;1136,696940;1153,1173735;1191,678922;
1104,1202601;652,1273597;563,9371028;781,927942;1187,1159627;331,8961399;576,4601275;772,7011225;642,8031189;1015,1243484;673,8351066;722,8381030;820,5831179;955,1025884;1029,862985;1179,1088791;1109,1221559;1092,1122832;1169,1109796;1146,1107818;1140,1200673;1153,1173735;1191,678922;375,8331428;322,9371425;255,10811322;636,1306662;411,5681385;543,11901279;425,12401314;742,1269679;542,6501352;542,9721293;737,6681261;595,8751214;556,11681181;877,1252939;933,1261635;757,7201250;819,6751225;884,1217826;1056,1230565;879,8131168;903,5801157;1018,7141092;1050,1219614;1078,1215599;1075,7671090;1176,1015838;1153,1167790;1096,821888;1156,721964;1164,1079862;
1187,1159627;772,7011225;1015,1243484;1179,1088791;1109,1221559;1169,1109796;1146,1107818;1140,1200673;1153,1173735;1191,678922;425,12401314;542,6501352;542,9721293;737,6681261;757,7201250;819,6751225;1056,1230565;879,8131168;1075,7671090;1176,1015838;1153,1167790;1156,721964;1164,1079862;315,9311488;469,12381327;683,12591279;413,7381461;479,11231429;702,12941222;537,6881382;495,12251289;879,12571004;852,1358868;685,5971308;960,6611213;721,10901254;830,1274982;967,1284915;819,9891180;990,1333898;919,6961215;956,6791155;1059,1237528;1104,1227514;989,7601099;1148,1220636;1030,7251097;1121,1144838;1148,9551058;1186,1154708;1159,1105799;1219,1113672;
----Iteration 3----
-165,588832;-122,549703;157,675702;378,841675;384,809691;412,821667;422,847631;
-131,690860;-61,653864;103,631845;167,593876;150,609858;219,829738;306,772837;438,888697;415,865727;476,851727;561,817799;641,843735;670,815710;
438,888697;561,817799;-4,6491038;-68,5391094;-4,8021013;107,755947;-14,6361043;-24,7781028;132,7541018;79,8481000;357,973860;224,904904;365,868799;284,819913;517,809810;340,1097886;367,875762;632,815792;579,777821;759,830714;711,865735;682,918600;662,881721;698,870764;719,818791;746,835743;771,795746;
561,817799;517,809810;340,1097886;632,815792;579,777821;759,830714;711,865735;682,918600;662,881721;698,870764;719,818791;746,835743;771,795746;-119,4911217;-136,5171174;-80,4851230;90,11241062;3,4471172;23,11551141;-23,10961173;294,10841129;333,956906;375,9111072;517,949642;408,1069886;714,903555;468,1092875;623,775834;665,768842;643,848775;664,963591;647,799819;725,977509;804,756847;831,773799;777,962500;
632,815792;711,865735;682,918600;698,870764;719,818791;746,835743;294,10841129;375,9111072;623,775834;665,768842;647,799819;804,756847;831,773799;50,5391239;117,12191176;121,11751090;125,11531055;234,11451059;162,11401088;307,9501157;241,11081225;305,1105988;360,1176689;371,9311019;318,9481020;510,1067878;493,1111897;430,1098921;426,9281063;427,8381017;527,1061669;446,821959;575,842875;545,894864;531,969790;521,973938;544,756900;640,1008600;663,855791;847,991592;577,818866;611,786865;771,910732;805,813794;842,903704;876,800763;866,878716;
804,756847;831,773799;117,12191176;241,11081225;510,1067878;493,1111897;430,1098921;544,756900;847,991592;611,786865;842,903704;876,800763;866,878716;53,9751348;109,10911279;51,11351314;129,11181220;153,11741214;170,11801178;176,12141112;141,13091154;74,7851297;259,13231032;261,10681243;335,11291213;235,12171110;267,12201062;383,1224932;332,9971278;419,11611108;518,1114817;366,12031100;494,9411117;435,1004988;499,1045934;528,1108840;562,1112830;499,9361048;525,9741004;693,1012718;605,1035886;637,700893;738,1030613;784,983673;774,1008649;676,659915;695,776869;815,961835;887,767807;
804,756847;117,12191176;241,11081225;493,1111897;847,991592;842,903704;866,878716;153,11741214;170,11801178;176,12141112;141,13091154;259,13231032;335,11291213;235,12171110;267,12201062;419,11611108;366,12031100;562,1112830;738,1030613;784,983673;774,1008649;815,961835;175,8611377;6,11311479;26,11291508;149,11301378;75,11451466;68,11701328;9,12581282;32,10351472;18,12421268;323,1363996;190,8061430;111,8601431;123,9921427;105,11341413;323,12041142;392,1262945;218,8541358;421,1213886;416,1238886;410,11871133;550,1165850;435,9331343;640,1071934;702,1003844;542,11031327;630,1097918;700,1025923;751,998754;791,1025597;749,954855;749,794908;798,769918;771,806866;926,814816;824,755880;905,868744;
241,11081225;847,991592;170,11801178;259,13231032;335,11291213;419,11611108;562,1112830;815,961835;6,11311479;26,11291508;149,11301378;75,11451466;68,11701328;9,12581282;32,10351472;18,12421268;323,1363996;123,9921427;105,11341413;410,11871133;550,1165850;640,1071934;542,11031327;700,1025923;791,1025597;58,11821293;123,13151218;13,13191212;152,13651154;91,13661048;65,10081509;398,1359983;434,1345865;304,9521476;168,12221241;482,8941384;489,8961376;527,9131361;373,13051175;426,12541078;512,1301892;527,9521353;493,8861408;528,1176913;544,8091307;572,8161268;631,9421163;588,1145799;642,1107923;684,1083672;798,8951098;717,1056869;765,9611070;785,1040881;777,1077622;842,8871096;973,9211030;857,966616;794,1030589;
259,13231032;419,11611108;6,11311479;26,11291508;149,11301378;323,1363996;550,1165850;542,11031327;700,1025923;152,13651154;91,13661048;398,1359983;527,9131361;373,13051175;426,12541078;512,1301892;527,9521353;528,1176913;588,1145799;642,1107923;717,1056869;765,9611070;785,1040881;973,9211030;20,8971547;153,9181541;77,12291470;122,12481420;64,12611330;193,13271263;70,13711045;374,8791540;90,11541458;82,12071447;199,12851306;240,13111238;510,1360926;350,10841519;222,12101321;246,13171189;400,12961125;543,1348890;506,9021412;544,9231344;406,12011335;413,12371239;574,8731353;557,10921011;616,8511314;738,9681185;733,10001062;679,1138872;807,1152718;713,9301285;677,1103956;840,9131239;801,1167756;745,8101317;941,961999;841,1074624;896,9441180;905,8141165;920,1015921;934,9281063;966,947954;
26,11291508;542,11031327;700,1025923;152,13651154;373,13051175;426,12541078;512,1301892;527,9521353;642,1107923;717,1056869;785,1040881;973,9211030;122,12481420;64,12611330;193,13271263;374,8791540;199,12851306;240,13111238;510,1360926;350,10841519;246,13171189;400,12961125;543,1348890;506,9021412;679,1138872;677,1103956;941,961999;896,9441180;920,1015921;934,9281063;966,947954;275,9351566;-2,10721531;196,12031501;154,12311507;54,12521441;216,12601368;219,14341132;412,13891095;547,1409816;414,8731497;390,11051465;446,11971421;340,12561262;601,1379814;474,9341438;518,9691393;491,12411411;645,1355880;619,8141416;567,11871280;619,12711061;692,1291831;646,8081575;689,9291411;808,10081265;697,1209820;871,9621282;713,1242782;727,1225765;847,10021278;813,9721308;796,1171864;882,8521406;894,9201368;904,10201147;943,1238641;935,8491324;1059,1226759;967,8251280;1007,8811053;
----Iteration 4----
-63,81508;-349,95613;-110,134514;-484,517574;-121,132597;102,818372;196,-383459;5,727490;300,795179;47,-430520;172,-318494;159,-49484;265,900368;344,786174;164,-46483;283,852179;334,699212;398,662268;394,682307;436,636359;
-408,732920;-339,467884;-403,676895;-302,276855;-387,668771;54,579839;370,922762;441,978696;411,566737;465,771704;499,783502;506,699729;506,737553;
-387,9501010;-230,9241015;-338,6071151;-341,8141040;-299,1009980;-270,1009935;-159,8511009;-258,3931017;415,998878;225,1123414;414,996949;449,1042847;492,985978;486,1007855;521,959934;573,945962;556,958976;
492,985978;556,958976;36,1140616;46,1177586;218,9681035;-117,1181725;-35,1241627;-115,8191325;60,10081210;147,9281282;368,1080896;372,1134821;182,1161457;193,10031228;363,1099989;272,9501123;272,9111131;399,1109865;314,9431091;463,917990;422,1021964;421,1091890;452,1095773;492,1078869;447,1129846;488,993985;516,1089804;622,993945;671,978971;654,1014924;677,1006928;
492,985978;556,958976;218,9681035;147,9281282;372,1134821;363,1099989;272,9501123;314,9431091;492,1078869;447,1129846;488,993985;516,1089804;622,993945;671,978971;37,7661382;67,7531383;-138,11311197;-143,11531220;-230,11111278;106,7951359;144,10511346;-30,1308929;57,1247689;160,6871235;208,10481230;407,1188816;303,8261146;300,9211143;349,9561022;448,10691001;371,1115918;308,7991133;489,9131130;423,1127915;422,1155764;311,7601156;503,8761107;485,9371045;491,1097758;455,1114778;699,1043935;741,964961;743,907984;672,1068891;686,8641000;760,1005938;802,949830;
492,985978;488,993985;622,993945;144,10511346;208,10481230;407,1188816;699,1043935;672,1068891;760,1005938;95,9601429;-209,10901394;196,11531283;-130,13561001;55,8721571;90,9161524;-154,10721370;186,1434677;139,8911471;91,9361493;51,12431202;60,1224987;119,1430947;168,6961390;224,9981265;84,12051027;133,1383907;423,1267610;207,8181329;361,12021194;452,1263621;471,11511227;544,1150950;641,1176828;544,1119975;618,1181866;646,1232712;709,9371134;704,9271169;672,9481123;676,1160865;704,1246691;826,988977;900,1085880;927,1055902;858,9241050;945,1047831;
407,1188816;95,9601429;55,8721571;90,9161524;186,1434677;139,8911471;91,9361493;51,12431202;119,1430947;133,1383907;361,12021194;471,11511227;544,1150950;641,1176828;618,1181866;676,1160865;900,1085880;927,1055902;858,9241050;945,1047831;-2,9651623;12,10031546;38,11581504;-113,13611045;53,1457794;99,1463647;265,10801399;-70,13251101;190,1454653;87,8571526;218,8281493;101,9461484;263,10091420;86,13651042;239,1361955;562,10171344;361,11961306;526,1275646;414,1316552;594,10841294;726,1255698;597,10151350;783,9671216;831,1230715;739,10071261;786,10051158;769,1253779;735,10471330;758,10481226;839,11361058;869,1093978;915,1046946;929,1048874;
55,8721571;90,9161524;186,1434677;51,12431202;119,1430947;133,1383907;-2,9651623;12,10031546;38,11581504;-113,13611045;53,1457794;99,1463647;-70,13251101;190,1454653;87,8571526;86,13651042;239,1361955;414,1316552;739,10071261;735,10471330;54,9961606;-33,1421948;213,1474627;72,11021493;26,1473938;240,1439634;219,8191520;294,9581493;402,12201484;317,12381095;258,12781048;814,12041228;567,12311103;667,1295949;640,10571421;488,11591313;697,10611305;696,11001335;837,12351081;779,1289904;843,1284827;788,9951306;820,9651173;873,11741145;915,1252915;896,11281088;826,9531162;894,12141015;941,11011036;949,1220914;
55,8721571;119,1430947;133,1383907;-2,9651623;38,11581504;53,1457794;54,9961606;-33,1421948;26,1473938;402,12201484;814,12041228;640,10571421;837,12351081;779,1289904;843,1284827;873,11741145;915,1252915;894,12141015;949,1220914;43,10501544;273,12191494;424,12201432;687,13311253;331,12461465;267,10391566;713,12851204;537,1402867;272,1511707;299,10071540;316,11741488;516,1430809;579,10271458;544,1394831;680,8981409;693,11941301;689,13791245;696,13151239;827,1327802;712,9901388;706,12731224;776,9151364;787,12381129;833,11591362;906,10781145;963,1268911;954,11521124;
-2,9651623;54,9961606;837,12351081;915,1252915;949,1220914;689,13791245;787,12381129;833,11591362;963,1268911;954,11521124;227,12001577;535,13471477;349,14111334;292,14661300;524,13901495;525,13541511;454,10361528;352,11581603;463,14631154;686,10391467;603,13151518;589,13831351;686,13861313;705,10611443;635,12831492;717,13501328;670,15251105;755,13051398;848,1373805;757,10611399;732,13861197;824,10761384;904,12311228;913,1363911;926,12181218;919,1280894;1028,10271110;1062,11121027;1130,11071020;
----Iteration 5----
-275,64773;-247,103755;-311,120855;-124,68740;-264,80771;253,376724;66,511464;381,10769;378,25720;495,-43818;288,414713;508,84605;469,39681;433,65633;479,27716;470,-29863;
-311,120855;495,-43818;508,84605;469,39681;479,27716;470,-29863;-105,594601;-145,578693;-158,583722;-264,563757;-67,633478;-123,587603;290,96852;196,523622;461,-22832;484,-89853;385,357826;433,413801;419,446765;439,387763;495,-82826;470,-68871;521,18715;
-145,578693;-67,633478;433,413801;87,181024;70,341050;92,74999;-64,497978;-247,599817;-158,596854;-164,619713;63,629692;-210,661467;82,350988;129,-21001;-27,551968;207,465940;-155,581750;338,103936;105,398979;383,544703;323,570773;251,549863;260,516798;360,603687;438,34933;281,482883;417,534727;375,298875;412,407865;446,520790;531,-8872;413,204926;475,464774;566,416688;531,57786;696,76635;670,285758;525,507755;742,211626;690,260727;790,165626;
-67,633478;-247,599817;-158,596854;63,629692;-210,661467;-27,551968;207,465940;251,549863;438,34933;281,482883;412,407865;413,204926;-116,2641072;-130,2651115;-95,3091068;111,4961065;-54,506980;-35,569970;-3,651103;6,2371084;161,2001021;180,529979;423,590810;389,622811;370,1251017;411,3861013;439,58876;459,65864;546,589803;704,336835;680,407752;728,445721;564,468636;667,14911;755,462673;830,457716;709,345832;957,292612;967,300584;968,320553;
412,407865;423,590810;389,622811;411,3861013;546,589803;830,457716;957,292612;967,300584;968,320553;45,1131334;43,5481109;137,5091069;65,5391102;161,6091041;317,6241014;82,678677;7,1461317;302,6201040;356,6181027;386,672808;271,4071175;142,5331054;427,643765;288,3971138;296,3921111;514,507842;607,535836;626,547802;669,597701;535,2771190;695,257991;691,2561014;793,386877;814,466680;721,295947;869,451729;803,499711;725,269913;790,423810;895,287761;985,339510;953,314644;931,213724;994,271689;983,274636;
45,1131334;7,1461317;386,672808;535,2771190;65,1251331;185,4441234;367,756944;227,3611263;185,4341305;317,4731231;351,7601184;413,731796;362,6371036;501,658984;559,668913;595,705681;406,5661051;445,667993;576,732689;556,3691187;617,658854;753,3731163;740,3901130;864,2491058;991,681763;818,3601175;893,255984;989,636910;1012,651869;1020,655702;1074,728619;
367,756944;351,7601184;406,5661051;753,3731163;740,3901130;991,681763;818,3601175;989,636910;1012,651869;1020,655702;1074,728619;294,6731438;237,7341389;328,7331391;192,7051418;654,769708;186,3091454;349,7281394;394,6751063;594,2491260;547,3441222;486,5001193;624,710995;638,2701246;624,3191230;565,3941185;896,755763;705,3731213;883,755962;937,695766;953,694702;768,3141199;1025,612933;1038,595966;957,682865;887,5191101;1027,527987;1008,432992;1078,702585;1050,482979;
818,3601175;989,636910;1012,651869;1020,655702;1074,728619;328,7331391;349,7281394;638,2701246;705,3731213;883,755962;1025,612933;1038,595966;887,5191101;1027,527987;1078,702585;1050,482979;369,4981499;309,7321441;214,7601466;256,8121465;216,8631429;219,8581451;449,7751387;287,7811463;310,8211290;378,4611415;425,8021358;474,7151343;508,7121311;341,7251485;567,745990;501,5251329;627,4691277;515,6721289;546,6051199;620,7101075;999,777867;631,5471220;943,848678;846,3211239;964,805881;868,3481227;879,7351033;948,5361080;1080,818567;873,4431164;985,820839;971,4831087;1091,672570;1017,5481004;1067,550904;1065,466996;
1074,728619;883,755962;1038,595966;1027,527987;1078,702585;1050,482979;369,4981499;256,8121465;216,8631429;219,8581451;449,7751387;310,8211290;425,8021358;999,777867;964,805881;879,7351033;1080,818567;873,4431164;985,820839;971,4831087;1091,672570;1017,5481004;1067,550904;1065,466996;404,5211459;316,8021540;231,8541481;419,4921551;454,4641537;365,8051497;516,8391243;737,8271166;469,4451479;556,7471404;586,7391399;848,8301008;980,844706;583,7411356;605,7711290;845,911743;699,5381333;756,3191367;632,6951251;753,7561050;962,868773;830,3651352;857,3821304;860,6621179;854,7031086;1033,770956;868,5301278;960,6551127;1058,868632;875,2471252;1057,894673;1038,4831042;1062,680776;1134,760525;1071,4641015;
1074,728619;1078,702585;999,777867;964,805881;879,7351033;1080,818567;1091,672570;1067,550904;737,8271166;845,911743;756,3191367;830,3651352;857,3821304;854,7031086;1033,770956;960,6551127;1058,868632;1057,894673;1134,760525;506,5551600;484,8391632;362,9481247;411,9491091;642,9441590;697,8461273;1001,883780;649,8721557;667,7781442;657,7801401;835,8141244;948,8331017;996,887863;710,8001396;731,5641354;826,3081417;915,6901282;983,950617;851,6891350;935,6571236;1047,7631025;863,2161297;1013,6521174;1053,845823;942,2901285;977,3791275;1063,820847;1205,5311047;1226,733550;1277,718549;
----Iteration 6----
-97,677874;158,911708;146,917756;353,814620;177,803756;341,820668;329,829609;110,911758;181,831727;355,791560;417,716585;382,808512;417,771491;420,746518;
-97,677874;158,911708;146,917756;177,803756;110,911758;181,831727;417,716585;382,808512;417,771491;420,746518;111,925716;82,981526;-161,3811120;98,917806;202,763838;355,868701;334,904622;324,929598;309,782718;364,929469;414,926421;402,635961;310,649746;343,770711;359,855475;380,615997;413,646954;471,524928;419,829448;438,629982;452,632913;
111,1032781;59,1033732;300,989873;306,1006792;333,1023744;425,971998;397,987971;467,9581097;517,9411121;565,9061100;523,9481072;479,9631025;561,9321134;564,9421084;598,8831184;
561,9321134;598,8831184;-8,7141210;353,1095861;351,11031152;395,1070880;482,1078774;387,10621122;571,9651104;435,10101043;600,10401036;541,9701131;576,9171204;569,10081059;663,9311156;656,9051169;700,8961164;644,10321034;674,8581208;705,9531050;720,8561091;682,9981058;737,8471057;
351,11031152;576,9171204;663,9311156;656,9051169;700,8961164;644,10321034;674,8581208;720,8561091;682,9981058;737,8471057;362,12761078;522,10451243;606,9681200;587,11491131;618,12111093;604,10311159;661,9331164;576,12531129;783,9651055;752,1029945;877,10261043;
362,12761078;618,12111093;576,12531129;877,10261043;335,11981215;352,12211169;335,12571122;334,13091046;343,7491448;480,10681289;359,11831240;357,11771274;426,12601010;429,1255943;398,8141325;470,10801254;636,11651089;560,11051246;687,11101161;604,12321011;620,9871206;709,11621140;655,8981299;696,11401143;745,10261188;772,9251243;755,10891163;756,10931149;811,10221101;834,9731111;986,979910;837,10261090;847,9911084;949,932951;
362,12761078;576,12531129;877,10261043;335,12571122;334,13091046;480,10681289;357,11771274;687,11101161;709,11621140;696,11401143;986,979910;949,932951;295,9041633;196,10681436;312,8541590;304,11331398;375,12851042;386,1307936;344,8391545;385,7811509;240,9691536;412,11661293;462,12541169;348,7901512;463,9551440;439,10831336;650,12171099;623,12821038;692,11021177;645,12061254;698,11821078;795,10121345;809,10551208;837,10941181;800,8971427;763,10311304;862,11201040;882,9931283;879,10111045;1171,971868;1181,929853;
362,12761078;576,12531129;335,12571122;334,13091046;357,11771274;709,11621140;295,9041633;196,10681436;304,11331398;375,12851042;386,1307936;344,8391545;385,7811509;240,9691536;412,11661293;462,12541169;348,7901512;463,9551440;439,10831336;623,12821038;645,12061254;795,10121345;837,10941181;800,8971427;882,9931283;1171,971868;1181,929853;244,9101642;247,9161596;257,9421560;206,10461438;316,12541293;286,14191115;305,14441090;385,11581332;320,13871114;356,7961508;454,7421563;313,8611609;867,7831380;751,10671371;769,10761357;748,11481226;763,11601152;704,12301142;790,7771450;701,11801171;729,12081101;832,10721330;937,11441013;877,11841004;791,11941135;891,8121266;928,10851190;976,11431091;911,1162989;912,7651246;1008,11241132;927,1156978;1019,10441121;1098,11271103;1119,11081012;1150,1057997;
295,9041633;196,10681436;304,11331398;344,8391545;385,7811509;412,11661293;348,7901512;463,9551440;645,12061254;800,8971427;244,9101642;247,9161596;316,12541293;286,14191115;305,14441090;385,11581332;320,13871114;356,7961508;454,7421563;313,8611609;751,10671371;769,10761357;748,11481226;704,12301142;701,11801171;729,12081101;832,10721330;877,11841004;791,11941135;170,10121593;315,10651569;305,12211383;198,13041243;247,14261148;404,11311410;334,12841259;438,14091069;464,7681527;602,7671513;368,12251366;527,12721240;617,13111211;653,1353907;648,7211533;823,8231425;740,10211406;601,11231384;603,11461339;546,11861268;695,12861146;748,8051456;902,7481499;757,9451406;849,10491379;871,1237915;903,7251496;882,10711323;889,1227952;953,8011442;954,7921460;975,1217968;978,1232868;1070,8611380;1177,9151336;1270,11631209;1272,11471286;1255,11811116;
244,9101642;286,14191115;305,14441090;320,13871114;751,10671371;769,10761357;704,12301142;832,10721330;791,11941135;438,14091069;527,12721240;617,13111211;740,10211406;603,11461339;546,11861268;695,12861146;757,9451406;849,10491379;1270,11631209;1272,11471286;1255,11811116;356,12151635;460,12691574;478,13141553;289,13721231;269,14521153;425,1507922;675,1465948;680,8361610;649,11261544;480,12051588;413,15141009;605,1393978;691,1460932;1041,7491515;974,7721497;689,9871519;687,11301476;715,12161257;708,1323970;1003,7991488;833,11561288;950,1324770;971,8991566;1026,1304813;1077,9141432;1029,1298748;1115,7921467;1173,8771417;1187,10571376;1244,12241134;1127,12711129;1186,11911242;1245,11391325;1218,11491289;1248,11881223;
----Iteration 7----
-495,618386;-511,621375;-173,152713;-367,559560;-299,456680;-273,438704;-156,360660;-195,467667;116,378322;106,404359;163,426282;
-217,851461;-256,860515;-30,719706;-9,717648;-2,777621;-55,738781;184,623770;183,620795;184,662762;188,615832;
-55,738781;184,623770;183,620795;184,662762;188,615832;-235,915571;-23,747779;-99,833779;25,653810;-59,907775;77,830703;83,668783;101,626779;70,719804;23,794736;189,675703;48,903702;345,462859;84,796701;316,800681;300,752689;359,780649;372,829596;373,812588;
48,903702;-230,920803;23,941619;84,923667;-19,949779;143,886860;123,889785;155,857759;669,6221008;676,619973;488,6071039;367,844718;612,789900;499,6541002;599,5851054;706,560999;601,837912;632,6571000;719,607989;625,669934;
-230,920803;-19,949779;143,886860;123,889785;155,857759;488,6071039;599,5851054;601,837912;632,6571000;-248,989905;10,966749;86,901870;18,953771;129,979531;127,961570;89,980746;383,916722;497,697994;542,6661038;608,5181111;516,847906;726,6261027;734,729936;689,700965;699,833933;759,5701001;761,706917;
-248,989905;699,833933;73,3541175;93,3791163;-145,8041008;271,1017857;296,1034853;162,974901;308,1000892;709,6231084;412,959846;455,963737;704,6451107;667,7441140;678,7851062;626,954985;691,846999;735,841888;717,7411001;738,847842;667,865959;807,626999;808,782959;780,6861043;
296,1034853;308,1000892;667,7441140;678,7851062;691,846999;476,8681108;456,9231125;437,9551105;340,9801141;283,1038880;446,9891082;399,9871119;376,1023786;672,7081149;713,6771174;607,9101080;642,9311043;687,7751004;634,9861005;698,7611020;692,907984;750,6481179;758,6331124;780,7281070;754,7411003;849,8311001;795,7111096;851,869983;864,914958;890,862950;
691,846999;607,9101080;642,9311043;634,9861005;692,907984;849,8311001;851,869983;864,914958;890,862950;456,8821434;350,9611280;459,9541236;410,9701222;397,9871189;408,10341110;394,10831094;489,8601419;364,9121296;525,8361442;475,9421275;565,9651214;529,9911166;523,10131036;497,1029985;558,7781369;602,8001312;638,9001201;573,9751114;633,7331255;592,9201192;602,9931088;665,944917;684,1018839;695,6801239;871,8151116;760,8321035;739,6721237;726,7271237;823,929782;754,1013838;808,6821179;914,873936;736,7521191;953,893897;889,895949;
607,9101080;642,9311043;634,9861005;864,914958;890,862950;456,8821434;350,9611280;459,9541236;489,8601419;525,8361442;475,9421275;565,9651214;558,7781369;602,8001312;638,9001201;573,9751114;602,9931088;695,6801239;871,8151116;739,6721237;726,7271237;914,873936;953,893897;889,895949;393,9201442;438,9601414;399,9411434;339,9901302;308,10241346;517,11341212;552,8131423;502,11651230;531,12911203;541,13021133;576,8391339;585,11901083;585,7721321;629,7421334;545,9721186;753,1208952;694,7401259;641,8521238;598,9411229;753,1150959;796,1196920;881,7301229;728,8701163;774,8761094;738,1237975;840,8351137;862,9691037;831,1165930;776,8511199;962,7331191;948,7781183;937,1001905;1051,819998;1087,991810;1067,8071037;
565,9651214;558,7781369;602,8001312;638,9001201;308,10241346;531,12911203;541,13021133;576,8391339;585,11901083;585,7721321;629,7421334;545,9721186;694,7401259;641,8521238;598,9411229;728,8701163;776,8511199;948,7781183;937,1001905;1051,819998;1087,991810;1067,8071037;544,9581454;450,9701419;503,9981384;302,10741325;321,10991300;482,12951257;478,12991254;524,13041172;499,13441169;495,13931125;555,9511502;582,7401433;418,10871310;539,12671245;578,12781160;642,6241382;628,7401338;601,12361018;758,1256993;647,6771308;623,8911259;886,12221011;835,1235992;732,8681188;860,11691015;851,12121013;877,11211143;980,7511233;996,7391272;948,1183796;1034,8351024;1036,988887;1059,7491214;1030,9491009;1028,1002843;1094,7931167;
----Iteration 8----
-200,266696;-131,275653;-113,338650;-137,501694;25,69430;448,19606;-103,312613;512,-122662;736,-181403;646,90251;666,114236;
448,19606;512,-122662;-14,322961;157,591854;62,461869;33,303911;-21,325939;128,413887;101,455882;294,159707;330,74829;513,395430;465,369455;163,639800;481,466454;889,209377;580,397379;514,342409;826,-226464;773,-158527;821,-190514;
157,591854;128,413887;101,455882;294,159707;330,74829;513,395430;465,369455;163,639800;481,466454;889,209377;580,397379;514,342409;826,-226464;773,-158527;821,-190514;20,167976;36,382913;17,338968;242,531850;237,568859;196,606821;238,497879;532,-42972;579,427374;624,446360;500,350455;649,-163963;553,20831;745,197479;653,409354;749,-232967;597,18844;815,413226;834,425129;731,89599;770,-217863;852,398261;774,-218661;966,374102;878,360212;835,-228481;868,342221;892,264208;
157,591854;330,74829;513,395430;465,369455;163,639800;481,466454;889,209377;20,167976;17,338968;242,531850;237,568859;196,606821;238,497879;624,446360;500,350455;553,20831;653,409354;749,-232967;597,18844;815,413226;731,89599;852,398261;223,541946;326,631173;140,565896;-99,659838;-49,724711;285,1011135;-304,667739;-45,672726;205,1161139;221,612364;552,-211109;481,9989;569,-271013;443,370644;651,421404;597,511326;666,-90984;559,223749;525,235756;530,400429;728,572325;764,-278961;746,-138910;659,3754;622,480392;985,541215;771,-197945;755,-100884;704,-29816;782,202506;798,537314;960,539224;858,-183817;811,-146773;815,245372;1136,159-89;
157,591854;163,639800;889,209377;242,531850;237,568859;196,606821;238,497879;852,398261;223,541946;-99,659838;-49,724711;-45,672726;552,-211109;651,421404;597,511326;559,223749;525,235756;728,572325;622,480392;798,537314;815,245372;488,1221236;24,3411018;-118,720898;-103,976692;-82,953691;536,681223;500,2651194;142,585863;222,632712;774,1251097;466,1751269;195,306969;165,577914;553,683679;601,21098;380,559755;734,479361;796,-208960;845,151935;992,543239;867,205854;958,-266813;1171,-177467;959,-289810;1141,-193675;1173,75351;1214,181309;1110,-240677;1264,-184321;
889,209377;536,681223;553,683679;845,151935;992,543239;958,-266813;959,-289810;1141,-193675;1173,75351;1214,181309;1110,-240677;545,2141138;446,3251104;430,3371065;197,6891114;156,7241116;319,749970;432,833876;100,1007961;136,985997;689,31222;377,798927;235,884927;798,1701176;256,6061081;414,780924;367,852837;725,691187;520,2681415;482,806853;442,807839;836,1871161;818,589844;778,770568;788,2061087;832,726676;939,111117;870,486811;848,760559;877,403876;944,57889;1035,402252;909,569264;1161,-169671;1391,-3627;1363,25651;1427,-36661;
1214,181309;446,3251104;430,3371065;197,6891114;156,7241116;432,833876;100,1007961;136,985997;235,884927;798,1701176;256,6061081;520,2681415;836,1871161;818,589844;778,770568;832,726676;870,486811;848,760559;877,403876;1391,-3627;1363,25651;1427,-36661;262,2511441;127,8721071;-100,8791014;186,924976;198,983964;538,1901388;455,8031010;289,980861;213,7461025;446,814880;495,834865;428,870768;421,911859;808,821267;846,1211252;792,2161254;792,6631053;652,678914;693,683891;552,694750;919,741526;868,639626;1008,551180;1049,821147;908,604782;892,758572;1053,716466;1004,731440;969,1671163;1012,667539;1148,207987;1066,493230;1122,223825;1179,407363;1122,454402;1344,-49778;1124,465287;1357,324237;1394,-79705;
432,833876;100,1007961;136,985997;235,884927;798,1701176;520,2681415;836,1871161;832,726676;127,8721071;186,924976;198,983964;538,1901388;455,8031010;289,980861;446,814880;495,834865;428,870768;421,911859;808,821267;846,1211252;792,2161254;792,6631053;1008,551180;1049,821147;892,758572;969,1671163;1012,667539;1394,-79705;375,2181541;296,3141514;412,3391446;346,4701288;134,7111136;252,8041117;55,10201037;411,1921589;371,3611361;188,5591247;682,6601135;270,932898;325,982827;664,5911208;288,7921079;673,-261371;691,2961309;435,2941438;889,7201027;783,777891;864,802577;917,873513;988,511355;741,2681283;956,794539;1028,341303;1078,759474;992,794464;1018,301325;1112,2551146;1055,642993;1066,781522;1073,583782;1180,574526;1159,639393;1173,2361055;1389,-23800;1540,235561;1456,50654;1373,384407;1482,1671;
432,833876;100,1007961;136,985997;235,884927;520,2681415;127,8721071;186,924976;198,983964;289,980861;446,814880;495,834865;428,870768;421,911859;375,2181541;296,3141514;412,3391446;55,10201037;682,6601135;270,932898;325,982827;664,5911208;691,2961309;435,2941438;889,7201027;783,777891;917,873513;1078,759474;1066,781522;1373,384407;413,1581667;398,4011500;530,6081312;478,6531311;-87,9911121;319,3091524;526,8091198;578,967614;446,1951665;382,5901391;577,7291197;690,3391346;616,3921400;821,6551199;868,6791084;847,762999;1040,848588;1030,1781397;840,2561467;917,701911;1050,851549;1081,1251330;1223,2921299;982,4101124;967,681942;1123,642998;1170,639418;1236,1281328;1323,484761;1235,577608;1191,634352;1238,1751212;1228,2671299;1368,420833;1622,348573;1397,383827;1511,355714;1472,361701;1592,295696;
432,833876;100,1007961;136,985997;235,884927;127,8721071;186,924976;198,983964;289,980861;446,814880;495,834865;421,911859;375,2181541;55,10201037;682,6601135;270,932898;325,982827;664,5911208;889,7201027;783,777891;1066,781522;413,1581667;398,4011500;-87,9911121;319,3091524;526,8091198;578,967614;446,1951665;382,5901391;577,7291197;616,3921400;821,6551199;868,6791084;847,762999;1040,848588;840,2561467;917,701911;1050,851549;1223,2921299;967,681942;1123,642998;1170,639418;1236,1281328;1323,484761;1235,577608;1191,634352;1228,2671299;1368,420833;1622,348573;1397,383827;1511,355714;1472,361701;1592,295696;328,1771749;357,2631541;-119,10061166;533,7061372;75,990971;523,971578;494,3371523;433,3881457;566,8101129;549,895782;604,921565;640,3551519;1145,4301373;1003,897538;1135,2451457;932,6561102;929,6631058;1122,780593;1187,3821404;1187,4211396;1162,753511;1205,1691324;1172,576812;1194,4741357;1294,2891259;1296,335997;1204,586624;1271,1611292;1462,2461068;1606,453454;1605,368664;1498,1921055;1606,105942;1623,305647;
----Iteration 9----
-254,96756;-302,104794;-353,234958;-46,162656;-94,236561;-310,252707;-377,263571;36,385472;-188,62723;-182,16696;-120,326542;24,124646;278,605258;306,642222;-42,155649;271,613294;283,454374;253,396407;366,501346;292,415399;408,551333;
-353,234958;-526,-41989;-547,-13962;74,588635;75,673586;-518,-60975;-100,496924;120,692572;49,581819;146,572825;222,707412;167,631540;268,569848;305,666353;320,658307;352,461612;360,586354;324,622260;362,550379;436,559348;325,468390;442,509296;
-381,234973;-155,459964;-207,486942;-313,1931089;-68,448952;346,770935;526,858463;556,755559;556,877362;553,748596;587,832322;393,581713;642,783527;647,822306;552,775598;611,803548;631,824508;
-313,1931089;526,858463;556,877362;587,832322;642,783527;647,822306;611,803548;631,824508;-368,341095;350,8801084;544,830468;467,926335;461,885983;397,9561026;446,8101006;469,8181003;541,844439;512,827960;536,809963;515,813955;540,935311;575,992145;547,739967;663,639709;642,754599;759,813286;592,898143;605,853216;608,789743;763,778304;688,633667;737,636624;883,734574;873,708610;880,762530;949,75996;
526,858463;556,877362;587,832322;647,822306;611,803548;631,824508;350,8801084;544,830468;467,926335;461,885983;397,9561026;541,844439;512,827960;540,935311;575,992145;759,813286;592,898143;605,853216;883,734574;873,708610;880,762530;949,75996;345,9181043;-164,11321039;17,1074757;-1,1122743;423,8451131;238,1052672;451,9011002;428,927926;240,966913;404,1030605;485,8101008;497,8551007;556,813977;411,1007579;576,780931;660,756757;590,749928;587,827930;664,784728;634,798768;646,829126;740,716696;883,686666;813,799384;836,800189;777,797439;923,627645;849,752554;1008,77671;974,635509;947,732175;1066,684290;1008,623502;
575,992145;759,813286;883,734574;880,762530;17,1074757;-1,1122743;238,1052672;836,800189;849,752554;1008,77671;947,732175;1066,684290;445,8011146;-126,12111092;207,10181215;-116,11691077;-1,1118950;406,7591266;414,8611230;231,10641111;237,1124361;437,10311145;462,9001096;468,9321055;277,1059628;520,9251049;482,9081070;557,9181045;634,949973;595,7811030;578,950225;638,909955;709,813937;701,930897;744,879493;795,760915;753,808579;813,960183;797,757947;899,721685;813,803497;852,799486;919,90659;865,575692;926,681603;953,89544;976,617666;949,860116;942,629673;1014,693310;1016,577666;1067,650521;
883,734574;880,762530;849,752554;445,8011146;-126,12111092;207,10181215;406,7591266;414,8611230;437,10311145;468,9321055;520,9251049;634,949973;638,909955;709,813937;701,930897;795,760915;813,960183;797,757947;899,721685;813,803497;852,799486;919,90659;926,681603;953,89544;976,617666;942,629673;1016,577666;1067,650521;429,6681188;70,11831221;250,10811162;204,1141778;270,1170728;497,6701184;321,1072857;437,1131726;501,1090235;564,9081106;569,9661048;592,8801027;647,944944;680,965871;442,994659;658,7911089;705,904954;769,952227;763,994184;703,848997;730,802966;744,897921;852,702970;797,832626;808,882599;833,6531001;871,629991;875,657962;994,597900;1016,825459;1185,821311;1093,865227;1002,908-49;
-126,12111092;207,10181215;437,10311145;520,9251049;634,949973;701,930897;795,760915;813,960183;797,757947;919,90659;70,11831221;250,10811162;204,1141778;497,6701184;321,1072857;437,1131726;569,9661048;680,965871;705,904954;769,952227;763,994184;730,802966;744,897921;797,832626;808,882599;994,597900;1185,821311;1093,865227;1002,908-49;354,7341296;491,8711281;83,11661254;273,11301145;-67,1245888;424,9071223;280,1209773;261,1231721;490,8781216;414,9701152;468,10411071;486,1105695;591,8071134;674,9101108;609,1041993;666,994971;651,1008900;566,1049404;555,1088580;540,1168483;724,8821082;670,954953;876,7421023;896,737975;862,805830;749,861644;873,811825;878,892266;811,96188;988,602916;904,742857;937,838509;971,966-12;973,663928;1059,856492;978,93852;1022,634864;1074,826540;1015,89382;1195,695635;1228,799308;
-126,12111092;207,10181215;701,930897;813,960183;70,11831221;569,9661048;680,965871;1185,821311;1093,865227;354,7341296;83,11661254;280,1209773;261,1231721;674,9101108;609,1041993;666,994971;651,1008900;555,1088580;540,1168483;724,8821082;670,954953;876,7421023;811,96188;988,602916;904,742857;937,838509;971,966-12;973,663928;1059,856492;1022,634864;1074,826540;1195,695635;1228,799308;53,11711281;96,11611225;342,11971176;-53,1257964;249,1304946;529,9051292;470,9121256;497,9971201;198,11141232;352,12081023;659,9641196;529,11291152;358,1196944;447,1158975;407,1181970;667,9181144;718,7911156;623,1051895;837,7521035;813,8911042;809,1028573;782,1078607;842,7231064;884,709991;846,929999;961,613989;933,691928;903,819981;867,882816;1021,942403;994,647909;923,923569;950,987-4;1012,611874;1159,665723;1034,907229;1123,689700;1151,833318;1192,669705;
701,930897;813,960183;680,965871;1185,821311;666,994971;651,1008900;540,1168483;724,8821082;876,7421023;988,602916;904,742857;937,838509;971,966-12;973,663928;1059,856492;1022,634864;1074,826540;1195,695635;1228,799308;342,11971176;529,9051292;470,9121256;198,11141232;352,12081023;659,9641196;529,11291152;358,1196944;447,1158975;407,1181970;623,1051895;837,7521035;813,8911042;809,1028573;782,1078607;842,7231064;884,709991;846,929999;961,613989;933,691928;903,819981;867,882816;1021,942403;994,647909;923,923569;950,987-4;1012,611874;1159,665723;1151,833318;1192,669705;98,11891312;366,11871217;269,12161174;287,12881153;260,13011130;263,13231049;726,7411387;615,10461228;595,1265412;692,8411298;617,10111211;534,11101072;678,9721184;641,1105721;750,7741202;813,6981251;774,7271237;744,8501168;756,1019630;894,6571121;919,6401096;879,1022146;1003,659891;937,757694;930,6721016;964,671917;1067,924463;1019,959359;1155,717768;1288,733511;1127,686773;1132,899462;1227,659738;
