----Iteration 7----
x_Moead_Rfts_Worst=[1722, 2940]
y_Moead_Rfts_Worst=[1069, 1017]
----Iteration 0----
x_Moead_Rfts_Worst=[1567, 2230, 2261, 2346, 2353, 2361, 2382, 2457, 2526, 2558]
y_Moead_Rfts_Worst=[1116, 1049, 994, 947, 943, 913, 904, 902, 867, 850]
----Iteration 5----
x_Moead_Rfts_Worst=[1257, 1342, 1368, 1424, 1777, 3234]
y_Moead_Rfts_Worst=[1152, 1075, 1059, 1052, 1007, 963]
----Iteration 6----
x_Moead_Rfts_Worst=[935, 947, 1070, 1494, 1087, 1514, 1543, 1556, 2297, 2281, 2292, 2298, 2304]
y_Moead_Rfts_Worst=[1319, 1304, 1254, 1193, 1208, 1168, 1131, 1074, 993, 1042, 1029, 989, 901]
----Iteration 4----
x_Moead_Rfts_Worst=[1830, 1858, 1881, 2041, 2062, 2563, 2566, 2647, 2678, 2696, 2708, 2736, 2815, 2895, 2869, 2846]
y_Moead_Rfts_Worst=[1197, 1153, 1128, 1099, 1091, 1041, 1018, 975, 954, 943, 908, 859, 810, 748, 772, 791]
----Iteration 2----
x_Moead_Rfts_Worst=[2338, 2368, 2416, 2499, 2719, 2670, 2676, 2734, 2739]
y_Moead_Rfts_Worst=[1556, 1546, 1465, 1442, 1097, 1115, 1113, 1059, 1026]
----Iteration 3----
x_Moead_Rfts_Worst=[2720, 2816, 2828]
y_Moead_Rfts_Worst=[1390, 1308, 1291]
----Iteration 1----
x_Moead_Rfts_Worst=[1910, 2126, 2083, 2322, 2325, 2356, 2783, 2808, 2872, 2839, 2966, 2941]
y_Moead_Rfts_Worst=[1515, 1414, 1452, 1411, 1355, 1317, 1266, 1231, 1118, 1173, 813, 836]
----Iteration 9----
x_Moead_Rfts_Worst=[1229, 1511, 1654, 1666, 1725, 2730]
y_Moead_Rfts_Worst=[1326, 1296, 1191, 1181, 1108, 1104]
----Iteration 8----
x_Moead_Rfts_Worst=[1690, 1752, 1877, 1950, 2045, 2072, 2156, 2169, 2394, 3068, 3023, 3036, 3053]
y_Moead_Rfts_Worst=[1401, 1378, 1367, 1366, 1320, 1312, 1282, 1265, 1247, 1042, 1235, 1088, 1065]
----End of Run----
