----Iteration 0----
269,269;-363,887;367,174;201,303;39,440;-43,793;-15,597;154,409;
447,630;468,573;515,547;638,544;673,514;692,454;694,442;702,367;
913,811;1026,732;1016,756;1103,710;
1016,756;955,873;1218,749;1355,661;
955,873;1218,749;1355,661;-120,887;1183,760;1220,734;1336,667;1327,689;1473,660;1491,644;
955,873;1218,749;-120,887;1183,760;1220,734;1491,644;1456,701;1480,688;
955,873;313,924;363,887;765,877;1053,835;1497,813;1544,728;1532,753;1517,811;1558,609;1590,597;
461,951;780,890;1515,875;1557,853;1595,805;1666,793;1683,753;
461,951;1515,875;466,923;1442,910;1592,860;1744,857;1801,776;
1744,857;482,1112;568,976;823,961;1614,946;1663,903;1689,889;1748,817;1839,815;1956,813;1987,790;1988,767;
454,1213;517,1162;576,1138;594,1071;1851,1048;1884,1003;1924,942;1928,922;2097,815;2119,814;
----Iteration 2----
315,588;545,162;-5,810;
509,606;542,569;595,559;681,535;
-3,710;31,684;115,632;695,612;
817,774;953,688;1075,618;1095,603;
817,774;1075,618;1043,700;1121,606;1175,604;1190,571;
817,774;-4,875;336,820;1087,718;1099,697;1186,616;1243,609;
817,774;336,820;1087,718;1099,697;84,910;89,889;103,880;134,833;194,822;317,821;358,784;1366,683;1378,614;
84,910;89,889;103,880;204,869;471,860;1128,853;1452,848;1482,843;
109,953;240,919;1570,871;1559,908;1589,834;1574,845;1630,761;1698,693;
332,1006;416,984;1612,967;1685,941;1701,787;1719,766;
502,1070;526,1042;943,1014;1619,1011;1705,1002;1773,962;1855,932;1883,889;
----Iteration 5----
-57,523;-107,709;601,190;487,216;356,444;
842,1029;874,962;911,906;938,869;939,793;
842,1029;874,962;938,869;892,960;928,956;1016,830;1084,797;1135,715;
1172,1066;1252,1063;1304,989;1296,994;
998,1104;1284,1094;1354,1073;1395,989;1407,984;
998,1104;1284,1094;1354,1073;765,1185;770,1182;1466,1059;1495,1016;1513,999;
765,1185;770,1182;1495,1016;1513,999;552,1239;1367,1122;1440,1106;1487,1088;1569,984;
1440,1106;380,1256;628,1243;1315,1240;1374,1211;1569,1053;1555,1091;1611,942;1618,921;
524,1271;508,1275;1273,1260;1500,1247;1512,1177;1499,1249;1596,1121;1667,1032;1659,1045;
1500,1247;1499,1249;1667,1032;1659,1045;1464,1326;1619,1220;1749,952;1690,988;1789,906;
1464,1326;1619,1220;427,1335;417,1363;1518,1312;1558,1223;1630,1208;1674,1134;1692,1089;1689,1094;1726,1077;1842,955;1820,996;1831,978;
----Iteration 6----
281,255;498,-10;-46,827;371,5;210,514;
218,793;197,836;212,835;362,653;
350,841;423,802;447,759;734,568;772,556;
952,867;
952,867;1074,804;
44,1301;56,1266;121,1244;176,1204;227,1195;302,1178;759,1099;802,1072;1057,1040;1009,1068;1139,973;1187,904;1190,875;
121,1244;759,1099;60,1323;73,1278;303,1220;378,1139;1213,1092;1338,1047;1345,1027;
759,1099;1213,1092;-15,1336;335,1335;344,1286;353,1250;379,1151;416,1146;518,1108;1344,1068;1372,1065;
101,1418;95,1427;759,1409;1443,1198;1450,1176;
759,1409;461,1514;826,1376;870,1336;1270,1314;1380,1278;1465,1264;1533,1209;1608,1162;1599,1196;1693,1107;1713,1021;
759,1409;461,1514;826,1376;1270,1314;1380,1278;1465,1264;1533,1209;1608,1162;1599,1196;1693,1107;412,1519;394,1555;509,1478;476,1497;668,1423;855,1351;1104,1338;1698,1074;1761,1028;
----Iteration 1----
177,407;184,342;715,143;25,601;220,223;467,218;
152,830;182,751;243,734;359,662;403,659;448,617;480,590;514,569;
152,830;691,633;661,680;653,694;648,719;639,772;
873,952;901,945;970,907;
873,952;901,945;970,907;788,967;820,963;1069,899;1081,829;
873,952;901,945;842,990;875,947;1167,847;1133,931;1138,883;
53,1012;1191,985;1187,1000;1260,929;
1191,985;1187,1000;17,1040;173,1029;1218,979;1234,977;1340,941;1406,914;
1191,985;1187,1000;1218,979;1234,977;1340,941;149,1085;345,1078;449,1008;1508,934;1519,907;
438,1230;619,1163;631,1132;1410,992;1364,1031;1436,962;1566,947;1665,934;1774,860;1812,813;
438,1230;619,1163;631,1132;1364,1031;1665,934;1774,860;1812,813;364,1251;463,1186;484,1182;502,1164;1090,1083;1636,1027;1641,1017;1658,953;1697,892;1745,886;1764,868;1865,722;1838,800;
----Iteration 4----
-155,619;464,33;140,469;154,385;265,220;-117,600;-101,509;
266,786;294,725;366,681;365,721;570,631;
266,786;784,731;
1033,738;1022,817;1075,723;1104,666;
1033,738;1022,817;453,903;744,899;764,897;909,871;925,830;1140,731;1180,730;
782,1009;1073,985;1119,957;1133,916;1132,919;1153,914;1295,708;1234,732;1221,737;1239,727;1261,723;
782,1009;1224,991;1245,939;1497,895;1593,844;1613,804;
1497,895;1593,844;565,1101;1189,1096;1304,1041;1279,1085;1313,926;1546,877;1654,804;1671,760;
1189,1096;1279,1085;746,1176;1346,1078;1352,1029;1369,1001;1434,940;1613,919;1658,884;1661,856;1690,780;
1279,1085;746,1176;1346,1078;1434,940;1613,919;712,1184;778,1175;797,1162;1084,1149;1162,1119;1264,1100;1352,1040;1363,1035;1379,1010;1388,949;1464,923;1720,900;1789,826;1843,686;1868,616;
1279,1085;1613,919;1084,1149;1162,1119;1264,1100;1720,900;771,1310;726,1354;733,1348;770,1328;970,1270;999,1198;1004,1183;1271,1096;1427,1083;1463,1059;1557,976;1857,844;1897,774;
----Iteration 7----
-143,704;-252,721;25,668;434,407;836,38;362,441;
50,622;57,590;257,578;410,317;414,276;
50,622;57,590;257,578;354,557;413,508;590,494;743,387;
257,578;354,557;413,508;590,494;95,659;701,475;796,396;
682,799;857,795;928,768;957,709;
-120,930;194,824;942,814;1045,727;
-1,1010;81,984;90,966;394,941;884,873;1134,859;1175,775;1292,698;
394,941;1134,859;65,1067;110,1066;166,1015;226,987;279,956;1052,915;1063,867;1249,854;1414,690;1402,778;1450,680;
1134,859;1052,915;1063,867;1249,854;216,1077;289,1034;413,1033;485,1013;629,920;1499,848;1537,791;1583,685;1561,750;
1499,848;1537,791;478,1222;550,1174;586,1160;724,1122;864,1093;975,1044;1336,1040;1418,999;1428,925;1432,918;1453,903;1467,871;1592,758;1587,780;1597,755;1619,735;1622,734;
478,1222;1418,999;1592,758;1587,780;1597,755;1619,735;1622,734;609,1210;728,1182;820,1142;825,1115;854,1106;923,1097;942,1085;1261,1077;1386,1064;1393,1017;1480,942;1506,927;1578,893;1584,848;1638,683;1654,671;1674,669;
----Iteration 3----
553,-5;-75,499;-137,749;275,498;412,472;
325,1023;499,955;497,972;631,833;648,812;652,778;
325,1023;568,1006;596,992;657,942;683,896;658,903;693,732;730,687;742,652;744,650;
812,1132;865,1121;936,1097;969,1095;996,1049;1010,985;
1010,1167;1156,1129;1328,1117;
1010,1167;1149,1157;1301,1135;1344,1126;1348,1119;
1301,1135;373,1221;409,1214;794,1213;918,1204;1001,1200;1252,1181;1322,1134;1366,1126;1449,1070;1420,1075;1541,992;1583,943;1589,927;
1301,1135;409,1214;794,1213;918,1204;1001,1200;1252,1181;1322,1134;370,1255;394,1245;1572,1079;1547,1132;1580,1055;1653,962;
1653,962;599,1407;853,1313;858,1292;1425,1244;1484,1215;1622,1172;1597,1200;1594,1214;1634,1005;1743,942;1767,901;
853,1313;1597,1200;1594,1214;635,1462;757,1450;771,1404;806,1351;921,1306;931,1280;1530,1275;1535,1242;1639,1196;1653,1169;1744,1123;1776,1104;
783,1506;796,1462;815,1444;848,1421;854,1385;867,1346;1866,1291;1864,1307;1946,1270;
----Iteration 8----
-131,706;-98,683;-454,748;431,539;-92,643;
342,755;526,719;542,716;591,638;
359,805;592,800;625,756;788,664;
-83,924;-34,869;-11,862;20,856;697,831;720,781;777,725;912,671;
697,831;-89,952;-62,931;119,917;149,871;665,855;927,784;1052,744;1107,635;1096,657;
119,917;665,855;-93,1000;-46,979;28,977;216,914;228,898;480,866;1086,831;1101,795;1030,849;1164,657;1322,407;1348,384;
119,917;-93,1000;-46,979;28,977;216,914;228,898;480,866;60,962;414,890;1132,856;1177,822;1181,767;1371,757;1515,745;1568,707;
28,977;60,962;1132,856;1177,822;1181,767;1371,757;1515,745;-23,1016;4,1002;274,948;676,912;1664,743;1688,734;
1132,856;542,1135;594,1106;1082,986;1098,903;1773,842;1874,809;
1082,986;1773,842;1874,809;627,1199;675,1147;841,1086;860,1042;900,1018;913,1002;1109,940;1156,920;1185,882;1200,878;1216,874;1234,846;1807,816;1976,718;2013,708;
1082,986;1773,842;1874,809;1109,940;1807,816;2013,708;698,1225;795,1209;821,1171;824,1142;864,1102;914,1086;915,1077;984,1006;1204,932;1443,910;1989,738;1956,777;1972,767;
----Iteration 9----
246,241;261,207;146,326;168,253;27,661;348,178;466,114;-102,698;
-40,963;97,930;125,888;192,881;231,840;448,627;416,700;482,592;484,558;498,504;
476,987;512,968;518,935;591,701;620,559;
476,987;512,968;518,935;-8,990;566,925;639,867;680,832;745,775;748,769;
794,991;838,970;931,942;938,917;
838,970;931,942;938,917;805,1012;801,1015;1092,880;
1430,1050;1462,958;1518,891;
1430,1050;1462,958;454,1150;1079,1076;1635,930;1637,837;
1430,1050;557,1214;1043,1140;1080,1123;1084,1105;1688,1005;1690,972;
557,1214;1688,1005;552,1356;950,1191;1157,1180;1213,1171;1297,1057;1493,1050;1554,1030;1646,1025;1711,974;1664,1024;1672,1015;1723,954;
597,1425;651,1364;925,1331;1278,1225;1294,1219;1300,1170;1302,1168;1343,1120;1570,1106;1719,1058;1670,1072;1915,1047;
