----Iteration 0----
x_Moead_Rfts_Worst=[454, 517, 576, 594, 1851, 1884, 1924, 1928, 2097, 2119]
y_Moead_Rfts_Worst=[1213, 1162, 1138, 1071, 1048, 1003, 942, 922, 815, 814]
----Iteration 2----
x_Moead_Rfts_Worst=[502, 526, 943, 1619, 1705, 1773, 1855, 1883]
y_Moead_Rfts_Worst=[1070, 1042, 1014, 1011, 1002, 962, 932, 889]
----Iteration 5----
x_Moead_Rfts_Worst=[1464, 1619, 427, 417, 1518, 1558, 1630, 1674, 1692, 1689, 1726, 1842, 1820, 1831]
y_Moead_Rfts_Worst=[1326, 1220, 1335, 1363, 1312, 1223, 1208, 1134, 1089, 1094, 1077, 955, 996, 978]
----Iteration 6----
x_Moead_Rfts_Worst=[759, 461, 826, 1270, 1380, 1465, 1533, 1608, 1599, 1693, 412, 394, 509, 476, 668, 855, 1104, 1698, 1761]
y_Moead_Rfts_Worst=[1409, 1514, 1376, 1314, 1278, 1264, 1209, 1162, 1196, 1107, 1519, 1555, 1478, 1497, 1423, 1351, 1338, 1074, 1028]
----Iteration 1----
x_Moead_Rfts_Worst=[438, 619, 631, 1364, 1665, 1774, 1812, 364, 463, 484, 502, 1090, 1636, 1641, 1658, 1697, 1745, 1764, 1865, 1838]
y_Moead_Rfts_Worst=[1230, 1163, 1132, 1031, 934, 860, 813, 1251, 1186, 1182, 1164, 1083, 1027, 1017, 953, 892, 886, 868, 722, 800]
----Iteration 4----
x_Moead_Rfts_Worst=[1279, 1613, 1084, 1162, 1264, 1720, 771, 726, 733, 770, 970, 999, 1004, 1271, 1427, 1463, 1557, 1857, 1897]
y_Moead_Rfts_Worst=[1085, 919, 1149, 1119, 1100, 900, 1310, 1354, 1348, 1328, 1270, 1198, 1183, 1096, 1083, 1059, 976, 844, 774]
----Iteration 7----
x_Moead_Rfts_Worst=[478, 1418, 1592, 1587, 1597, 1619, 1622, 609, 728, 820, 825, 854, 923, 942, 1261, 1386, 1393, 1480, 1506, 1578, 1584, 1638, 1654, 1674]
y_Moead_Rfts_Worst=[1222, 999, 758, 780, 755, 735, 734, 1210, 1182, 1142, 1115, 1106, 1097, 1085, 1077, 1064, 1017, 942, 927, 893, 848, 683, 671, 669]
----Iteration 3----
x_Moead_Rfts_Worst=[783, 796, 815, 848, 854, 867, 1866, 1864, 1946]
y_Moead_Rfts_Worst=[1506, 1462, 1444, 1421, 1385, 1346, 1291, 1307, 1270]
----Iteration 8----
x_Moead_Rfts_Worst=[1082, 1773, 1874, 1109, 1807, 2013, 698, 795, 821, 824, 864, 914, 915, 984, 1204, 1443, 1989, 1956, 1972]
y_Moead_Rfts_Worst=[986, 842, 809, 940, 816, 708, 1225, 1209, 1171, 1142, 1102, 1086, 1077, 1006, 932, 910, 738, 777, 767]
----Iteration 9----
x_Moead_Rfts_Worst=[597, 651, 925, 1278, 1294, 1300, 1302, 1343, 1570, 1719, 1670, 1915]
y_Moead_Rfts_Worst=[1425, 1364, 1331, 1225, 1219, 1170, 1168, 1120, 1106, 1058, 1072, 1047]
----End of Run----
