----Iteration 5----
x_Moead_Rfts_Worst=[808, 802, 859, 467, 500, 522, 746, 779, 931, 939, 958, 50, 564, 814, 923, 897, 894, 952, 963, 24, 121, 410, 450, 496, 538, 588, 599, 629, 654, 715, 729, 768, 786, 858, 867, 915]
y_Moead_Rfts_Worst=[462, 495, 413, 824, 749, 748, 595, 564, 336, 328, 296, 865, 725, 455, 353, 375, 385, 298, 230, 869, 860, 854, 833, 781, 742, 718, 683, 660, 648, 643, 628, 581, 563, 454, 410, 361]
----Iteration 6----
x_Moead_Rfts_Worst=[617, 838, 421, 744, 810, 881, 915, 378, 413, 538, 568, 594, 637, 653, 715, 728, 732, 748, 780, 792, 800, 829, 914]
y_Moead_Rfts_Worst=[787, 463, 870, 670, 586, 433, 390, 898, 878, 864, 830, 800, 766, 758, 755, 725, 708, 664, 633, 631, 595, 527, 413]
----Iteration 3----
x_Moead_Rfts_Worst=[915, 937, 997, 766, 1021, 1040, 394, 411, 583, 743, 714, 765, 823, 856, 890, 969, 1052]
y_Moead_Rfts_Worst=[437, 436, 394, 556, 344, 328, 787, 772, 729, 664, 697, 651, 543, 465, 449, 421, 265]
----Iteration 1----
x_Moead_Rfts_Worst=[740, 841, 870, 175, 360, 397, 579, 661, 668, 795, 833, 820, 831, 852, 173, 338, 372, 469, 484, 508, 612, 650, 651, 737, 769, 789, 896]
y_Moead_Rfts_Worst=[502, 404, 361, 789, 713, 692, 658, 545, 540, 465, 433, 457, 440, 385, 792, 749, 702, 690, 680, 673, 640, 612, 572, 528, 495, 479, 357]
----Iteration 7----
x_Moead_Rfts_Worst=[676, 336, 618, 922, 485, 530, 637, 655, 888, 928, 280, 302, 305, 434, 445, 642, 710, 740, 827, 849, 903, 914]
y_Moead_Rfts_Worst=[626, 735, 687, 382, 705, 689, 663, 653, 488, 354, 796, 769, 750, 723, 719, 658, 607, 605, 564, 563, 435, 403]
----Iteration 2----
x_Moead_Rfts_Worst=[864, 949, 531, 924, 639, 702, 858, 902, 410, 469, 496, 507, 513, 620, 753, 793, 834, 822, 850, 952, 1024, 995]
y_Moead_Rfts_Worst=[381, 316, 692, 350, 682, 633, 420, 377, 795, 775, 762, 749, 721, 690, 614, 600, 550, 580, 433, 299, 234, 273]
----Iteration 4----
x_Moead_Rfts_Worst=[383, 807, 384, 368, 371, 389, 674, 777, 852, 877, 906, 342, 411, 671, 690, 797, 866, 867, 934, 943]
y_Moead_Rfts_Worst=[771, 559, 763, 799, 786, 757, 659, 645, 539, 454, 423, 802, 756, 740, 647, 597, 490, 467, 389, 358]
----Iteration 0----
x_Moead_Rfts_Worst=[821, 814, 816, 659, 818, 1019, 562, 662, 829, 833, 302, 336, 490, 498, 524, 605, 613, 691, 807, 817, 947, 980, 1024]
y_Moead_Rfts_Worst=[453, 478, 469, 549, 458, 280, 578, 543, 450, 430, 708, 665, 640, 619, 600, 571, 556, 535, 525, 461, 419, 365, 198]
----Iteration 8----
x_Moead_Rfts_Worst=[481, 670, 744, 753, 800, 826, 403, 473, 555, 604, 617, 662, 704, 726, 845, 887, 893]
y_Moead_Rfts_Worst=[788, 621, 509, 479, 472, 468, 844, 819, 772, 742, 715, 641, 608, 599, 452, 438, 393]
----Iteration 9----
x_Moead_Rfts_Worst=[454, 489, 808, 854, 863, 907, 955, 1022, 1061, -81, 37, 45, 326, 300, 335, 361, 377, 391, 409, 428, 494, 543, 790, 820, 896, 921, 960, 987, 1030, 1039]
y_Moead_Rfts_Worst=[534, 497, 429, 406, 371, 349, 261, 233, 150, 843, 809, 721, 692, 696, 683, 679, 648, 605, 602, 586, 477, 464, 459, 427, 361, 329, 251, 247, 195, 160]
----End of Run----
