----Iteration 5----
memory=163.625,164.47265625,165.93359375,167.2890625,167.69140625,168.0546875,168.40234375,169.31640625,170.015625,170.7578125
time=15.640825033187866,10.260377645492554,10.854327917098999,8.630290985107422,8.136777877807617,10.193355798721313,8.572662591934204,10.266719102859497,10.441985607147217,8.597224712371826
----Iteration 6----
memory=162.42578125,164.37109375,165.90625,167.54296875,167.7890625,168.46484375,168.98046875,169.359375,169.9296875,171.18359375
time=13.418741464614868,10.967256784439087,12.37589716911316,11.211731672286987,9.183358430862427,11.064273357391357,8.920480012893677,8.376104593276978,9.128296852111816,9.181464433670044
----Iteration 3----
memory=161.015625,164.44921875,165.90625,167.171875,167.70703125,168.25,169.234375,169.45703125,170.140625,171.296875
time=11.618773698806763,11.381885051727295,11.392574071884155,10.20912504196167,10.087473392486572,10.907753705978394,11.139292240142822,8.00373649597168,10.31972861289978,10.160255670547485
----Iteration 1----
memory=162.44140625,164.578125,165.80859375,167.44140625,167.703125,168.265625,169.15234375,169.4453125,170.375,171.29296875
time=13.37715196609497,10.291670560836792,10.670809984207153,11.780102491378784,9.67226529121399,12.01430082321167,9.848548173904419,8.010907173156738,11.386062383651733,9.412914752960205
----Iteration 7----
memory=162.609375,164.48828125,166.02734375,167.3515625,167.73046875,168.25,169.296875,169.79296875,170.5390625,171.12890625
time=13.435025930404663,11.322109937667847,11.397010326385498,9.284069299697876,9.575029134750366,10.915682315826416,12.989823341369629,10.931262254714966,9.542255640029907,9.007328987121582
----Iteration 2----
memory=160.390625,164.29296875,165.48828125,166.7734375,167.6484375,168.203125,169.08984375,169.4609375,170.3515625,171.40625
time=10.078438997268677,12.65270733833313,11.012506008148193,10.433699607849121,9.588842153549194,11.358095169067383,10.786436080932617,11.29541277885437,9.939231634140015,11.63797903060913
----Iteration 4----
memory=161.4453125,164.578125,165.80078125,167.375,167.6875,168.46484375,169.375,169.84765625,170.95703125,171.375
time=11.842322587966919,11.450403451919556,11.173123598098755,10.083190679550171,10.770637512207031,12.582554340362549,11.922363519668579,9.975397825241089,10.838919162750244,8.307216167449951
----Iteration 0----
memory=162.71484375,164.53515625,165.953125,167.42578125,167.875,168.484375,169.36328125,169.921875,170.78515625,171.23046875
time=13.705581665039062,11.509124755859375,11.637831926345825,9.512423038482666,11.312087059020996,10.604219198226929,11.977259635925293,11.192304611206055,9.536701917648315,8.645029067993164
----Iteration 8----
memory=171.2421875,171.31640625,171.359375,171.55859375,171.69921875,171.6328125,171.8671875,171.76953125,171.89453125,171.88671875
time=6.583434820175171,2.8690054416656494,2.8637781143188477,2.5479602813720703,2.1580169200897217,2.4632813930511475,2.522385358810425,1.6260809898376465,3.2235498428344727,2.3407976627349854
----Iteration 9----
memory=171.171875,171.359375,171.359375,171.62109375,171.5859375,171.84765625,171.78125,171.90234375,171.8984375,171.9453125
time=4.747072458267212,2.942566394805908,2.484733819961548,3.5504579544067383,2.944014549255371,2.3411529064178467,1.8823258876800537,2.7964446544647217,2.48673939704895,1.2400469779968262
