----Iteration 0----
memory=185.64453125,196.34375,200.80859375,203.21875,204.66796875,206.78515625,209.64453125,211.890625,212.53515625,213.5625
time=24.572457551956177,31.155851125717163,25.704792261123657,21.999945402145386,20.68926763534546,20.507057428359985,15.715884447097778,24.612757205963135,21.27755641937256,18.504733324050903
----Iteration 2----
memory=188.828125,195.39453125,200.74609375,203.4921875,205.40234375,208.43359375,210.80078125,212.18359375,213.18359375,214.7109375
time=28.566170930862427,22.439157009124756,31.45122528076172,25.43565344810486,24.209984302520752,21.39522123336792,22.513249158859253,19.253432273864746,20.666613817214966,15.493640899658203
----Iteration 5----
memory=185.69140625,194.328125,200.32421875,203.1171875,204.80078125,207.7890625,210.2421875,211.69921875,213.29296875,215.04296875
time=24.41513466835022,24.87617540359497,25.261002779006958,27.48341703414917,23.754777431488037,24.94815230369568,20.083125352859497,21.74089741706848,23.287044763565063,20.22139835357666
----Iteration 6----
memory=188.2578125,195.39453125,200.51953125,203.39453125,206.3984375,209.3984375,211.3203125,212.32421875,213.9140625,215.47265625
time=26.717321395874023,24.09716558456421,27.175504684448242,27.960136890411377,29.86725664138794,21.05238699913025,22.45788073539734,21.633500337600708,24.108304262161255,19.03717064857483
----Iteration 1----
memory=189.75390625,196.04296875,200.5234375,203.4453125,205.62109375,208.484375,211.16796875,212.32421875,213.953125,215.65625
time=30.657179594039917,23.292234182357788,26.385529279708862,25.2983877658844,27.574328184127808,20.571911096572876,24.032095670700073,24.037845849990845,23.89396858215332,20.92717933654785
----Iteration 4----
memory=188.8203125,196.24609375,201.03125,203.51953125,205.96875,209.53125,211.57421875,212.71875,214.265625,215.6328125
time=27.799293041229248,28.817275524139404,27.19639778137207,25.745393991470337,25.433000087738037,24.01121711730957,22.604307651519775,26.74937653541565,19.96458911895752,18.31873655319214
----Iteration 7----
memory=185.86328125,195.6640625,200.26953125,203.109375,205.03515625,209.1875,211.0859375,212.55078125,214.22265625,215.65234375
time=25.047085762023926,27.866894960403442,21.998947143554688,28.41733455657959,23.13972568511963,29.531054496765137,20.859260320663452,27.099558115005493,24.211239099502563,18.78578495979309
----Iteration 3----
memory=185.5546875,195.875,200.796875,203.32421875,205.3515625,209.0234375,211.109375,212.51953125,214.04296875,215.44140625
time=24.10685086250305,28.321273803710938,29.227179288864136,23.212924242019653,25.901012420654297,24.540281057357788,22.786621570587158,27.512353897094727,21.73397946357727,20.867069482803345
----Iteration 8----
memory=215.33203125,215.3203125,215.36328125,215.421875,215.50390625,215.50390625,215.6015625,215.6875,216.09375,216.1171875
time=22.601803302764893,6.079094409942627,7.510624885559082,4.814398288726807,5.274148941040039,4.802140235900879,5.623497724533081,5.863335371017456,6.9919750690460205,5.920958995819092
----Iteration 9----
memory=215.33984375,215.3359375,215.4375,215.56640625,215.63671875,215.6796875,215.65625,216.0625,216.11328125,216.078125
time=17.784842491149902,6.960919618606567,7.618958473205566,5.281863689422607,6.163522958755493,5.736535549163818,6.405473709106445,5.768056154251099,4.930860757827759,3.767120361328125
