----Iteration 7----
1066,232;1181,124;1022,326;791,459;
1429,584;1526,346;
1870,637;1878,552;
1870,637;1878,552;2032,526;2079,507;2104,485;2130,473;2135,446;2145,393;
1870,637;2153,563;2214,492;
2234,754;2325,747;
2517,812;
2581,900;2584,868;
1188,982;1208,959;2670,955;2699,904;
2670,955;2699,904;1198,999;1736,982;2768,874;2811,859;
1722,1069;2940,1017;
----Iteration 0----
556,550;918,479;954,185;1006,4;1258,-274;
821,716;787,772;803,719;917,560;990,531;1072,511;1051,528;
1308,789;1318,712;1463,658;
1407,909;1417,874;1643,686;
1432,953;1465,904;1754,725;
1432,953;1465,904;1179,960;1938,854;
1432,953;1465,904;1179,960;1938,854;657,1008;1168,989;1995,773;2048,645;
1938,854;661,1110;750,1079;1263,1075;1469,1036;1613,1003;1658,952;1802,949;1894,901;2066,838;2100,762;2089,772;2162,744;2170,728;2183,690;
661,1110;1263,1075;1469,1036;1613,1003;868,1103;1480,1010;1659,972;1952,954;1932,965;2204,901;2369,896;2373,865;2378,792;
661,1110;1613,1003;868,1103;2369,896;887,1083;1466,1077;1586,1041;2143,1002;2162,982;2307,943;2324,926;2348,903;2342,910;2451,865;
1567,1116;2230,1049;2261,994;2346,947;2353,943;2361,913;2382,904;2457,902;2526,867;2558,850;
----Iteration 5----
819,285;1166,101;1028,135;1167,-286;992,219;
1418,156;1424,122;1447,110;
1603,478;1811,452;
2112,592;
2112,592;2166,588;
2166,588;1347,683;2048,621;2142,614;2146,606;2229,550;2221,558;2257,517;2303,507;
2166,588;1347,683;2142,614;2146,606;979,783;987,780;1003,737;1105,707;1140,703;1385,677;2066,636;2493,491;2473,582;2490,494;
1021,871;1052,850;1154,835;2598,824;2746,810;
980,918;1129,899;2886,895;
1151,1118;1214,1066;1241,990;2813,954;2936,914;3011,872;
1257,1152;1342,1075;1368,1059;1424,1052;1777,1007;3234,963;
----Iteration 6----
1028,-267;308,807;667,218;1017,213;
1067,224;1042,244;1052,241;
1316,527;1346,468;
1343,510;1330,536;1347,485;1357,480;1369,418;1371,411;1380,398;
1378,768;1582,732;1726,626;
1378,768;1746,725;1735,748;1794,613;1792,623;1807,570;
1883,847;1919,841;
2011,900;2031,800;2141,770;2148,758;
2119,922;2201,858;2279,812;
935,1319;947,1304;1070,1254;1494,1193;2302,817;2269,957;2277,907;2296,877;
935,1319;947,1304;1070,1254;1494,1193;1087,1208;1514,1168;1543,1131;1556,1074;2297,993;2281,1042;2292,1029;2298,989;2304,901;
----Iteration 4----
1285,-249;464,364;1171,136;1329,-508;209,419;695,150;
752,306;694,402;701,333;969,247;921,280;1223,111;1275,-83;1239,-72;1352,-146;1321,-91;
1529,542;1556,516;
1721,582;1736,568;
1721,582;1736,568;1754,476;1889,447;2019,413;2068,279;2073,258;
1721,582;1736,568;1121,627;2204,534;
1121,627;977,729;1052,701;2238,585;2277,575;2297,533;
977,729;2300,549;2295,727;2310,537;2309,538;2368,476;
1343,849;1580,814;2280,801;2565,789;
2280,801;1768,1036;1830,1028;1898,1017;1906,952;1960,934;1966,898;2019,802;2635,791;2759,770;2836,747;2837,743;
1830,1197;1858,1153;1881,1128;2041,1099;2062,1091;2563,1041;2566,1018;2647,975;2678,954;2696,943;2708,908;2736,859;2815,810;2895,748;2869,772;2846,791;
----Iteration 2----
813,118;758,427;1300,-131;553,684;1067,36;
815,523;852,502;906,391;939,328;
1285,754;1401,715;1409,683;
1565,865;1618,860;1658,787;
1697,1012;1722,994;1761,977;1762,925;1737,992;
1920,1100;
2123,1168;2124,1128;
2225,1350;
2236,1421;2274,1374;2333,1256;2339,1248;
2236,1421;2274,1374;2205,1449;2483,1368;
2338,1556;2368,1546;2416,1465;2499,1442;2719,1097;2670,1115;2676,1113;2734,1059;2739,1026;
----Iteration 3----
983,-277;887,-95;107,404;1403,-517;327,295;862,252;
896,422;893,473;897,401;1260,399;1290,374;1296,322;1309,306;
896,422;893,473;897,401;1260,399;1290,374;1296,322;1309,306;1328,292;1339,258;1344,241;1354,236;
1442,941;1446,934;1499,857;1478,884;1517,805;1681,774;1688,750;
2045,988;2048,952;
2138,1199;2233,1078;
2138,1199;2331,1175;2445,1147;
2543,1255;2596,1216;
2603,1266;2621,1251;
2675,1341;
2720,1390;2816,1308;2828,1291;
----Iteration 1----
940,370;1130,212;376,496;
1276,654;1270,674;1297,645;1317,616;1595,598;1600,579;1615,548;
1276,654;1270,674;1867,651;1874,621;
537,801;2072,776;
803,955;1152,942;1166,925;1200,924;1329,830;2165,767;2153,789;
2165,767;2153,789;1636,973;1900,968;1906,848;1938,803;2221,726;2181,728;2256,689;2267,653;
2023,1122;2038,1085;2376,1002;2389,986;2529,899;
2362,1210;2385,1177;2578,1050;2545,1078;2654,953;
2362,1210;2385,1177;1815,1352;1890,1315;2420,1132;2495,1105;2728,1062;2702,1082;2753,966;
2362,1210;1910,1515;2126,1414;2150,1371;2231,1356;2421,1201;2431,1192;2472,1189;2734,1188;2757,1028;2808,994;2867,900;
1910,1515;2126,1414;2083,1452;2322,1411;2325,1355;2356,1317;2783,1266;2808,1231;2872,1118;2839,1173;2966,813;2941,836;
----Iteration 9----
1229,-188;731,972;913,318;1174,4;1114,216;
1024,129;791,558;844,532;913,318;864,511;877,481;895,480;1395,73;1537,-40;1493,48;1591,-68;1636,-106;
791,558;267,626;368,559;1070,548;1101,506;1108,453;1665,187;1684,141;
994,845;1080,843;1191,818;1258,799;1369,529;1763,523;1803,459;
564,997;746,989;998,942;1031,918;1872,915;1967,880;1948,890;2071,854;
746,989;998,942;1872,915;2071,854;592,1015;662,997;775,984;1047,919;1984,890;2223,690;2235,631;
2071,854;815,1065;897,1009;951,997;1939,980;1973,954;2002,919;2095,842;2274,729;
897,1009;1939,980;1973,954;818,1181;645,1263;1363,992;1302,1004;1344,995;1959,962;1983,950;2018,943;2328,920;2332,911;2362,882;
645,1263;891,1229;1473,1195;1503,1135;1507,1056;1588,1029;2342,1009;2332,1021;2325,1024;2399,978;2495,904;2511,892;
645,1263;891,1229;1473,1195;917,1228;1601,1139;1632,1081;1987,1073;2612,1047;
1229,1326;1511,1296;1654,1191;1666,1181;1725,1108;2730,1104;
----Iteration 8----
421,571;527,435;973,154;892,253;
944,1016;1034,1011;1203,960;1212,910;
1254,1070;1367,1068;
1080,1156;1438,1152;1514,1118;
1690,1401;1752,1378;1877,1367;
1690,1401;1752,1378;1877,1367;1950,1366;2045,1320;2072,1312;2156,1282;2169,1265;
1690,1401;1752,1378;1877,1367;1950,1366;2045,1320;2072,1312;2156,1282;2169,1265;2322,1189;2378,1179;2399,1149;
1690,1401;1752,1378;1877,1367;1950,1366;2045,1320;2072,1312;2156,1282;2169,1265;2394,1247;2504,1200;
1690,1401;1752,1378;1877,1367;1950,1366;2045,1320;2072,1312;2156,1282;2169,1265;2394,1247;2504,1200;2675,1181;
1690,1401;1752,1378;1877,1367;1950,1366;2045,1320;2072,1312;2156,1282;2169,1265;2394,1247;2934,1230;2996,1123;2963,1175;3042,1047;3068,1042;
1690,1401;1752,1378;1877,1367;1950,1366;2045,1320;2072,1312;2156,1282;2169,1265;2394,1247;3068,1042;3023,1235;3036,1088;3053,1065;
