----Iteration 7----
memory=211.5,222.73828125,230.078125,234.8359375,241.609375,245.0,248.90234375,251.87890625,257.0625,260.20703125
time=37.11205291748047,37.71699666976929,47.773677110672,42.225404500961304,37.67266798019409,32.84427833557129,41.332244873046875,37.06493639945984,35.67132377624512,36.584442138671875
----Iteration 0----
memory=208.5078125,223.54296875,231.26171875,237.4375,243.63671875,247.140625,250.90625,256.12890625,258.6875,260.4609375
time=35.85062217712402,44.66059970855713,47.77394151687622,47.7564218044281,42.351569414138794,36.329261302948,44.594213008880615,32.62015390396118,37.78177237510681,25.877906799316406
----Iteration 5----
memory=209.9453125,224.4375,231.0234375,236.828125,243.0546875,246.52734375,249.1015625,252.89453125,256.953125,257.95703125
time=36.81067872047424,45.83230543136597,44.35676383972168,47.743454694747925,39.03963017463684,32.40419292449951,34.82983326911926,39.43413805961609,35.213720083236694,40.91730308532715
----Iteration 6----
memory=208.5078125,222.88671875,230.74609375,236.78515625,243.625,248.0859375,250.44921875,256.09765625,259.1015625,259.9765625
time=36.000311613082886,42.7610137462616,46.597761392593384,47.7193865776062,43.97675800323486,40.75871968269348,35.652705907821655,39.01291060447693,43.682302951812744,31.68108081817627
----Iteration 4----
memory=206.0625,224.5625,232.97265625,237.9140625,243.640625,247.13671875,249.41796875,254.17578125,258.56640625,260.31640625
time=34.44978904724121,51.802741289138794,49.77377200126648,43.04923224449158,41.41029238700867,32.23088359832764,36.0450177192688,37.61507487297058,41.97222304344177,39.92477822303772
----Iteration 2----
memory=214.828125,224.71484375,231.015625,237.5703125,243.5703125,247.16015625,249.90234375,256.55078125,259.26953125,260.4453125
time=43.92429828643799,43.74833941459656,38.8832745552063,50.43305706977844,39.29638361930847,39.137553691864014,36.88363218307495,45.08757662773132,40.26746201515198,31.783250093460083
----Iteration 3----
memory=211.99609375,224.4765625,233.0234375,237.8984375,243.48828125,248.08984375,250.88671875,256.6328125,259.29296875,260.375
time=41.79036283493042,41.28572225570679,52.67460298538208,43.55192184448242,37.61026310920715,40.30021381378174,46.028926372528076,41.81964349746704,33.234215259552,31.783726930618286
----Iteration 1----
memory=214.7734375,224.40625,232.171875,239.15625,244.41796875,249.109375,250.89453125,257.05078125,260.3046875,260.42578125
time=43.87965750694275,42.12265491485596,47.80559754371643,49.47553491592407,42.202622413635254,35.24648594856262,40.59565234184265,51.0049409866333,34.79294466972351,24.300559997558594
----Iteration 9----
memory=260.5,260.6953125,260.91796875,261.30078125,261.421875,261.41015625,261.53515625,261.66796875,261.64453125,261.6484375
time=19.900003910064697,9.50704026222229,13.740423917770386,12.405915260314941,8.7488694190979,8.759812831878662,10.544040441513062,8.59798264503479,8.596131563186646,10.001847982406616
----Iteration 8----
memory=260.3359375,260.7265625,260.90625,261.3828125,261.3203125,261.41015625,261.55859375,261.53515625,261.640625,261.64453125
time=26.86376690864563,11.376310586929321,13.589909076690674,12.273591756820679,10.609378814697266,8.316474676132202,10.327911376953125,8.444681882858276,10.403016090393066,8.934489488601685
