----Iteration 5----
1,433;114,340;276,180;69,414;
48,621;86,600;105,584;113,519;126,475;132,462;194,421;258,399;511,271;
255,626;267,551;393,536;412,520;420,494;513,325;531,247;
255,626;-87,744;-126,762;-60,688;-37,679;223,641;376,611;405,568;437,564;472,521;488,486;523,448;581,391;625,363;
-87,744;-126,762;63,703;168,686;342,678;429,676;503,674;625,591;680,492;781,460;
503,674;625,591;-56,780;34,760;41,745;486,708;534,639;576,600;659,538;712,518;795,482;774,486;816,432;808,462;
625,591;576,600;712,518;816,432;808,462;1,822;7,806;39,779;47,766;528,718;552,641;677,545;685,519;802,495;867,405;859,413;
816,432;808,462;1,822;7,806;528,718;677,545;802,495;867,405;859,413;-39,829;98,782;429,742;563,696;586,645;592,600;671,587;740,530;667,598;786,526;886,373;888,313;
816,432;808,462;802,495;867,405;859,413;-39,829;667,598;786,526;886,373;-69,869;5,825;467,824;500,749;522,748;532,722;578,705;585,694;592,659;746,595;779,564;931,336;903,351;939,328;958,296;
816,432;808,462;802,495;867,405;859,413;667,598;786,526;-69,869;467,824;500,749;522,748;578,705;585,694;592,659;746,595;779,564;931,336;939,328;958,296;50,865;105,838;358,828;564,725;591,671;626,657;658,600;761,575;814,455;923,353;897,375;894,385;952,298;963,230;
808,462;802,495;859,413;467,824;500,749;522,748;746,595;779,564;931,336;939,328;958,296;50,865;564,725;814,455;923,353;897,375;894,385;952,298;963,230;24,869;121,860;410,854;450,833;496,781;538,742;588,718;599,683;629,660;654,648;715,643;729,628;768,581;786,563;858,454;867,410;915,361;
----Iteration 6----
-10,368;267,111;-176,413;170,282;180,186;
-162,624;-142,615;-78,595;-38,592;45,591;317,342;298,366;277,435;457,136;516,59;
4,640;24,624;52,599;326,573;318,576;354,515;423,504;430,485;478,423;487,345;588,190;583,209;
326,573;318,576;423,504;430,485;478,423;588,190;583,209;4,650;-8,679;55,640;80,603;144,578;381,526;437,453;488,404;551,360;510,381;565,317;624,126;
296,681;361,645;362,588;369,571;371,558;534,555;537,520;563,469;648,414;601,457;609,442;665,346;735,285;712,332;
296,681;534,555;537,520;563,469;648,414;601,457;170,752;257,737;365,670;385,616;409,561;561,481;543,484;627,453;635,426;686,392;769,335;
686,392;769,335;89,813;157,770;381,768;406,740;435,715;614,701;626,572;629,554;645,523;649,510;662,443;673,422;678,412;733,385;815,196;786,280;
815,196;786,280;139,830;424,801;431,763;453,755;480,741;594,730;637,708;661,667;681,656;706,622;730,615;741,604;771,357;
424,801;93,869;391,835;418,817;617,787;656,751;679,739;685,685;712,650;743,642;754,581;803,568;819,496;838,463;882,394;
617,787;656,751;679,739;819,496;838,463;882,394;421,870;478,836;512,810;533,806;589,794;668,748;694,712;713,707;744,670;810,586;769,605;815,516;881,433;915,390;
617,787;838,463;421,870;744,670;810,586;881,433;915,390;378,898;413,878;538,864;568,830;594,800;637,766;653,758;715,755;728,725;732,708;748,664;780,633;792,631;800,595;829,527;914,413;
----Iteration 3----
230,146;352,-67;135,344;66,363;-97,388;
155,381;312,346;336,319;447,257;422,269;478,158;460,189;450,197;480,129;
237,520;271,478;269,503;348,462;365,414;379,412;391,409;596,307;584,324;573,389;
573,389;374,555;410,537;414,518;520,429;513,482;530,415;623,333;730,284;707,293;778,281;794,259;
513,482;482,605;504,530;500,573;771,364;751,418;715,445;699,481;748,436;705,454;804,300;865,281;867,222;
482,605;500,573;475,617;503,547;544,535;562,532;664,503;751,455;744,484;777,391;758,445;813,364;911,318;
758,445;911,318;457,653;424,682;455,659;464,644;510,633;604,581;655,548;702,539;752,521;790,401;887,368;903,337;
758,445;911,318;424,682;510,633;752,521;887,368;903,337;421,688;484,659;555,631;646,621;713,553;749,540;794,444;818,419;859,376;958,308;
424,682;421,688;646,621;713,553;749,540;366,696;490,677;505,667;564,643;572,623;697,589;726,543;807,526;822,441;915,437;937,436;965,396;997,394;
646,621;490,677;807,526;915,437;937,436;965,396;997,394;345,737;367,724;385,713;426,704;574,673;676,619;745,616;766,556;837,447;943,408;1021,344;1040,328;
915,437;937,436;997,394;766,556;1021,344;1040,328;394,787;411,772;583,729;743,664;714,697;765,651;823,543;856,465;890,449;969,421;1052,265;
----Iteration 1----
15,339;-11,398;-77,404;71,334;316,159;101,190;
149,609;208,594;264,537;284,536;238,574;307,447;345,404;409,340;447,272;453,257;454,221;
149,609;208,594;264,537;284,536;238,574;262,564;383,528;395,524;430,506;413,511;441,435;472,418;521,361;557,288;591,245;573,257;
149,609;208,594;238,574;262,564;557,288;363,551;429,546;437,525;525,449;461,524;514,461;509,462;496,505;553,366;597,259;642,235;
149,609;208,594;363,551;429,546;338,586;440,542;472,528;561,516;591,508;613,296;671,281;749,233;
257,636;369,589;413,561;506,558;546,532;571,519;631,510;779,393;790,392;
257,636;369,589;506,558;571,519;631,510;779,393;790,392;251,676;300,619;468,588;486,574;549,557;680,478;649,498;689,404;837,367;838,325;
631,510;779,393;790,392;251,676;649,498;837,367;838,325;266,639;466,625;552,588;561,583;585,565;598,522;725,480;740,479;759,463;767,438;776,398;831,374;
251,676;759,463;767,438;220,725;432,659;508,641;530,628;575,614;615,570;664,517;713,506;740,502;752,467;761,441;773,414;841,404;870,361;
713,506;740,502;752,467;841,404;870,361;256,735;261,733;175,789;360,713;397,692;468,669;579,658;604,612;643,594;646,574;661,545;668,540;795,465;833,433;820,457;831,440;852,385;
740,502;841,404;870,361;175,789;360,713;397,692;579,658;661,545;668,540;795,465;833,433;820,457;831,440;852,385;173,792;338,749;372,702;469,690;484,680;508,673;612,640;650,612;651,572;737,528;769,495;789,479;896,357;
----Iteration 7----
274,-108;224,331;-73,393;
560,378;568,341;588,334;
588,334;298,539;301,531;393,524;562,500;575,467;
210,588;393,581;607,516;693,440;667,444;708,349;
484,609;520,599;548,598;585,597;618,558;651,547;673,539;751,488;737,529;749,491;804,427;
484,609;520,599;548,598;585,597;264,610;695,587;698,569;752,546;762,522;827,505;864,459;871,421;
695,587;752,546;182,694;142,730;363,653;652,634;656,600;666,598;701,578;785,544;827,543;853,471;879,467;
695,587;142,730;652,634;701,578;785,544;827,543;853,471;879,467;219,709;292,671;569,652;547,653;606,651;676,626;753,557;881,407;
695,587;652,634;701,578;827,543;676,626;168,765;274,761;283,751;336,735;618,687;688,590;811,559;821,554;884,481;886,403;922,382;
695,587;701,578;827,543;676,626;274,761;283,751;336,735;618,687;688,590;811,559;922,382;248,786;390,717;485,705;530,689;637,663;655,653;711,568;781,561;823,555;842,539;888,488;898,432;928,354;
676,626;336,735;618,687;922,382;485,705;530,689;637,663;655,653;888,488;928,354;280,796;302,769;305,750;434,723;445,719;642,658;710,607;740,605;827,564;849,563;903,435;914,403;
----Iteration 2----
354,255;-116,389;176,306;
157,405;254,401;347,320;325,378;384,308;422,247;466,179;476,163;
395,416;397,379;404,352;430,299;427,330;475,235;551,168;624,107;686,67;
395,416;397,379;404,352;427,330;475,235;197,461;425,337;465,314;515,234;554,213;567,202;608,169;724,114;718,138;771,96;
342,522;272,567;198,650;201,574;787,408;769,428;794,366;
342,522;272,567;198,650;787,408;769,428;794,366;257,582;204,608;349,503;488,502;517,456;778,418;793,375;
787,408;769,428;778,418;381,665;385,631;445,627;457,594;529,587;639,549;724,471;885,346;864,381;
787,408;529,587;885,346;864,381;418,704;423,675;494,630;685,576;687,565;694,531;716,513;766,495;778,455;792,404;949,316;
864,381;418,704;685,576;687,565;766,495;778,455;949,316;387,713;531,692;554,674;620,652;666,592;716,543;811,426;886,372;924,350;967,241;
864,381;778,455;949,316;531,692;716,543;811,426;924,350;428,769;474,739;639,682;702,633;757,537;773,496;858,420;902,377;967,253;1001,233;989,244;
864,381;949,316;531,692;924,350;639,682;702,633;858,420;902,377;410,795;469,775;496,762;507,749;513,721;620,690;753,614;793,600;834,550;822,580;850,433;952,299;1024,234;995,273;
----Iteration 4----
-48,353;330,45;207,319;243,258;
-73,597;286,559;266,561;316,468;397,406;404,388;452,239;
286,559;266,561;-294,651;55,634;64,624;207,594;307,541;475,511;516,412;
266,561;55,634;64,624;207,594;475,511;-37,662;263,566;331,560;565,469;609,441;587,442;614,393;
55,634;64,624;207,594;475,511;263,566;331,560;17,714;40,661;122,623;266,565;369,517;638,506;703,491;
703,491;260,720;307,677;318,583;487,577;670,546;738,412;714,460;722,440;
260,720;307,677;670,546;738,412;253,751;294,685;341,665;346,664;392,657;503,621;605,581;673,516;722,499;766,402;737,448;
307,677;253,751;294,685;766,402;60,757;267,729;358,676;660,627;644,663;685,613;696,587;739,519;745,466;819,380;865,345;915,174;885,256;
660,627;644,663;685,613;819,380;865,345;915,174;885,256;383,771;388,730;435,718;453,698;467,688;481,667;653,653;738,599;783,573;807,559;879,287;908,244;
644,663;383,771;435,718;783,573;807,559;384,763;400,732;368,799;371,786;389,757;602,705;607,664;674,659;777,645;852,539;877,454;929,372;906,423;
383,771;807,559;384,763;368,799;371,786;389,757;674,659;777,645;852,539;877,454;906,423;342,802;411,756;671,740;690,647;797,597;866,490;867,467;934,389;943,358;
----Iteration 0----
248,100;104,476;143,311;190,207;
469,310;477,290;
469,310;477,290;340,415;342,347;457,338;507,288;
492,509;508,488;537,445;527,456;577,427;621,339;694,318;741,193;720,264;
492,509;508,488;694,318;600,470;684,467;685,422;787,272;823,153;811,228;
492,509;508,488;600,470;684,467;131,524;820,344;797,429;809,364;823,314;849,192;
492,509;600,470;137,581;542,498;812,468;821,453;906,376;914,258;922,186;
492,509;542,498;821,453;124,643;162,592;279,571;287,550;457,510;791,492;814,478;816,469;826,450;851,406;950,342;941,376;
821,453;791,492;814,478;816,469;826,450;851,406;950,342;941,376;208,687;214,667;233,647;261,636;362,632;378,588;420,567;597,558;659,549;682,512;735,509;818,458;869,405;925,388;1019,280;
821,453;791,492;814,478;816,469;851,406;950,342;941,376;208,687;261,636;362,632;597,558;659,549;682,512;735,509;818,458;869,405;925,388;1019,280;136,695;239,668;372,618;398,606;562,578;662,543;665,525;802,489;829,450;833,430;968,323;
821,453;814,478;816,469;659,549;818,458;1019,280;562,578;662,543;829,450;833,430;302,708;336,665;490,640;498,619;524,600;605,571;613,556;691,535;807,525;817,461;947,419;980,365;1024,198;
----Iteration 8----
67,309;-100,428;352,249;199,277;-36,411;
-286,415;-176,395;-137,373;229,334;339,331;381,254;
434,534;485,519;505,398;580,131;598,121;
434,534;485,519;-142,563;502,458;562,456;594,389;596,272;665,159;679,142;
434,534;485,519;-142,563;-141,535;627,507;632,500;634,465;719,456;720,105;
434,534;627,507;632,500;719,456;-65,641;-52,639;-28,623;45,617;164,580;524,533;673,491;767,395;763,413;769,392;
719,456;673,491;456,693;523,690;525,622;574,577;582,557;603,544;639,533;649,513;671,498;823,436;829,415;
456,693;523,690;525,622;574,577;639,533;332,718;593,561;612,555;666,515;707,514;756,457;744,470;813,455;832,439;
456,693;523,690;707,514;756,457;744,470;813,455;832,439;363,795;379,757;422,720;563,632;568,612;572,603;606,579;587,584;636,562;677,546;712,502;
707,514;832,439;343,817;367,810;481,788;530,770;542,759;571,713;582,625;670,621;698,576;744,509;753,479;800,472;826,468;
481,788;670,621;744,509;753,479;800,472;826,468;403,844;473,819;555,772;604,742;617,715;662,641;704,608;726,599;845,452;887,438;893,393;
----Iteration 9----
365,33;258,129;119,297;-34,308;-70,576;346,80;202,157;
-248,427;-445,519;-453,563;-406,436;109,229;103,248;93,356;30,360;-2,390;198,153;145,223;260,152;280,150;286,137;
93,356;30,360;-445,588;-427,526;-118,468;-33,452;15,431;202,355;256,337;502,177;519,171;538,156;
-370,611;-202,605;-71,511;108,480;156,421;211,399;248,384;605,367;683,247;
-202,605;605,367;683,247;-435,634;-226,625;-133,576;143,558;215,498;236,469;290,420;291,388;647,312;641,336;672,257;840,129;
605,367;-133,576;143,558;647,312;641,336;-263,698;-229,671;-189,627;96,563;171,552;283,517;338,431;390,429;592,402;614,361;640,342;666,282;694,279;735,232;725,252;882,224;886,177;
605,367;647,312;641,336;283,517;338,431;390,429;592,402;614,361;640,342;666,282;694,279;735,232;725,252;-250,711;-186,690;-156,645;71,611;93,593;192,590;211,539;223,531;281,522;299,464;407,406;902,226;919,172;930,154;938,146;955,141;
605,367;647,312;641,336;592,402;614,361;640,342;-186,690;-156,645;71,611;192,590;902,226;930,154;-198,756;-167,669;-89,619;136,596;254,563;299,561;376,478;403,462;457,427;717,295;754,271;868,230;911,214;925,188;969,148;
605,367;592,402;-198,756;-170,734;-131,721;-83,673;-30,659;172,632;220,619;250,587;381,586;404,552;412,504;462,460;474,453;752,365;918,277;869,293;942,259;970,202;995,168;1003,157;
-198,756;-131,721;250,587;381,586;404,552;-147,752;-46,678;224,662;232,632;415,543;454,534;489,497;733,455;808,429;854,406;863,371;907,349;921,320;955,261;1022,233;1061,150;
454,534;489,497;808,429;854,406;863,371;907,349;955,261;1022,233;1061,150;-81,843;37,809;45,721;326,692;300,696;335,683;361,679;377,648;391,605;409,602;428,586;494,477;543,464;790,459;820,427;896,361;921,329;960,251;987,247;1030,195;1039,160;
